179
167
178
159
137
149
157
268
221
188
131
160
189
216
180
110
147
173
162
111
135
164
210
218
279
210
228
226
310
265
216
206
258
188
211
264
228
206
239
189
211
232
173
209
194
198
132
171
213
188
262
161
199
203
244
277
265
322
295
293
248
310
276
237
248
236
216
241
223
316
276
261
285
268
310
281
317
308
287
337
297
267
294
298
258
232
207
201
218
196
155
222
206
208
210
203
153
241
246
214
248
186
289
244
310
218
273
331
225
274
171
238
221
163
167
77
142
141
133
177
228
31
137
161
124
197
99
162
153
141
26
137
128
103
74
116
158
139
111
169
293
275
220
228
221
209
232
298
261
216
231
215
251
258
208
222
225
243
168
189
190
215
312
271
226
324
232
259
153
173
161
138
140
144
163
126
93
109
117
91
101
180
124
136
143
176
137
174
157
144
214
230
184
191
154
229
170
145
119
125
123
141
127
159
175
121
155
169
134
125
167
135
137
154
132
148
161
152
130
129
207
240
154
154
162
176
273
167
146
176
146
191
203
135
116
124
95
191
253
208
193
189
167
137
164
126
246
255
232
213
266
226
238
192
258
210
247
235
227
198
261
244
274
192
220
255
176
203
156
227
233
271
196
270
275
183
218
194
280
201
338
255
301
278
228
197
242
262
265
248
214
202
236
259
253
215
177
273
282
255
186
240
258
193
293
168
280
152
254
265
211
154
209
214
214
207
243
157
170
195
215
190
184
225
219
207
138
157
241
277
163
148
150
183
188
291
269
301
250
266
270
264
236
306
285
248
223
240
182
264
260
220
224
185
227
191
228
172
232
241
199
287
260
263
216
270
220
180
272
250
235
280
277
237
187
196
207
291
223
238
239
261
186
181
250
240
178
183
187
214
251
301
136
130
158
197
163
138
113
250
291
220
253
245
210
259
206
205
238
220
264
274
285
208
275
267
178
272
202
232
212
217
278
210
231
190
236
300
227
234
212
212
231
251
253
219
231
229
211
222
182
236
224
260
216
238
267
234
196
136
199
227
219
193
184
122
226
186
184
180
217
115
120
122
103
118
202
182
165
196
268
266
226
274
275
288
192
106
121
178
209
225
224
108
97
149
179
156
177
80
118
99
86
91
112
106
102
102
238
226
191
226
231
242
90
199
181
161
144
138
132
84
89
80
87
87
81
154
153
138
127
130
154
143
107
139
163
142
124
158
123
107
96
77
95
100
73
62
88
88
118
123
102
89
112
97
93
85
75
95
160
110
86
111
156
108
140
116
123
111
222
128
178
162
214
237
214
110
154
181
183
190
209
106
112
175
162
154
183
162
164
162
209
195
240
272
267
261
214
245
175
201
191
166
208
222
172
261
203
211
205
188
186
191
160
169
137
146
147
178
229
246
206
234
195
205
162
164
148
133
159
159
145
139
131
161
158
132
104
134
122
150
171
143
116
127
139
129
200
169
122
238
162
211
137
206
158
193
235
210
199
89
99
111
138
125
127
122
179
179
154
156
129
116
117
106
185
142
148
262
211
259
200
191
188
111
182
173
189
207
191
130
205
220
220
290
94
142
168
138
107
141
165
150
157
109
162
195
229
200
231
223
206
172
157
214
161
212
224
184
158
217
150
202
169
172
212
166
241
220
212
213
271
266
282
230
325
230
237
234
242
172
214
140
242
215
225
225
233
162
253
235
163
196
179
217
161
208
148
214
255
218
274
203
284
218
200
193
211
186
146
213
220
268
264
175
140
196
250
296
169
176
202
263
210
171
224
228
194
238
216
228
187
258
291
300
277
236
240
217
188
287
311
221
210
197
176
273
208
224
198
162
248
177
156
168
211
175
220
262
187
167
213
114
174
193
189
193
169
130
188
161
161
163
157
164
116
112
126
112
171
172
178
149
288
272
228
272
214
219
167
141
191
212
168
115
140
91
111
193
189
111
139
159
129
119
107
98
159
139
109
117
256
207
210
181
184
174
207
123
158
175
132
158
134
138
155
198
153
176
164
102
112
83
110
92
131
100
133
115
215
197
228
218
278
253
210
167
284
261
279
241
298
204
200
203
191
219
217
162
159
148
180
166
288
259
253
288
266
273
304
264
310
289
300
253
278
243
246
294
252
279
321
239
240
298
263
280
273
295
265
292
232
237
261
281
321
281
285
303
326
279
239
217
191
198
220
228
175
267
232
218
247
247
212
239
207
231
249
200
230
219
236
231
243
241
275
278
246
250
322
225
248
262
264
234
236
268
264
260
255
253
228
227
220
212
215
194
254
252
223
229
310
263
318
245
307
251
242
167
187
204
249
272
225
232
262
257
310
279
248
270
237
214
205
221
263
236
223
251
285
248
258
301
253
294
214
245
276
248
233
276
260
203
202
163
173
196
185
342
247
278
241
240
266
285
267
272
293
296
291
281
287
347
160
174
193
203
212
177
200
190
235
131
163
121
138
202
141
176
136
157
158
218
162
181
177
205
219
200
198
255
192
242
183
124
132
103
123
225
279
189
189
174
213
205
143
142
112
145
185
183
178
202
226
199
209
184
227
224
175
158
116
205
151
202
168
138
59
187
150
126
100
130
133
281
197
201
91
107
124
162
139
136
132
186
191
180
107
169
157
212
211
239
213
164
135
119
97
89
109
124
208
148
140
186
140
126
137
156
215
210
275
225
205
222
193
210
130
174
123
134
133
245
166
205
139
195
158
185
244
152
195
158
158
111
154
103
181
207
172
166
165
181
223
95
82
166
163
147
95
114
101
178
185
171
111
99
110
121
126
118
85
88
125
105
234
164
142
187
154
162
154
93
127
100
132
120
110
181
221
226
223
154
172
221
235
184
177
199
244
241
196
250
255
211
214
236
230
232
239
187
203
205
204
245
244
191
227
238
214
209
241
260
159
231
231
215
192
234
226
245
230
216
212
241
219
279
168
210
257
131
184
147
207
157
195
125
153
101
152
177
116
158
157
212
148
158
126
195
192
159
174
187
241
215
145
41
128
146
182
192
173
75
160
135
163
181
179
77
107
26
99
50
117
153
160
157
131
246
134
191
260
193
224
215
193
244
217
165
198
200
194
203
137
133
168
201
217
195
120
165
201
145
152
142
202
175
187
135
183
147
176
216
209
221
141
181
159
227
231
190
135
179
159
236
206
172
239
196
206
148
182
175
182
236
198
210
196
216
138
133
150
103
142
123
99
189
179
89
126
111
74
167
108
168
140
79
133
156
150
95
161
142
134
200
123
113
244
174
175
123
135
142
120
191
199
116
162
182
136
253
88
122
164
157
85
116
152
139
120
94
79
179
119
171
203
238
240
167
140
159
144
180
181
190
163
184
177
204
149
120
144
138
142
114
160
146
143
165
148
190
214
215
159
138
128
113
111
107
101
211
226
187
200
192
139
260
232
221
196
138
226
256
229
138
215
178
112
241
148
131
227
257
272
199
172
164
184
194
238
213
200
189
167
272
187
163
150
173
205
186
169
181
214
199
186
202
189
174
141
83
116
125
125
101
109
90
157
139
163
97
122
113
80
79
81
49
124
136
107
100
197
139
130
148
157
91
128
151
117
189
165
170
134
134
114
163
182
148
157
158
163
153
116
111
110
132
143
97
180
152
150
163
248
139
132
149
126
222
206
223
229
166
98
120
88
126
98
159
174
120
164
136
174
138
167
158
243
264
263
230
252
264
95
90
99
97
92
87
108
183
256
157
166
181
187
214
185
163
192
160
215
181
217
195
147
245
226
208
173
241
95
154
204
209
207
207
210
137
101
106
83
125
94
157
181
132
183
136
217
206
170
179
209
201
187
184
208
231
227
159
164
200
157
192
237
200
210
244
177
233
212
210
185
153
210
132
160
186
159
173
145
257
207
131
201
158
246
241
212
261
234
233
177
232
233
297
233
245
199
252
253
291
292
211
249
260
232
235
271
289
233
320
245
236
271
329
269
232
191
242
248
295
279
241
230
221
264
297
244
233
252
295
246
247
247
286
239
229
263
219
295
277
220
99
170
207
231
178
179
113
212
183
222
193
200
165
97
111
159
117
162
212
259
243
239
168
176
222
230
208
151
113
96
129
169
113
99
111
82
152
154
102
62
81
91
148
185
127
72
87
74
75
155
108
75
168
110
126
172
138
121
130
116
116
110
166
112
152
171
155
166
141
208
144
115
155
182
138
136
112
197
153
165
259
230
172
194
183
134
204
225
185
209
337
264
174
215
258
249
268
161
198
240
242
136
138
189
210
198
176
229
196
204
240
243
205
232
209
187
171
171
194
185
185
178
145
150
199
160
162
148
142
191
181
182
163
234
212
224
237
207
249
213
223
153
249
245
282
308
166
141
165
137
238
174
127
233
192
205
233
123
127
176
144
221
228
282
210
270
275
212
134
198
181
166
182
161
158
232
167
169
172
173
169
109
126
115
127
144
165
171
174
241
230
232
224
243
218
101
132
97
132
133
92
131
114
93
136
131
122
134
94
165
149
110
161
139
137
133
142
249
172
236
200
286
203
159
215
173
216
168
214
171
178
194
179
159
147
154
170
239
223
177
212
185
173
169
177
333
326
317
289
344
295
193
142
106
157
176
165
214
128
107
121
140
144
136
87
83
95
98
115
114
119
118
112
281
298
183
350
227
216
145
175
145
263
272
286
234
177
114
157
144
139
124
160
197
160
174
151
131
129
152
134
273
253
226
342
277
271
261
256
225
180
156
175
199
260
195
175
139
151
178
250
148
118
119
173
153
124
135
187
196
209
261
248
240
253
304
287
251
287
246
230
247
266
313
252
221
235
235
277
263
257
254
247
228
196
232
219
234
307
257
236
336
252
198
224
183
315
319
233
248
202
179
195
180
160
185
169
224
218
202
191
179
182
176
184
309
238
280
286
251
233
241
150
224
278
221
207
207
134
213
236
211
180
185
127
138
120
114
113
233
244
255
257
279
251
249
266
261
289
195
204
105
161
245
209
242
141
90
131
168
147
169
132
209
245
231
231
101
122
120
121
206
267
205
254
270
266
206
241
182
196
188
167
176
154
271
252
268
262
176
133
149
143
134
135
236
255
251
147
226
223
185
261
163
134
177
186
204
158
214
199
206
277
178
215
234
222
235
199
229
221
200
263
174
206
181
200
239
216
249
276
277
244
155
175
176
191
217
242
236
118
151
119
148
160
188
171
149
179
151
147
169
199
201
184
233
192
192
241
220
254
117
158
91
99
108
101
123
180
116
122
113
84
126
144
194
167
133
193
155
137
102
146
284
208
192
212
192
203
176
95
130
186
185
202
174
121
178
222
153
150
145
139
109
83
86
100
183
148
145
115
199
191
167
226
224
225
238
235
213
174
190
188
222
227
226
198
197
194
190
311
203
215
203
207
180
198
189
182
235
214
172
277
209
222
302
268
266
175
215
230
250
241
218
184
225
261
246
253
156
198
199
205
162
217
193
237
194
194
170
246
214
226
250
196
245
168
230
240
214
283
280
136
206
245
263
217
127
211
236
242
140
200
258
238
209
186
156
305
248
308
177
134
118
202
188
235
217
149
136
211
180
199
206
242
186
194
174
204
173
156
138
168
203
229
232
235
254
248
177
156
140
130
143
126
153
234
265
146
168
168
151
269
209
192
225
196
173
175
190
163
235
226
181
226
172
167
163
178
219
192
181
141
197
102
133
119
132
90
125
235
233
211
169
211
254
205
188
255
265
254
292
178
241
245
170
128
165
203
216
169
232
118
166
149
145
155
130
151
108
101
105
97
175
165
147
128
229
166
180
161
186
151
120
137
100
116
111
108
91
176
129
165
187
106
84
133
212
207
162
114
186
214
210
204
265
175
156
199
160
213
223
212
195
177
192
187
198
264
206
207
235
224
239
212
212
241
220
236
167
240
201
212
187
167
178
262
291
247
163
181
272
258
173
183
225
104
165
165
184
125
142
197
176
140
170
148
258
176
184
186
207
215
223
175
193
179
142
155
99
158
129
182
108
199
169
162
181
150
138
158
171
179
205
144
118
140
118
131
134
225
150
142
115
157
284
267
308
249
213
232
213
318
252
286
247
268
252
258
316
277
309
275
245
239
228
235
299
310
277
279
277
303
219
287
253
263
243
256
241
246
201
190
239
224
240
267
249
244
248
237
242
204
213
200
261
275
258
323
344
287
255
176
229
222
256
245
249
228
277
199
273
259
222
200
206
204
197
199
191
241
233
209
246
236
263
291
259
253
274
219
231
202
213
240
203
248
259
213
227
265
212
200
181
191
213
195
213
238
223
208
296
245
255
250
281
251
225
275
257
264
238
241
223
224
203
166
158
149
180
311
230
218
210
254
228
194
199
258
266
291
260
267
227
234
269
319
254
269
268
288
277
283
282
245
229
223
263
266
262
276
293
254
233
216
224
255
261
279
264
320
228
261
286
196
216
224
244
247
246
214
240
226
238
246
252
176
167
177
179
179
182
198
260
234
251
212
260
254
273
262
214
240
184
221
196
210
236
234
240
176
227
206
199
240
160
200
179
183
152
206
192
213
248
243
244
264
260
306
272
87
78
224
127
104
181
86
56
233
123
101
181
166
93
75
86
93
72
49
56
54
111
92
178
140
96
113
53
119
115
105
131
169
150
27
115
124
127
60
130
97
107
103
121
117
131
155
124
163
239
106
213
132
269
142
127
180
115
227
227
219
222
102
29
122
147
130
139
105
173
192
168
169
112
106
99
101
231
250
253
213
240
281
108
90
56
100
89
91
119
221
71
136
126
157
121
76
149
119
146
100
36
46
77
90
161
175
84
175
80
100
165
181
117
152
125
44
74
138
161
179
182
121
76
86
119
107
58
26
155
122
93
93
176
115
97
178
121
109
149
155
143
103
113
81
127
122
117
112
97
67
134
164
101
152
80
119
103
126
79
137
105
80
158
84
125
81
179
135
186
75
132
127
147
195
230
70
141
139
181
167
79
114
134
187
82
173
143
180
94
92
87
150
161
197
151
93
170
90
126
149
133
75
134
72
135
151
137
73
49
90
85
117
60
96
124
111
79
62
60
134
136
161
154
140
167
230
165
147
151
293
271
163
213
178
241
250
152
215
182
233
198
252
210
240
197
147
141
236
265
236
206
188
147
130
104
128
124
233
187
169
158
159
179
143
197
168
164
209
90
92
88
104
194
235
236
194
204
223
216
216
201
91
153
175
176
182
183
106
178
140
177
192
86
139
171
164
81
136
150
148
113
85
102
133
192
154
176
176
144
130
142
84
100
172
138
121
129
70
86
184
127
127
75
84
111
126
56
76
163
93
129
97
125
97
209
228
228
153
133
108
128
201
275
170
177
140
177
195
147
108
133
112
155
204
120
208
151
122
139
156
292
143
240
265
203
256
217
168
224
293
282
231
277
217
242
246
244
279
225
225
201
233
189
211
272
206
245
247
252
213
234
223
213
185
174
193
150
194
207
191
174
158
162
219
192
184
183
158
219
208
198
175
211
232
224
201
179
168
205
227
218
171
184
202
204
241
229
186
186
181
232
244
186
169
201
230
200
185
185
209
224
167
197
198
203
256
136
136
165
124
127
107
155
134
137
110
134
113
115
145
186
223
198
184
122
189
168
168
169
159
182
264
163
155
131
83
129
82
129
98
95
148
164
176
201
167
171
101
153
118
123
102
93
183
132
149
132
176
139
140
182
150
196
249
74
133
139
157
165
232
78
167
187
141
176
75
136
146
141
196
75
76
76
37
229
193
106
199
121
108
119
121
157
151
136
91
160
103
115
190
141
188
173
135
132
112
90
126
160
134
97
146
250
187
252
157
253
179
142
97
93
126
45
103
90
85
107
126
86
130
98
10
76
2
43
6
100
150
94
133
85
117
107
92
172
83
90
68
100
117
114
110
89
151
91
161
157
139
160
76
112
119
103
100
91
97
111
102
232
192
166
187
174
197
102
76
91
180
171
214
175
102
95
88
113
96
90
87
68
85
80
80
87
97
93
88
169
160
185
158
154
163
113
68
79
98
84
31
71
91
78
104
103
85
82
137
101
83
182
108
102
100
112
192
87
90
123
87
114
109
264
248
101
217
208
209
200
279
100
231
264
237
240
105
192
213
227
187
74
89
82
56
276
300
306
295
297
319
176
239
120
133
119
154
142
205
102
124
101
127
119
114
142
115
155
152
145
113
138
135
263
259
252
241
250
326
75
93
105
92
91
90
97
77
122
142
136
125
116
137
95
79
64
79
146
130
133
160
268
259
235
273
255
266
151
169
141
101
97
67
95
178
150
111
108
81
104
147
104
107
84
100
124
115
98
119
256
223
233
256
281
245
120
184
142
120
140
124
136
180
172
161
174
164
166
165
156
141
150
135
111
126
124
133
156
133
139
231
201
222
161
215
183
246
220
187
192
231
101
163
147
129
135
124
186
166
176
184
153
187
169
157
284
196
214
205
203
289
186
180
136
180
129
143
139
155
93
153
147
147
138
126
145
124
132
121
97
83
79
90
198
214
192
218
197
234
183
169
196
164
205
202
176
259
164
114
153
159
141
177
122
150
139
123
153
152
144
129
205
155
178
240
197
209
212
166
142
181
152
156
151
192
181
257
192
191
175
316
190
252
310
186
187
223
284
162
201
210
168
294
172
214
187
295
248
207
157
144
105
185
171
110
111
84
68
199
152
129
104
80
202
184
171
126
196
189
129
204
155
171
191
124
144
91
119
83
98
87
204
119
158
105
132
117
115
109
99
105
135
184
131
161
171
178
230
178
215
213
278
126
175
75
89
52
38
124
188
75
82
53
44
206
154
159
135
123
106
132
111
101
145
209
182
162
165
215
215
161
182
177
160
222
90
219
337
152
142
143
89
224
126
122
132
83
134
127
122
84
271
252
118
224
119
117
93
119
122
149
98
120
119
189
161
108
88
115
115
217
171
117
141
147
202
142
184
199
143
177
173
169
177
291
223
61
104
75
68
74
78
75
116
87
85
88
86
124
88
80
82
132
152
141
140
171
244
244
153
297
133
138
195
152
129
187
136
188
164
214
192
163
180
163
149
207
138
143
133
117
104
109
99
90
184
251
221
164
190
231
209
225
197
205
238
249
225
234
166
177
208
181
197
214
198
227
215
241
222
246
240
231
347
300
222
304
263
261
194
181
252
195
236
132
152
229
218
167
207
177
203
206
180
199
190
213
192
253
144
174
247
158
174
171
196
243
290
232
259
162
166
166
171
224
274
148
151
143
156
254
132
141
148
149
131
135
135
139
305
259
248
299
293
317
157
205
163
194
222
226
206
243
242
138
213
219
224
194
182
227
214
205
180
223
236
197
225
238
190
319
291
319
99
183
105
155
166
212
166
157
75
109
150
112
215
114
170
205
186
224
95
110
113
112
176
166
182
205
223
187
308
312
237
223
257
240
201
290
256
234
256
266
219
212
232
263
265
200
182
190
201
244
262
281
195
264
197
207
352
240
210
203
250
215
222
262
235
225
266
241
239
282
223
246
264
268
228
234
220
241
275
223
249
255
263
355
226
195
123
178
185
182
199
262
133
130
184
162
169
146
129
176
161
179
93
116
107
110
164
210
218
259
245
274
1
0
3
2
1
1
3
6
2
2
1
2
2
3
1
0
1
1
3
1
1
2
1
1
3
2
1
2
2
3
1
3
2
1
1
1
1
2
1
1
4
1
4
1
1
2
1
3
4
2
4
1
5
6
1
1
2
1
1
2
3
2
1
5
1
2
1
2
2
1
5
7
2
1
0
5
2
1
2
2
0
2
1
1
2
3
3
4
5
1
1
2
1
3
3
1
1
1
3
1
1
0
2
1
1
0
2
2
1
1
2
3
1
3
2
2
1
2
1
0
3
1
2
3
1
2
1
2
2
1
2
4
2
2
10
2
2
1
1
2
0
2
9
1
4
0
2
10
2
2
3
0
1
0
1
2
1
0
0
1
1
2
1
1
0
1
1
1
0
2
1
1
0
3
4
2
1
2
2
1
1
3
1
3
5
2
2
2
1
3
1
3
4
1
2
1
6
5
4
2
4
6
1
3
2
0
2
0
2
1
1
0
1
2
0
1
1
1
0
1
2
1
0
1
1
1
1
1
0
1
1
7
3
3
1
2
2
2
1
1
3
2
1
3
2
1
1
3
3
2
1
2
2
1
1
6
2
1
1
1
1
1
3
1
2
2
1
1
0
0
1
1
3
3
2
1
1
2
1
1
2
3
1
1
1
1
2
3
7
1
1
2
2
5
1
1
6
2
2
7
1
4
0
1
7
2
1
1
1
1
1
6
6
4
1
2
1
0
1
2
2
5
18
4
4
4
2
1
3
1
6
3
2
9
2
5
2
5
8
3
1
1
1
5
2
7
5
6
1
2
1
1
3
1
0
0
3
1
3
2
3
1
2
1
2
4
1
3
2
5
4
2
1
2
0
18
1
3
2
1
1
1
2
2
2
3
4
1
5
5
1
4
5
2
3
1
4
4
1
2
2
3
1
0
1
1
1
5
1
3
3
0
1
3
1
2
8
3
0
1
2
4
1
0
1
30
3
1
1
2
1
1
4
4
1
4
1
2
1
1
4
16
1
1
1
2
1
0
2
2
1
2
2
1
2
1
2
2
2
2
6
4
2
0
1
2
1
2
1
6
10
1
18
3
0
1
2
20
1
1
2
1
2
4
3
3
6
1
1
1
0
2
10
4
9
2
1
3
2
3
7
11
3
1
1
1
2
9
1
13
3
1
2
2
1
4
19
3
2
1
1
1
1
1
2
3
1
2
1
3
1
9
2
3
2
2
2
1
0
4
5
3
1
2
3
1
1
1
4
2
2
3
3
3
4
0
6
2
1
16
0
3
1
2
1
3
1
2
1
1
3
1
8
7
3
3
1
1
2
1
3
3
3
2
1
3
2
6
22
4
2
2
2
3
2
1
3
2
1
0
2
3
1
0
1
0
1
1
2
0
1
1
0
0
5
2
3
2
3
3
2
2
1
5
2
3
1
3
2
3
1
0
1
5
4
0
2
1
1
1
5
2
3
1
1
1
2
2
1
3
1
0
0
5
1
1
2
1
0
2
1
6
0
0
6
5
1
1
1
1
0
1
6
2
1
1
3
1
1
1
4
6
9
1
2
1
1
1
6
3
1
0
2
1
0
0
1
1
0
2
0
1
0
3
4
4
2
3
1
1
1
0
4
4
1
0
3
1
0
1
3
4
2
1
5
2
0
1
3
3
1
1
3
2
1
1
5
8
5
1
9
1
0
1
1
1
2
1
2
1
1
1
1
1
1
1
2
2
0
0
1
1
1
2
3
2
3
1
1
1
1
1
3
4
0
3
1
0
3
1
0
1
2
1
0
1
2
4
4
2
1
1
3
0
2
1
3
1
2
0
1
1
1
1
2
1
0
1
1
1
4
2
1
1
1
1
1
0
2
2
1
2
3
1
2
2
0
2
1
1
1
2
1
1
1
2
1
0
2
1
1
2
1
1
1
2
4
1
1
0
0
1
1
1
2
0
1
2
2
1
3
1
1
1
1
1
3
3
2
2
1
1
1
1
2
0
2
3
3
2
3
0
3
1
1
3
3
1
2
5
1
2
2
0
1
2
1
3
1
1
3
1
1
2
1
1
1
9
4
2
3
2
1
12
2
2
6
2
0
1
0
1
0
0
1
5
1
1
1
1
2
4
50
7
4
2
4
1
2
0
3
2
3
1
0
1
3
2
3
1
1
2
2
1
2
11
3
2
2
1
1
1
2
6
1
1
1
1
0
1
1
4
3
1
2
1
1
1
1
6
2
1
2
2
0
6
1
2
2
1
2
1
1
2
0
3
1
17
5
6
1
2
1
1
2
1
1
2
1
1
19
8
1
2
2
2
0
0
3
1
2
1
3
2
4
1
3
7
4
2
1
2
4
1
1
2
7
1
2
2
3
1
3
4
8
1
5
15
1
1
5
9
4
1
1
4
1
3
2
9
8
2
1
8
2
1
2
0
9
2
1
3
4
1
7
1
7
0
1
5
1
2
4
0
3
1
2
4
2
2
3
1
4
1
1
4
1
2
14
2
2
1
1
2
0
6
11
3
1
1
1
1
1
3
2
2
1
1
1
2
0
2
6
3
8
1
1
1
2
4
4
1
4
0
2
4
1
1
6
2
1
1
2
1
1
0
3
2
3
2
4
1
2
6
4
2
1
2
4
10
1
1
6
3
3
2
3
1
2
7
6
2
1
1
2
3
0
1
4
5
3
3
4
1
1
0
1
1
3
2
6
2
1
3
3
1
3
4
9
1
1
1
1
2
2
5
3
0
1
3
0
4
2
6
5
3
4
2
1
10
1
1
2
3
2
4
0
5
1
5
3
1
1
2
3
4
4
3
1
2
0
2
3
1
2
6
2
0
0
2
4
4
2
1
1
0
2
5
12
9
5
5
2
1
0
1
2
1
1
4
1
2
0
2
3
1
5
8
2
1
1
3
5
1
2
3
4
0
3
4
3
5
8
2
3
0
1
3
3
6
4
5
1
2
1
2
3
6
3
11
3
2
1
1
31
2
1
1
8
2
5
2
2
2
2
1
3
2
1
2
1
5
0
4
2
0
6
3
3
4
1
2
1
2
0
5
2
5
2
1
1
4
1
1
1
3
1
1
1
2
0
4
8
1
3
3
1
1
1
1
14
2
3
4
0
5
0
2
3
1
1
1
7
6
9
9
1
2
1
2
4
15
1
4
6
1
3
5
5
1
2
2
5
1
0
2
0
4
2
4
2
0
1
1
2
3
5
5
2
3
6
1
1
6
7
3
5
2
3
2
4
3
1
2
1
1
1
2
1
3
5
2
7
1
1
3
1
3
1
2
2
1
1
1
3
19
1
2
6
5
1
4
8
3
1
1
5
3
0
1
1
1
1
1
0
2
1
1
1
3
0
1
2
0
0
0
3
2
3
1
1
6
1
1
1
0
2
1
7
3
0
3
16
1
1
1
2
2
2
2
3
4
2
1
0
1
1
0
15
3
1
1
2
5
3
5
2
1
0
2
1
1
1
2
12
1
1
1
1
1
2
1
2
2
4
2
0
2
4
8
2
1
1
4
1
3
3
5
1
0
3
1
0
0
3
7
2
0
4
2
3
3
0
3
1
1
2
0
3
1
1
2
5
0
5
1
1
1
1
3
2
0
4
0
1
1
2
20
9
4
15
11
3
1
4
4
4
1
1
2
3
1
2
1
3
2
1
1
2
2
1
4
2
1
0
1
2
1
2
1
2
1
2
1
1
1
1
2
1
1
13
2
6
1
0
3
3
0
1
1
2
1
0
1
5
0
2
16
1
1
1
3
4
7
3
3
1
1
2
1
3
2
1
3
1
1
1
1
2
1
2
2
1
2
1
2
1
3
4
7
1
2
1
2
3
7
11
1
2
0
0
3
1
3
4
1
1
3
1
2
2
1
1
1
1
1
2
3
1
2
1
2
0
1
1
1
0
3
1
5
1
1
0
1
1
1
1
1
1
2
0
2
1
1
6
0
1
2
1
8
5
1
1
4
1
1
1
5
4
4
1
0
1
0
1
5
2
5
0
3
2
2
4
6
2
1
2
1
1
5
2
6
4
3
1
3
1
1
1
3
1
2
0
4
1
0
3
3
1
2
3
1
1
3
2
1
1
1
1
1
1
1
2
6
3
2
0
1
1
1
3
4
6
2
1
2
1
1
6
4
5
3
0
3
2
1
4
3
1
1
1
2
2
2
1
4
9
3
1
4
1
1
3
6
1
3
1
1
0
1
2
5
1
2
1
1
1
3
2
1
1
3
4
3
1
1
2
1
3
2
3
3
2
1
1
2
1
2
2
4
1
3
0
1
3
1
8
1
1
6
1
3
1
4
9
5
1
1
0
0
1
1
1
2
2
0
1
1
1
0
4
2
1
1
1
1
3
2
4
0
2
1
1
2
2
10
2
1
2
1
1
5
5
3
25
0
1
2
3
1
6
1
2
1
1
2
0
1
9
3
5
1
1
1
1
1
6
1
5
1
2
2
3
3
2
5
3
2
2
2
2
2
1
3
6
1
1
1
0
2
2
2
1
1
2
1
1
1
3
5
2
1
1
2
1
1
1
5
4
27
1
2
2
7
3
2
14
25
1
2
6
2
4
2
5
5
1
1
2
3
1
2
4
3
0
1
2
3
2
2
11
1
0
1
2
1
1
2
1
1
1
2
2
1
3
1
6
20
2
0
3
0
1
0
3
1
2
5
9
0
0
1
21
0
2
3
1
1
2
1
11
2
1
1
3
1
1
1
5
1
0
1
3
1
2
3
4
1
1
1
3
1
1
1
3
6
2
11
1
1
7
3
4
0
1
0
2
1
2
4
2
1
1
1
2
1
1
2
1
1
1
1
1
0
1
1
3
1
2
0
0
0
1
1
2
3
4
4
4
3
17
13
4
3
3
4
1
1
1
0
2
1
2
1
1
0
1
1
1
2
2
1
8
0
0
1
0
1
3
1
3
1
1
0
2
3
5
2
2
1
1
3
17
1
0
1
2
0
1
3
0
1
2
5
2
0
1
30
1
1
2
1
1
1
2
4
1
0
1
3
1
3
1
1
1
1
2
0
1
1
1
1
0
4
1
1
1
2
3
2
3
1
5
2
2
4
2
3
1
2
2
0
1
4
1
4
1
1
2
1
3
2
2
0
1
2
5
3
0
0
0
1
0
0
1
2
2
1
0
4
1
3
1
3
2
0
1
3
3
2
4
1
4
2
0
2
3
2
4
1
1
3
2
1
2
2
8
0
2
2
1
2
0
3
2
1
1
1
1
1
2
7
1
0
1
1
1
5
1
2
4
3
1
0
7
5
1
2
1
0
1
2
1
1
1
2
1
1
2
2
2
4
1
0
2
2
1
2
7
3
1
5
0
1
1
0
0
2
1
1
1
0
0
2
6
1
3
1
2
1
1
2
3
1
3
2
1
2
2
2
2
2
1
0
2
1
0
2
3
2
1
5
3
1
1
1
6
1
5
4
1
1
0
1
2
15
1
4
21
43
2
1
3
2
0
2
1
1
1
2
3
4
1
0
2
1
0
0
2
2
0
1
1
1
0
2
2
1
2
1
1
2
4
7
6
3
1
1
1
1
3
1
2
3
1
4
3
1
1
1
32
1
2
1
4
2
5
10
3
5
2
2
3
2
2
3
2
2
1
1
4
3
0
1
3
1
0
1
1
1
3
5
15
1
1
2
1
1
2
5
3
5
1
3
1
0
6
3
28
1
4
2
2
1
8
1
1
4
0
2
2
1
12
4
9
1
3
2
3
1
2
1
3
2
0
2
1
17
2
3
40
23
2
1
4
2
1
4
2
1
3
1
1
4
2
1
1
2
3
2
3
5
1
1
2
4
1
2
1
4
1
1
1
2
1
5
1
1
1
1
3
3
4
1
4
11
2
1
3
2
1
5
6
2
2
1
1
3
2
7
4
0
1
1
2
2
0
4
12
2
3
1
3
3
2
3
3
0
1
5
2
2
3
6
4
1
3
5
0
4
10
12
3
2
5
1
2
2
8
2
2
2
2
4
2
3
5
3
1
1
2
1
5
1
6
2
4
1
1
1
2
0
3
3
3
0
1
1
1
2
3
15
5
0
1
2
3
0
1
1
3
0
5
3
8
1
1
3
2
2
2
1
3
1
2
2
1
2
1
1
2
2
1
3
2
2
2
1
3
2
1
4
2
2
1
3
4
1
3
2
4
1
5
3
2
2
2
3
3
5
5
4
1
2
3
2
1
0
2
3
2
3
1
1
2
1
2
1
1
1
2
1
1
3
14
3
2
2
3
1
2
3
5
2
1
1
1
5
1
5
3
5
1
0
1
7
2
1
6
2
2
3
1
2
1
4
4
4
1
2
1
3
1
6
2
2
5
3
0
3
14
5
3
0
1
2
0
8
6
3
2
0
0
1
1
1
12
3
0
0
0
1
2
1
1
2
0
1
1
4
3
2
1
1
2
1
1
5
1
1
1
1
2
1
2
0
2
2
1
1
2
2
1
2
4
2
2
2
0
0
1
1
4
1
2
3
0
1
1
1
1
1
0
4
0
0
0
1
2
1
1
2
0
0
0
1
1
1
1
1
1
1
2
2
5
7
1
2
2
1
1
3
1
3
11
2
0
2
1
0
3
1
1
1
1
3
1
2
3
2
4
2
1
3
2
1
1
1
1
3
22
15
1
2
1
2
1
5
2
1
0
1
4
1
1
1
4
3
0
1
1
1
1
2
2
1
1
0
1
1
0
0
1
3
1
1
1
1
4
1
3
1
1
1
2
1
2
1
11
1
2
1
2
1
1
3
6
0
4
1
3
0
2
2
3
1
0
1
3
0
2
2
2
0
0
0
0
0
1
1
2
1
3
1
1
0
1
1
3
0
1
2
5
2
5
7
13
2
2
2
1
0
1
4
5
0
0
0
2
1
2
1
0
0
1
1
2
0
1
1
2
1
1
2
1
1
2
0
1
8
1
4
2
1
1
1
1
8
1
3
4
4
0
1
4
2
1
2
1
1
1
1
6
3
8
6
0
1
0
1
2
4
4
8
0
1
2
8
9
2
1
1
1
3
1
2
3
1
2
5
4
2
1
1
11
1
1
7
6
1
0
3
7
1
0
2
1
1
1
2
7
1
1
1
2
1
1
2
4
1
1
3
2
1
2
2
3
1
3
12
2
1
2
5
5
1
2
2
1
0
1
3
2
2
2
2
3
2
1
2
1
1
3
2
1
1
1
0
4
0
1
1
0
1
1
1
2
1
4
2
4
0
3
1
4
1
1
3
1
1
1
1
2
2
1
2
1
2
1
1
1
2
1
1
1
1
1
2
3
2
2
4
4
3
0
7
5
9
1
3
2
2
1
3
1
1
2
4
2
1
2
14
2
2
2
4
1
3
1
4
1
2
2
2
2
2
1
2
1
1
4
2
1
2
1
3
1
5
2
2
1
12
6
3
3
10
1
3
1
4
5
3
1
2
3
3
1
1
3
6
1
1
1
3
1
3
4
1
0
2
2
4
0
1
1
2
1
1
1
1
1
3
3
1
3
4
4
0
1
3
2
8
7
5
6
2
0
2
1
0
2
1
20
1
0
1
1
1
1
3
4
4
0
1
1
0
2
3
4
2
1
2
1
9
1
5
4
1
0
2
3
5
4
3
0
1
2
2
9
2
0
10
1
0
1
4
2
6
1
2
1
1
1
1
2
4
4
3
0
1
0
0
3
2
4
6
1
1
0
3
3
1
2
1
1
1
1
1
8
6
2
5
0
1
1
5
1
4
4
12
1
1
1
2
2
3
4
6
1
1
0
3
3
4
2
1
2
2
1
2
9
10
1
1
2
1
1
7
7
3
2
2
4
3
1
5
6
5
1
1
6
1
8
2
6
2
2
14
2
6
3
5
1
3
1
2
3
3
2
2
5
2
1
0
1
5
2
5
5
2
3
2
1
1
2
3
3
1
2
2
2
3
2
4
2
1
1
2
1
5
1
5
3
5
1
1
2
1
2
6
6
3
3
2
1
2
1
2
2
2
6
1
3
1
1
3
2
2
1
1
4
0
0
9
7
2
2
1
1
2
2
1
3
3
1
0
0
1
3
5
7
2
2
1
2
23
2
4
1
1
4
2
9
4
2
1
3
1
3
5
5
27
1
1
2
1
4
3
20
5
4
1
2
1
1
4
3
6
1
1
6
1
7
0
4
5
1
2
0
7
4
2
3
2
2
0
0
2
1
9
2
1
1
1
2
2
2
2
4
2
5
0
1
0
3
4
3
0
2
1
1
2
2
1
1
1
3
1
2
4
2
2
3
1
2
2
0
2
8
1
1
1
4
2
2
3
1
17
1
3
2
0
2
1
1
1
1
2
2
2
1
7
19
10
1
1
2
1
1
1
14
0
0
3
20
8
9
0
2
1
4
1
12
23
8
1
2
1
1
1
4
6
7
1
1
1
1
0
2
4
5
1
0
4
1
2
1
3
5
0
1
2
2
1
12
3
1
2
0
2
1
1
3
13
2
1
2
1
2
1
6
3
1
1
1
2
1
1
14
6
1
1
3
2
1
2
5
2
2
2
2
2
1
4
5
3
1
6
0
2
0
2
12
1
1
4
1
3
2
1
15
9
1
0
2
2
1
2
6
3
2
0
1
2
3
6
10
2
6
2
2
4
4
2
2
1
0
2
1
19
6
3
2
0
6
1
0
8
6
6
1
0
1
4
4
16
5
1
4
2
0
1
3
19
5
11
12
6
2
3
2
15
5
1
1
1
2
2
7
9
2
1
1
1
1
3
10
9
3
1
1
1
2
1
7
5
1
3
2
0
1
0
4
9
5
1
0
2
2
1
8
17
4
4
1
6
1
1
12
11
3
1
2
0
0
0
18
3
3
3
0
2
1
1
1
9
3
2
6
4
0
0
2
5
2
1
1
3
1
2
2
3
9
4
5
1
2
0
4
6
2
6
2
4
1
3
4
3
3
10
1
1
1
1
2
0
0
4
1
3
0
1
1
1
1
28
4
1
2
0
3
2
2
3
6
2
2
13
1
2
4
3
4
1
3
1
2
2
1
8
4
2
1
2
2
0
8
2
8
2
1
4
2
2
1
2
3
2
2
0
4
1
4
3
26
1
7
4
1
20
2
7
5
2
6
1
3
0
5
3
4
1
4
2
2
2
7
5
1
1
1
1
3
2
5
3
7
1
17
2
1
2
1
5
4
2
1
5
2
2
2
3
32
6
2
1
1
5
1
2
10
7
2
3
1
4
3
6
9
7
1
2
1
1
1
1
2
5
2
2
1
1
4
1
5
1
4
2
2
3
2
11
5
3
2
1
1
15
4
12
2
1
3
1
0
2
1
7
6
0
2
1
2
1
4
4
3
2
1
2
1
4
3
4
3
2
3
3
2
3
1
3
8
2
3
1
1
1
1
3
3
2
1
2
2
2
7
9
3
2
2
1
3
1
2
6
2
3
3
1
1
2
9
20
7
3
2
1
0
3
3
5
5
1
2
1
1
0
5
13
3
2
2
2
2
3
2
0
10
3
1
3
1
1
7
3
4
3
3
1
1
2
5
2
3
1
0
2
1
1
10
3
1
3
5
4
0
10
14
7
3
1
1
1
1
1
4
9
0
2
8
0
2
1
6
10
1
2
1
3
1
1
9
5
0
3
4
2
2
1
13
8
1
2
2
1
4
2
1
5
1
2
1
2
1
4
3
1
1
2
3
1
0
1
2
7
2
1
2
2
2
3
5
3
13
4
7
0
0
1
2
2
11
0
10
1
3
0
3
4
10
3
2
1
1
2
1
2
2
2
3
1
2
2
0
14
2
0
2
1
1
0
13
8
1
4
0
1
2
1
3
2
4
3
0
1
1
2
4
6
5
3
3
1
1
1
6
2
2
1
1
2
0
1
0
7
4
1
2
2
1
5
6
2
4
10
2
2
0
0
3
2
2
1
2
2
1
3
2
5
4
2
0
0
1
1
5
5
3
2
1
1
1
3
5
7
3
1
3
1
0
4
19
9
2
0
2
1
4
34
10
4
2
1
1
0
2
4
3
2
4
1
0
4
1
11
1
4
0
4
5
3
1
4
3
11
3
1
2
5
2
3
5
1
1
1
3
2
9
5
3
2
1
1
1
1
3
4
5
2
1
0
1
4
2
5
7
1
1
1
0
3
2
3
4
2
3
1
5
3
3
5
7
0
5
2
1
1
6
3
2
1
2
2
3
2
3
4
0
0
2
3
2
7
11
6
5
0
1
1
2
3
5
6
2
1
3
1
1
39
0
4
3
0
1
19
2
15
2
11
1
2
2
1
4
2
1
0
1
1
0
4
3
6
1
4
4
1
4
1
1
9
2
2
1
3
2
14
2
1
0
2
2
1
1
2
4
1
1
1
1
1
1
1
8
2
3
6
0
3
3
5
3
1
1
1
2
1
1
3
2
1
6
3
2
1
4
4
5
2
2
0
0
0
2
1
1
1
6
2
4
3
1
3
4
1
1
1
1
0
15
3
2
1
1
0
0
0
4
5
1
1
2
0
2
1
3
4
1
0
9
12
6
2
20
2
7
1
2
4
5
2
1
3
0
1
2
27
4
1
1
2
1
5
1
5
13
2
1
2
6
4
8
7
2
1
2
2
8
2
6
5
2
4
4
2
4
2
6
3
1
7
4
1
2
2
1
6
1
1
6
2
2
6
5
7
2
2
3
2
1
1
3
2
1
4
1
3
2
2
6
9
2
0
7
2
1
4
3
4
4
3
2
1
2
3
3
7
1
2
2
1
1
6
2
4
2
2
0
6
2
4
6
1
2
2
1
2
2
2
2
5
1
3
2
7
4
2
4
1
0
0
0
15
4
4
2
2
9
0
0
14
1
3
2
2
1
1
3
3
2
0
1
3
1
1
3
4
6
2
6
2
1
3
2
4
2
0
1
1
1
1
9
3
9
1
3
1
1
0
6
9
2
1
3
1
1
1
1
6
1
3
1
1
0
0
1
6
2
2
4
0
0
1
14
16
3
2
1
0
0
0
5
3
1
2
3
1
2
0
2
4
3
3
9
13
1
0
1
1
1
4
2
4
5
1
1
2
3
4
2
7
0
1
2
1
1
3
5
5
1
3
0
0
8
5
4
1
3
1
2
3
4
2
5
1
1
1
0
1
3
3
2
1
1
1
1
2
4
4
6
1
2
2
1
1
5
4
1
3
2
1
0
0
2
4
8
1
2
1
1
2
1
5
1
2
1
1
2
2
1
4
3
1
0
0
1
1
13
2
5
3
1
1
1
1
5
4
3
3
2
1
1
2
3
3
1
10
0
1
1
2
1
1
2
4
2
1
1
2
2
1
3
8
1
3
4
0
1
0
5
6
3
8
0
1
1
7
10
2
2
3
3
1
1
7
9
2
1
1
1
1
3
3
3
2
0
2
1
3
2
1
10
5
1
1
1
2
1
9
2
3
1
5
0
1
1
5
4
1
2
2
3
3
1
1
6
1
1
2
1
2
1
1
1
1
2
1
1
3
13
4
7
2
2
2
1
2
2
0
2
3
2
1
1
2
3
4
2
5
1
4
6
2
2
7
2
4
1
1
3
2
3
1
2
1
1
2
1
2
2
2
2
2
8
8
1
3
6
4
1
0
2
4
1
7
5
2
3
1
2
3
0
6
10
5
1
1
3
1
2
2
3
3
1
0
1
0
1
1
3
3
2
3
3
1
3
2
1
5
1
1
1
4
4
4
4
4
1
5
1
2
2
2
2
9
2
3
2
1
7
2
4
2
4
2
1
1
1
4
3
1
4
1
1
1
2
4
5
3
1
1
7
1
2
0
1
1
1
2
3
3
0
1
1
1
1
1
7
1
2
3
0
2
2
2
1
1
1
0
4
3
4
0
1
1
0
1
11
1
2
1
2
1
0
0
10
2
1
3
2
0
1
0
12
3
1
2
2
0
2
0
1
2
2
1
1
1
1
0
5
2
2
1
1
1
1
0
8
1
2
1
2
0
2
2
1
2
1
3
1
2
1
2
3
1
1
1
2
3
1
0
3
1
1
2
1
3
0
0
2
21
1
12
2
7
3
8
6
0
2
1
2
2
2
2
1
7
2
2
5
1
2
1
2
1
0
2
1
4
5
8
11
1
2
1
3
6
5
5
4
0
1
2
2
4
3
3
4
2
1
0
1
2
13
16
6
0
1
1
1
1
3
3
2
1
2
2
1
5
2
4
5
4
10
2
0
1
10
10
3
1
2
6
2
9
11
3
2
1
2
2
1
7
3
5
2
0
2
1
1
4
3
4
1
1
1
2
3
7
1
5
1
4
1
2
1
4
1
1
1
1
1
1
1
2
0
5
7
1
8
0
4
7
2
1
3
7
4
3
2
2
1
2
5
6
2
5
3
0
1
3
1
1
0
1
21
1
1
4
12
5
10
4
4
1
0
1
3
2
2
5
5
0
1
2
1
1
2
2
9
1
2
1
1
3
13
1
1
1
5
2
2
6
2
8
2
1
1
2
1
3
3
4
3
1
0
2
0
2
4
11
3
1
0
1
1
1
4
2
2
2
3
1
4
4
3
3
0
1
3
3
5
3
6
4
1
8
3
2
9
3
2
2
8
5
9
1
3
2
2
1
3
1
1
2
2
9
4
4
11
10
3
4
2
2
1
2
3
7
5
5
1
1
2
2
4
8
1
1
4
5
3
1
2
4
5
3
2
2
2
1
2
21
3
5
2
3
3
2
4
5
5
2
2
2
3
5
2
4
1
3
3
1
2
3
2
29
14
4
1
2
3
3
3
4
0
3
2
3
5
8
2
3
1
2
1
2
2
1
1
2
1
3
5
0
1
2
0
3
3
2
1
0
26
4
1
0
2
1
0
4
15
5
2
3
1
1
1
1
17
1
0
4
2
1
1
0
6
1
3
2
2
0
0
1
1
8
1
1
0
1
0
2
10
3
2
2
5
4
0
1
7
6
3
2
2
1
0
1
6
3
2
1
1
4
0
1
12
3
1
0
1
5
2
2
7
2
2
3
2
3
2
1
2
2
0
3
0
2
2
1
1
1
1
4
6
9
2
1
0
1
3
4
2
7
2
1
2
2
1
4
2
5
1
2
2
3
3
3
2
2
0
2
4
4
4
2
1
3
2
2
1
2
3
2
2
3
2
5
3
2
1
1
4
2
7
3
2
7
1
1
1
1
2
1
1
2
2
2
3
5
1
0
1
0
9
4
2
1
1
1
4
0
6
4
1
2
3
3
2
3
1
3
5
13
1
2
2
1
2
3
3
3
2
6
1
3
5
6
9
7
2
1
0
0
2
4
1
7
2
1
1
6
2
11
4
1
4
1
1
5
4
2
7
1
11
2
3
4
2
2
3
2
1
1
1
14
25
3
8
1
1
2
1
9
2
26
8
3
2
3
1
5
2
19
6
2
3
2
2
1
12
7
4
1
1
1
1
4
3
7
3
0
1
1
2
2
3
1
2
1
1
1
2
2
4
3
2
3
1
2
2
2
6
2
1
1
1
1
0
4
1
3
3
2
0
2
1
2
5
4
1
2
1
0
3
2
6
2
2
1
1
1
5
5
6
7
2
1
5
1
1
3
3
6
1
1
0
1
3
3
9
26
3
1
1
1
3
3
3
4
2
1
2
1
3
1
3
2
2
2
1
0
3
3
2
3
1
1
0
0
0
3
5
6
1
2
1
1
1
4
2
7
1
1
2
1
2
9
4
7
7
2
3
3
3
3
4
2
1
1
1
1
1
3
1
12
1
2
1
1
0
1
2
3
4
0
1
2
0
2
4
5
2
3
8
1
2
1
11
5
1
1
1
1
0
3
3
2
5
2
1
2
3
1
3
2
1
2
1
2
1
3
1
3
1
1
2
2
1
2
6
2
1
2
2
1
1
3
2
5
4
2
3
0
0
2
3
2
2
1
3
1
0
0
5
1
2
1
2
2
3
1
20
8
4
2
2
1
1
2
1
2
2
0
2
1
14
2
9
1
1
1
1
6
5
12
1
1
0
1
1
2
3
1
1
3
1
2
1
6
6
4
6
1
1
0
2
5
4
7
1
5
2
2
2
2
2
4
1
2
4
1
3
7
3
5
1
1
9
2
2
2
1
2
2
0
2
2
3
3
2
3
2
1
1
2
0
8
2
1
1
3
1
1
0
3
4
1
1
2
1
1
3
17
1
1
6
1
3
1
5
1
1
4
3
2
4
3
1
3
1
1
0
5
5
3
4
2
2
1
0
2
2
2
2
3
1
2
4
4
6
1
4
3
3
2
1
4
2
2
1
2
3
0
1
2
2
2
0
1
1
2
4
3
2
2
2
2
2
1
2
3
5
1
3
1
3
2
1
5
2
4
1
2
0
1
5
2
2
1
1
2
2
1
2
1
6
8
1
1
3
2
2
2
2
5
3
1
1
3
11
1
2
1
1
9
2
2
3
1
2
1
2
2
2
4
1
2
1
1
7
1
1
12
0
1
2
0
5
5
2
7
1
0
1
2
4
1
3
9
1
1
1
1
2
2
0
2
1
1
1
1
3
1
3
9
1
2
1
1
3
1
2
3
1
3
2
2
2
1
8
11
2
3
2
0
2
2
1
5
2
2
1
1
3
3
4
1
3
4
2
0
2
4
3
1
1
2
1
5
8
2
4
2
2
1
2
3
4
3
3
2
0
0
3
5
1
1
1
3
1
2
7
6
3
1
2
2
1
0
2
1
4
2
3
1
1
1
6
4
2
1
4
5
1
1
2
2
2
5
3
1
1
2
1
4
1
2
2
1
1
1
2
10
4
4
1
1
2
1
6
14
8
2
2
3
0
1
3
2
2
1
0
1
0
1
1
3
4
2
5
3
1
1
1
1
2
3
1
1
2
5
2
3
3
3
2
1
0
0
1
3
5
4
2
1
4
2
0
4
7
6
2
4
1
2
3
3
4
6
4
1
1
1
1
5
5
5
2
3
2
1
1
2
1
2
2
0
4
1
1
2
2
2
2
2
2
1
2
3
2
5
3
1
2
3
2
6
6
4
2
1
1
1
0
3
3
1
1
2
2
1
3
2
4
1
2
16
1
2
1
1
2
0
2
2
1
1
0
1
3
1
4
5
1
2
1
2
4
5
1
1
0
2
2
2
2
5
4
3
3
3
0
1
1
2
2
2
0
4
0
1
1
2
2
1
1
1
1
1
2
2
1
1
3
4
1
2
2
1
4
2
3
3
2
2
2
2
2
1
1
1
0
2
4
13
5
1
1
1
2
4
4
2
4
1
1
1
0
1
2
2
1
2
3
7
1
1
4
3
1
1
3
1
1
4
7
1
1
1
2
2
6
4
4
4
0
1
3
1
2
7
5
2
1
1
6
3
2
2
3
3
1
1
4
1
1
2
5
8
1
2
3
3
1
10
2
3
1
1
2
6
1
3
7
2
3
1
3
2
2
2
2
4
1
1
1
4
2
5
13
7
2
1
3
15
2
5
10
3
2
1
3
3
4
4
8
11
17
12
1
2
8
0
1
2
2
4
1
0
0
1
0
3
0
3
4
6
1
1
4
7
4
28
9
1
3
0
2
4
2
3
6
8
1
3
3
1
1
2
2
1
0
0
1
4
4
12
3
2
1
1
8
9
3
2
2
2
14
3
2
2
5
4
1
1
4
1
4
2
3
2
1
2
2
1
3
2
2
5
0
0
0
1
2
1
2
6
2
2
0
0
10
1
3
1
3
1
1
3
2
2
1
1
1
1
3
2
6
6
3
0
2
3
25
12
7
3
0
2
4
3
8
10
5
1
2
2
8
1
8
2
4
2
1
1
5
6
5
5
1
1
11
2
2
10
41
23
2
2
7
13
3
2
9
6
3
2
4
3
3
22
1
1
1
2
4
3
1
2
4
5
1
3
5
2
0
1
0
1
5
3
3
3
8
2
2
10
12
8
2
1
2
1
1
1
2
2
2
4
11
4
5
1
2
2
18
18
3
4
2
1
0
2
5
5
21
3
2
1
1
1
3
3
5
1
1
2
7
3
10
7
4
2
2
3
3
5
13
12
1
6
3
8
0
0
6
3
11
1
3
4
1
3
5
6
2
1
1
2
1
0
5
4
1
1
1
0
1
1
2
4
2
1
1
1
2
5
1
3
2
2
1
8
5
1
2
2
1
2
4
3
1
2
1
1
8
14
12
19
2
3
1
1
3
0
9
6
1
1
1
2
2
3
4
1
1
0
1
1
1
6
1
4
1
2
6
2
12
6
2
2
2
2
4
1
0
5
3
10
1
3
2
3
14
2
4
2
1
1
1
0
1
5
0
3
0
3
2
3
1
2
1
1
1
1
0
1
2
10
4
1
1
1
2
3
1
1
1
1
2
2
3
4
1
3
2
8
1
1
4
2
2
2
0
2
2
1
1
20
1
3
1
4
1
0
4
19
2
1
1
1
0
1
3
3
2
1
1
2
2
1
11
12
2
3
2
1
5
2
1
9
7
1
1
2
1
1
5
6
4
6
4
1
0
5
1
2
0
1
1
2
2
1
2
1
2
2
4
2
1
1
9
2
1
4
2
0
1
0
6
15
1
2
3
2
29
4
5
2
4
4
2
1
1
3
10
3
5
5
18
2
1
8
1
6
1
2
2
1
6
2
5
2
7
5
18
2
2
3
5
12
5
2
4
1
1
2
8
2
5
2
3
4
0
0
1
0
2
2
1
2
4
2
2
2
1
2
1
1
1
1
5
1
2
5
9
4
2
2
1
2
2
4
1
3
4
1
3
2
6
1
2
3
20
4
4
1
2
7
3
1
3
4
3
3
3
4
6
2
7
1
27
7
4
2
24
1
5
1
2
1
2
5
2
1
2
1
3
4
3
9
4
2
3
4
5
1
10
14
2
10
1
2
4
2
3
6
4
1
1
2
2
1
5
1
17
1
3
1
3
1
2
4
4
1
2
6
1
1
6
2
3
3
1
2
7
1
8
6
1
7
1
2
2
2
6
7
3
2
1
2
2
4
2
7
1
1
1
0
5
5
3
4
0
2
2
2
1
4
3
5
2
1
1
1
10
7
4
5
3
6
1
3
4
3
2
4
1
2
1
0
2
8
1
5
1
1
1
3
1
3
2
2
2
2
1
2
2
2
2
4
3
4
1
2
1
2
1
8
6
6
1
3
2
1
1
3
4
4
1
2
4
3
1
9
4
10
2
2
1
4
3
5
7
2
2
1
1
4
0
7
2
9
1
2
1
1
2
4
2
9
3
4
3
1
1
6
4
9
2
2
3
1
1
6
10
3
2
0
1
3
2
2
2
2
2
1
1
2
2
7
4
3
2
1
3
3
0
0
1
1
0
0
1
1
2
8
1
1
1
1
4
1
1
1
7
5
2
4
3
2
1
1
4
4
3
2
1
1
1
5
2
2
2
4
1
1
1
2
1
1
5
1
1
2
1
2
4
2
2
1
1
3
2
2
4
1
1
1
1
1
1
2
9
8
3
1
1
1
1
2
1
2
2
1
2
1
2
2
6
8
2
4
1
1
4
9
1
8
3
1
3
2
1
12
3
7
2
1
2
1
1
2
2
18
4
0
1
0
0
6
2
4
2
1
0
3
1
2
18
5
1
4
4
3
2
26
4
3
5
3
0
1
0
1
20
3
1
0
2
4
1
6
3
5
1
2
1
1
1
3
15
2
1
1
1
0
1
1
5
1
13
1
1
0
1
0
1
4
1
4
10
9
1
0
0
3
3
5
8
2
1
1
1
1
1
1
2
3
0
1
2
1
0
2
5
10
1
1
1
1
1
1
5
2
1
0
2
1
1
3
5
3
2
1
0
2
1
2
3
1
0
1
5
1
2
2
4
3
1
1
0
7
2
3
2
10
1
0
1
1
1
6
1
11
6
1
0
1
17
2
0
1
1
2
4
5
4
2
0
1
0
1
4
7
5
4
1
0
1
2
1
1
1
6
1
0
1
0
4
1
4
3
1
1
1
0
1
2
1
9
0
1
1
0
5
3
1
2
1
3
2
0
3
2
0
1
0
2
1
0
3
9
1
2
2
1
1
1
2
4
2
2
0
2
1
2
4
5
2
2
12
1
0
0
3
0
0
10
1
0
2
1
1
1
4
5
7
1
0
1
2
2
1
3
2
1
0
1
1
0
1
2
8
1
1
1
5
0
2
3
6
0
1
2
1
3
1
5
0
1
3
2
0
1
0
1
2
4
3
1
0
1
1
2
1
1
0
2
1
0
4
1
1
4
1
1
2
2
1
3
1
2
4
2
2
0
4
1
1
2
2
1
1
0
1
2
6
1
1
1
0
2
4
1
4
2
0
1
0
1
1
2
2
2
2
1
1
1
2
11
3
2
1
1
1
2
1
5
3
2
1
2
0
1
2
4
3
2
1
2
1
2
3
3
1
1
1
3
1
0
2
7
2
2
2
1
0
1
1
1
2
3
2
2
0
1
1
1
4
1
1
4
1
1
2
2
7
2
1
8
3
1
1
0
8
2
4
2
1
1
2
0
3
3
2
2
4
1
1
5
3
1
4
1
1
1
0
0
3
2
2
1
2
2
3
0
2
7
2
4
2
2
1
1
3
1
2
3
1
2
1
2
3
4
6
2
3
1
1
2
4
1
3
3
1
1
6
1
3
1
1
1
4
4
17
6
2
3
1
1
2
2
2
3
4
2
0
2
3
1
2
2
2
6
1
0
1
1
2
2
3
2
0
2
1
1
2
3
4
1
1
2
2
2
1
4
4
1
1
5
1
3
3
3
3
3
1
2
0
2
6
21
6
1
2
3
0
1
9
0
1
1
1
2
2
4
2
1
2
0
1
1
1
1
2
0
1
0
1
10
2
32
5
2
0
3
1
2
4
11
1
1
1
0
1
2
2
2
3
0
2
1
1
1
2
4
3
1
3
3
5
9
2
7
3
1
1
1
1
5
4
2
4
0
1
0
2
4
7
3
6
1
2
1
1
1
3
1
2
10
7
19
6
1
1
3
1
4
3
12
10
1
1
1
4
3
3
9
4
0
1
2
0
3
5
2
2
6
2
1
1
4
9
8
1
1
8
2
2
2
5
7
2
1
1
2
3
18
3
2
2
0
4
1
1
3
4
1
3
1
0
2
1
3
4
1
3
3
1
1
3
2
1
1
6
1
1
1
1
5
5
1
2
1
1
3
16
5
4
13
6
3
2
1
12
12
7
3
1
1
1
1
8
1
2
3
1
1
2
1
3
6
1
2
0
1
2
1
20
2
3
6
2
3
1
1
2
4
1
8
2
2
1
1
3
1
1
0
1
1
1
1
3
2
1
2
2
1
1
5
1
2
4
1
8
1
1
5
1
2
2
2
5
4
3
1
1
1
4
3
4
1
1
1
0
1
2
2
2
2
4
2
1
4
8
2
1
2
2
2
1
1
5
2
13
2
1
5
3
2
3
13
5
2
0
2
0
4
3
3
15
2
1
4
2
2
3
10
6
1
1
1
1
2
0
2
4
22
1
1
2
1
3
4
1
18
3
1
1
1
0
1
2
9
5
1
2
1
3
2
1
2
4
0
6
1
1
2
2
3
2
0
4
1
1
2
2
3
2
2
0
0
0
3
11
4
4
1
2
0
1
2
4
11
3
2
2
3
1
1
20
7
4
2
1
2
1
4
2
3
7
2
1
3
1
1
1
1
15
3
0
1
2
2
2
2
10
3
1
1
1
2
2
6
11
4
2
16
4
7
8
15
3
0
2
2
1
0
3
2
2
1
1
3
3
0
2
2
2
1
1
3
4
1
2
1
2
1
5
0
1
2
1
1
11
12
2
2
1
1
4
3
27
5
3
2
2
3
2
4
5
12
0
7
1
3
2
1
2
16
1
2
4
2
2
1
6
2
1
2
3
3
1
0
7
17
4
6
3
4
9
1
18
2
1
3
1
4
1
1
7
1
1
1
2
2
1
1
5
4
1
13
2
1
1
1
25
8
4
2
1
2
11
5
7
8
1
3
1
2
6
1
1
1
1
1
4
1
1
13
7
5
0
14
2
2
5
23
17
5
0
6
26
9
2
4
3
4
0
2
2
3
6
5
3
1
1
3
0
1
3
3
3
5
2
2
2
1
3
1
1
16
2
1
1
2
6
3
2
1
7
3
3
35
20
2
1
2
4
1
3
3
3
2
1
2
1
2
7
4
4
2
3
1
1
6
22
52
4
3
44
4
3
1
12
3
22
1
9
4
1
6
3
2
1
1
1
4
0
1
13
6
5
3
1
1
1
1
2
1
2
4
1
5
0
1
1
0
7
3
2
4
4
3
4
1
1
3
1
1
3
1
2
2
6
7
14
2
2
2
2
4
0
13
14
8
1
4
3
1
2
1
6
2
2
2
1
2
5
13
11
3
1
1
4
1
0
1
4
2
1
0
2
1
1
0
7
3
5
1
1
1
2
6
7
2
8
3
2
3
5
8
6
4
10
1
1
1
12
3
13
1
1
0
1
1
5
12
7
2
2
2
6
2
5
1
3
2
0
1
2
1
5
5
3
8
2
1
1
2
8
5
2
3
2
2
0
1
5
5
1
1
1
2
1
1
4
1
1
2
9
6
1
1
2
2
2
1
19
2
3
1
1
1
4
6
19
8
2
0
1
1
2
7
4
3
1
1
1
1
5
4
5
4
2
1
2
1
2
6
8
2
1
1
1
2
2
13
3
2
2
1
0
2
2
2
1
1
2
4
1
1
4
4
9
8
9
2
1
2
8
2
6
10
12
2
1
1
2
1
3
23
4
6
1
2
1
1
2
3
6
0
5
4
0
2
3
9
2
1
2
1
3
1
1
1
4
1
2
1
1
1
2
5
5
2
1
3
3
3
2
11
1
8
2
2
4
4
2
16
7
1
2
5
1
2
8
7
13
4
0
1
2
2
10
8
5
1
0
2
2
1
1
3
11
1
14
4
1
2
5
6
25
4
3
1
4
5
1
4
1
3
0
2
1
2
3
2
2
2
2
4
1
1
2
1
4
2
1
1
1
1
7
11
5
6
6
0
3
2
2
2
3
10
3
1
4
2
2
1
7
7
3
2
5
3
1
1
2
3
2
2
2
1
1
0
9
32
1
8
1
3
3
2
7
5
3
1
4
2
4
3
3
3
2
1
2
1
0
0
2
2
3
2
1
3
1
1
2
1
2
2
2
1
10
23
0
1
8
3
2
0
2
4
1
2
1
1
1
3
0
5
3
4
2
2
2
0
3
2
1
1
1
1
3
2
4
3
1
1
1
6
3
2
8
18
1
2
2
2
0
1
16
1
9
5
3
1
3
0
28
1
4
3
5
4
2
3
4
1
4
2
1
6
7
4
2
3
7
1
1
7
15
12
2
2
4
3
4
1
12
2
6
1
4
2
2
10
1
0
1
1
0
3
0
2
3
1
3
1
1
0
1
9
3
2
3
1
13
2
2
5
19
3
1
1
7
1
5
5
1
4
1
3
6
8
17
1
10
1
2
15
4
11
4
18
2
2
1
2
15
5
1
2
8
4
0
2
1
10
1
2
1
1
2
1
3
4
2
2
2
0
1
2
1
3
5
3
1
1
1
7
2
5
3
1
5
1
10
3
9
1
0
2
1
3
7
5
3
1
2
12
3
1
12
1
1
2
0
3
1
2
8
3
11
2
2
1
4
2
5
3
2
2
1
1
0
3
3
0
0
1
1
2
2
1
2
3
1
3
1
4
2
2
1
0
9
21
7
11
2
1
2
1
8
2
5
5
1
1
2
1
7
7
6
5
2
2
4
1
2
6
7
10
1
0
1
2
2
2
8
2
1
2
1
1
2
1
1
2
1
3
1
3
4
2
3
6
5
1
3
2
2
3
3
6
3
2
0
1
1
2
4
2
5
2
4
1
1
5
0
5
2
2
3
0
2
6
2
1
1
2
0
1
3
5
7
8
1
0
0
0
2
3
2
5
0
2
2
2
2
4
6
11
6
2
3
1
2
3
3
6
5
1
2
2
1
2
7
3
15
1
9
2
1
3
2
6
19
1
8
2
5
1
8
4
3
3
2
1
4
4
6
2
2
1
1
1
2
3
2
1
2
3
0
1
0
4
11
3
4
7
9
4
4
1
1
0
5
4
4
2
6
5
0
4
2
3
2
4
3
0
0
2
11
5
3
3
1
4
6
2
8
3
8
2
2
5
2
0
3
5
3
2
1
1
0
1
6
8
2
1
2
6
1
1
3
4
1
1
2
1
3
3
1
2
2
1
1
1
20
2
3
3
1
1
3
3
3
2
3
3
0
2
1
0
4
8
3
6
1
1
1
1
11
8
1
2
0
0
1
0
4
6
2
5
1
1
0
3
6
1
1
3
0
3
3
1
1
1
2
1
3
1
1
1
6
0
1
2
1
3
3
1
1
0
6
1
2
3
4
4
2
2
1
3
1
4
2
1
3
0
1
3
4
4
1
3
0
1
1
3
3
2
2
2
1
2
8
1
3
2
2
1
1
4
4
2
4
3
1
1
2
1
2
3
1
2
2
3
2
3
1
3
2
2
0
1
1
1
2
1
1
3
1
1
3
1
6
7
3
1
0
2
1
12
6
3
6
5
1
3
7
6
4
3
1
0
2
2
15
1
5
1
1
1
2
1
17
2
2
1
1
2
1
2
3
7
13
1
4
1
0
1
8
2
1
0
2
1
2
0
4
3
5
3
2
1
5
2
0
0
6
4
4
3
1
1
2
1
3
10
1
5
2
1
2
1
5
17
13
3
0
1
1
1
5
17
5
1
2
2
0
1
5
3
0
1
1
4
3
3
2
1
3
3
2
3
2
1
1
4
7
2
7
1
2
5
2
4
2
4
3
4
3
0
4
1
7
2
3
1
2
1
1
2
8
3
5
1
2
3
2
0
3
4
4
1
4
2
2
4
14
4
4
3
1
1
1
1
1
3
5
7
2
3
4
4
1
23
4
1
1
1
0
1
2
2
5
2
1
1
1
1
1
2
1
0
0
1
2
0
1
1
2
1
1
0
1
1
2
4
2
6
2
4
2
1
2
0
4
4
5
4
0
1
3
0
10
7
3
0
1
16
11
1
2
6
1
1
1
2
3
1
3
6
2
1
2
1
1
0
9
0
2
2
4
2
2
1
2
4
2
3
1
3
4
19
6
1
1
2
2
1
2
2
1
1
1
5
2
6
3
2
2
3
1
2
1
2
4
4
1
5
1
3
1
2
4
2
1
5
1
2
2
1
3
2
3
1
1
10
2
11
2
1
3
2
2
3
9
21
20
0
5
1
1
8
2
3
3
2
0
1
0
1
6
1
15
1
3
0
0
1
2
3
6
2
1
0
2
1
26
4
2
2
3
2
1
16
4
1
1
2
7
17
1
1
3
4
3
1
4
3
2
1
1
2
4
2
4
3
2
1
2
0
0
1
3
1
6
1
1
2
1
13
3
3
5
2
3
1
4
2
1
2
2
1
1
8
3
2
2
3
2
1
1
1
2
6
4
3
7
2
1
1
3
2
5
1
3
0
3
1
4
1
2
3
14
4
1
4
0
3
6
3
8
3
0
1
2
2
3
2
10
12
2
1
1
1
3
7
2
2
2
1
3
2
4
4
1
7
1
2
1
1
4
1
2
7
21
2
3
4
1
10
1
5
4
6
5
3
1
1
5
1
3
1
6
2
1
0
4
2
0
4
3
8
1
1
1
7
5
2
0
4
0
3
1
6
3
1
3
2
3
4
4
3
7
1
4
2
2
3
5
5
3
2
6
2
1
1
4
4
2
1
4
3
1
5
3
4
6
1
1
1
2
1
1
1
2
6
4
2
0
7
7
1
0
12
6
3
2
2
3
18
9
2
5
2
2
4
4
1
2
2
1
3
1
2
1
1
6
1
2
3
2
2
2
0
19
1
8
11
6
10
6
7
5
6
4
16
5
5
15
4
2
1
2
1
1
2
7
3
5
7
2
4
1
2
5
1
1
9
4
2
1
2
5
3
23
6
2
2
19
3
22
2
7
4
4
4
2
2
1
1
1
2
1
4
5
2
4
3
2
2
2
2
3
1
6
3
2
3
2
3
5
4
1
4
6
1
1
1
5
4
2
7
1
4
1
2
1
1
4
6
3
3
0
0
1
1
2
1
4
5
0
1
1
2
3
4
5
4
0
4
2
2
2
21
3
11
1
3
1
1
6
3
2
5
1
1
1
2
2
2
0
2
0
1
2
1
3
2
1
3
11
4
5
4
1
1
2
13
7
18
1
1
2
1
2
5
2
1
3
3
1
2
1
8
1
6
2
6
0
4
1
4
2
2
31
3
1
3
1
2
1
3
1
1
1
5
2
4
3
3
2
2
1
1
1
2
1
4
1
2
4
1
2
1
0
3
10
1
6
2
1
1
5
13
3
8
2
1
2
2
1
2
2
1
2
2
0
1
1
0
2
2
1
1
2
2
8
3
21
2
3
6
1
1
0
1
7
3
2
2
3
3
5
0
3
2
3
2
1
2
3
1
4
1
6
1
1
2
4
1
11
12
3
2
2
4
2
4
7
1
2
0
1
3
2
3
2
3
0
1
1
3
2
1
5
19
2
2
1
3
6
1
13
5
9
5
8
3
5
1
1
1
3
2
1
5
2
1
1
2
4
2
1
2
10
1
1
1
0
1
2
7
2
19
4
6
2
3
0
1
1
5
9
3
0
1
1
0
2
7
1
4
2
1
1
1
4
3
2
1
1
1
2
2
3
11
2
4
0
0
2
1
3
4
1
1
2
1
1
0
4
1
1
1
8
3
1
1
2
1
1
10
4
2
4
2
1
2
4
6
3
4
6
6
3
2
2
3
5
3
5
1
3
3
1
1
8
1
5
2
5
3
3
1
2
4
1
3
4
2
5
2
2
4
3
3
0
1
3
1
4
3
0
1
1
3
4
7
1
2
4
1
3
2
6
4
2
2
2
7
3
4
1
1
2
0
15
5
0
1
0
1
2
2
5
1
2
1
2
1
0
8
5
3
1
2
1
3
1
5
3
4
3
9
2
1
1
6
3
2
3
3
3
1
3
1
1
1
3
1
10
1
3
1
6
0
1
2
13
1
5
1
0
2
1
2
1
3
1
1
2
5
1
0
0
1
1
1
4
2
2
1
4
1
2
3
6
3
4
2
0
5
7
6
1
1
1
3
1
2
6
3
2
4
16
16
4
2
0
1
5
5
5
3
3
3
2
1
1
13
6
4
9
3
1
3
1
1
4
5
1
2
2
2
1
3
17
4
2
1
1
2
1
4
5
1
1
3
4
1
1
1
2
2
6
2
1
1
2
2
0
1
7
6
1
3
1
1
2
2
1
6
1
4
1
3
2
4
5
4
1
2
1
3
10
1
1
3
1
0
2
2
8
2
1
3
1
0
1
2
2
1
5
3
1
1
3
2
2
2
1
0
3
1
1
1
2
2
1
1
4
4
3
5
1
1
4
3
2
1
1
3
0
2
1
0
1
4
1
1
1
0
1
1
3
3
2
5
2
2
1
6
3
1
10
6
2
2
1
0
4
2
3
1
2
1
1
2
5
4
4
4
8
7
3
