153
156
182
148
137
174
155
240
194
172
132
164
161
214
191
113
156
164
165
123
158
155
225
225
278
231
232
225
333
259
214
226
269
197
221
290
232
202
239
189
214
237
175
213
196
204
149
181
219
189
283
175
224
210
249
305
269
317
296
276
232
278
260
226
256
238
205
220
227
309
266
243
268
252
311
271
312
302
280
320
290
247
295
299
249
216
207
196
210
186
153
208
206
200
209
211
162
237
233
216
230
189
271
221
276
216
290
310
228
263
176
242
234
170
177
68
150
167
150
181
238
52
147
173
124
228
100
173
168
144
27
151
147
103
69
116
175
162
112
186
271
255
228
206
197
200
241
282
260
218
214
217
236
287
211
213
227
254
188
192
206
230
311
291
217
334
228
262
158
208
180
153
150
158
169
130
99
107
110
88
99
197
139
146
142
180
148
195
156
154
237
229
206
185
165
272
165
135
112
129
121
126
129
166
156
129
153
168
124
119
146
140
127
138
131
149
151
145
147
139
219
256
151
148
181
188
285
166
144
177
142
202
202
142
120
129
104
196
252
205
201
189
156
138
166
123
247
262
229
227
297
228
240
182
263
207
239
230
225
198
268
238
265
195
228
242
156
191
153
217
227
269
195
282
276
186
226
201
275
213
335
271
314
280
226
195
234
278
286
267
229
203
237
258
262
218
178
262
293
255
192
239
258
191
285
167
247
153
282
262
216
159
209
232
222
222
243
155
174
211
222
180
178
233
208
209
137
147
245
296
160
156
146
184
171
291
290
313
249
270
280
257
233
300
286
260
258
240
194
251
270
245
225
202
225
199
211
169
226
246
217
311
275
270
221
261
207
179
254
246
212
292
297
236
194
185
207
295
203
224
209
228
176
176
233
216
179
173
180
208
230
295
139
148
166
201
162
140
113
254
299
222
261
256
222
278
205
215
231
227
270
290
277
206
274
259
183
273
202
232
215
246
300
210
239
188
245
314
224
235
209
223
226
266
260
217
232
239
216
228
189
227
220
258
219
244
277
239
203
130
210
236
233
200
206
119
226
180
185
175
214
109
117
120
102
112
198
187
158
187
264
251
218
269
290
300
190
111
112
180
205
208
211
103
89
154
178
155
181
77
124
100
86
95
105
100
97
102
236
209
179
243
233
240
95
194
188
163
125
121
128
85
93
85
87
84
88
167
135
131
117
129
146
137
112
133
159
120
125
138
114
111
86
74
100
89
59
60
84
97
126
128
100
90
120
88
90
78
78
87
145
95
84
116
153
108
142
104
98
102
230
127
184
165
224
250
223
103
164
191
181
196
193
105
109
174
167
154
179
157
174
161
221
192
243
289
281
260
215
231
173
219
183
162
213
237
179
262
203
223
208
180
189
198
150
171
138
145
156
177
218
242
205
242
203
204
160
163
129
117
149
151
142
145
125
168
155
133
105
134
128
157
182
150
112
125
146
125
202
186
134
244
177
241
131
170
153
167
212
186
187
94
82
107
124
117
127
135
194
168
138
154
128
111
106
100
186
133
144
229
205
244
184
178
188
110
177
163
181
181
166
125
192
213
207
270
92
142
160
134
105
152
159
151
158
107
174
197
235
193
237
240
204
156
149
202
154
228
232
169
148
211
148
205
163
159
207
156
217
207
190
204
275
241
282
221
293
228
220
212
211
169
200
149
237
234
200
210
240
160
240
256
193
220
176
234
160
203
156
218
265
215
266
191
285
228
202
203
207
187
154
212
209
278
268
183
143
197
234
292
176
185
209
264
204
188
223
225
198
234
203
222
184
249
282
304
255
231
235
202
185
297
288
216
198
178
169
274
210
233
198
164
247
175
139
158
209
168
201
261
191
163
218
113
171
179
185
177
171
127
173
164
163
158
166
156
114
111
124
116
174
168
175
156
273
253
231
284
205
214
160
132
187
227
186
142
138
89
119
194
181
126
140
168
129
114
100
93
171
153
126
129
283
224
206
197
184
182
223
150
156
182
136
145
141
144
145
186
143
159
154
104
115
92
106
104
117
90
110
98
211
193
239
213
291
251
221
161
254
235
252
231
280
200
188
189
193
215
208
160
152
147
178
171
254
247
248
268
266
248
276
262
315
274
269
222
251
208
222
263
219
272
294
235
233
282
269
250
270
262
257
300
227
227
250
273
321
252
282
283
308
271
229
215
191
179
224
225
179
256
230
206
243
249
202
231
195
217
258
206
216
207
241
224
229
236
245
277
241
251
295
238
251
253
248
200
229
275
255
245
234
212
209
227
231
218
195
195
256
229
201
228
278
233
308
227
293
232
248
159
193
221
264
266
213
230
242
274
319
288
250
222
254
212
201
227
253
224
219
241
304
259
267
313
261
293
212
228
274
254
233
281
249
200
196
171
170
195
188
294
257
292
260
241
254
270
270
256
308
318
307
300
289
355
159
185
191
208
218
173
202
211
239
142
189
138
155
232
150
197
149
173
162
225
177
184
198
223
240
215
215
256
191
234
194
142
139
105
128
206
280
192
195
175
192
199
141
148
117
142
202
190
188
191
242
215
197
206
229
245
170
160
110
226
156
199
169
142
61
189
150
114
102
126
139
282
188
187
88
99
116
148
147
144
134
190
194
173
104
173
158
214
215
240
217
141
129
110
90
86
97
118
209
144
146
186
144
129
139
159
201
205
257
225
199
206
196
213
124
175
123
134
125
251
161
216
154
195
155
179
245
162
182
147
154
115
147
97
189
201
176
172
168
179
224
101
87
169
181
150
98
112
107
166
189
174
106
99
120
130
135
115
96
98
130
109
223
175
148
193
155
152
144
94
121
97
122
109
109
178
206
214
208
144
160
211
214
178
176
188
231
242
198
253
250
200
198
240
218
222
231
189
196
201
204
221
231
191
215
246
226
211
228
246
166
237
236
223
186
231
218
234
227
206
214
228
215
282
183
226
239
147
188
143
213
159
203
146
169
103
168
165
128
179
163
217
148
160
124
184
206
164
188
192
232
206
152
56
124
149
168
194
173
80
172
149
159
192
192
80
117
33
108
51
127
148
164
165
127
262
147
180
254
194
235
205
189
251
223
153
193
182
187
214
138
125
171
191
221
185
125
170
205
146
152
137
200
161
169
132
171
134
189
229
222
220
140
192
149
238
247
189
141
182
160
244
217
175
240
186
220
145
191
154
171
240
198
208
185
209
138
127
155
98
138
124
84
210
186
84
133
117
65
177
107
175
141
75
133
142
136
94
151
139
126
201
127
109
232
175
183
132
153
155
125
178
185
114
173
183
135
225
85
123
163
156
84
117
146
157
122
97
78
187
130
172
196
245
225
153
132
138
140
181
181
182
162
183
177
207
145
113
135
137
134
109
156
146
136
159
149
185
219
210
164
134
140
112
115
109
99
225
246
183
208
196
138
244
233
207
191
123
218
260
238
135
222
180
109
233
141
124
202
241
241
172
150
157
165
186
219
199
189
195
164
268
168
140
146
156
182
171
168
159
211
204
189
221
181
164
147
83
116
133
126
106
110
97
154
142
162
116
126
120
83
79
78
62
128
133
114
96
179
132
122
148
145
86
120
135
114
175
158
176
126
127
103
150
176
141
148
159
156
136
115
91
105
121
142
89
164
149
136
158
235
144
132
144
140
203
205
229
231
176
103
116
85
120
101
164
161
118
171
149
176
157
183
174
228
262
269
239
254
269
102
90
103
98
91
90
109
173
235
153
167
162
179
223
188
170
189
160
209
170
206
189
149
238
231
198
170
225
90
135
187
179
194
195
189
130
98
99
89
132
95
147
159
140
175
132
196
210
166
190
204
201
175
203
196
230
227
152
171
197
165
191
248
199
212
234
177
228
197
228
174
165
208
137
167
195
162
172
146
252
204
139
187
157
228
239
179
246
220
223
175
224
207
275
219
228
191
234
236
276
275
226
242
240
214
235
258
266
220
284
222
232
273
299
247
218
191
231
235
295
276
249
233
231
256
278
242
230
234
271
243
233
243
259
237
234
247
237
298
294
207
93
166
187
228
170
168
109
206
188
219
176
182
173
104
113
159
108
171
209
254
249
224
162
161
215
214
200
140
111
90
128
168
106
97
99
79
142
140
91
48
79
93
156
188
124
69
85
74
64
164
105
56
175
108
132
180
148
130
134
126
119
121
164
120
161
172
150
182
144
222
143
118
163
189
135
142
116
202
151
178
260
240
177
196
195
137
203
226
185
217
332
275
163
201
253
238
270
164
199
238
234
132
138
183
196
185
175
225
212
207
243
250
231
229
212
181
186
168
211
184
177
170
151
143
232
180
158
166
155
191
177
193
163
236
212
236
228
205
233
215
231
151
252
256
295
307
167
130
164
140
242
175
124
217
187
204
220
117
117
153
133
221
238
275
220
270
281
213
124
192
175
162
173
152
152
211
166
169
167
165
149
108
120
116
118
139
162
156
165
248
242
237
233
251
232
103
132
98
128
134
89
125
119
97
133
131
121
139
98
170
148
113
154
134
147
143
153
250
178
238
209
273
199
158
214
166
212
169
211
173
200
197
183
163
152
164
176
244
222
186
222
195
175
166
177
336
347
317
292
351
303
191
134
115
134
153
141
190
132
107
107
119
125
133
93
82
95
100
115
129
135
131
128
287
288
182
311
215
196
133
164
142
243
246
264
220
169
112
161
146
146
129
150
187
147
166
142
127
121
145
140
269
255
229
334
276
286
262
261
201
183
159
192
188
256
175
183
138
148
178
203
151
111
110
159
149
117
117
177
206
214
267
247
241
246
297
284
249
283
230
218
239
256
305
251
207
213
226
278
261
244
242
238
224
189
217
216
234
284
250
216
310
235
186
213
184
309
320
241
242
202
183
185
175
155
167
171
217
214
191
194
175
183
184
170
312
236
269
293
251
226
239
152
222
281
227
207
190
119
202
221
203
172
159
127
134
120
109
102
233
252
264
241
289
250
223
266
255
269
191
206
107
182
252
208
239
141
83
137
154
136
164
133
204
236
227
228
102
115
117
119
215
282
212
233
254
254
198
237
174
182
183
169
183
153
265
243
271
257
176
136
142
146
134
138
233
235
250
145
198
200
178
245
169
138
165
180
204
143
173
172
176
265
189
225
234
214
227
205
244
225
199
250
172
198
181
197
239
213
252
270
268
234
154
161
162
174
203
240
218
120
141
122
149
163
181
158
143
175
154
151
156
183
190
183
247
205
197
257
226
256
110
145
77
93
105
97
116
178
115
117
113
78
130
147
189
166
133
187
144
136
107
138
274
219
195
219
197
181
169
93
132
181
186
201
187
113
171
223
151
149
161
129
105
82
84
99
183
146
139
120
193
187
173
230
225
258
220
226
208
176
198
185
223
234
211
212
206
192
194
304
202
230
203
216
164
188
168
200
241
207
191
270
239
206
298
252
258
172
200
220
238
236
205
190
216
264
239
246
165
188
202
209
154
193
198
220
205
200
178
243
207
223
230
182
234
167
216
234
202
266
243
134
186
231
232
223
135
204
237
224
131
177
240
216
199
183
143
282
240
273
165
136
120
199
177
230
210
147
135
197
166
191
184
245
180
189
161
201
181
163
135
169
193
213
212
206
241
229
166
155
140
136
142
125
152
223
261
140
158
154
150
245
197
180
205
188
174
181
190
159
238
209
179
220
177
172
167
174
226
199
189
147
207
95
125
120
126
86
126
234
228
217
160
200
246
208
182
267
262
250
288
182
250
224
160
118
159
210
196
159
236
112
154
152
133
141
127
143
109
112
99
95
183
174
145
126
239
176
178
154
172
146
110
117
94
106
102
112
87
160
123
156
182
111
83
129
201
189
162
113
197
223
213
202
271
174
164
200
169
207
217
217
194
189
199
185
206
258
190
199
221
216
234
207
204
232
213
238
157
241
195
218
174
169
162
268
313
234
174
172
258
276
189
172
234
99
176
162
181
117
148
191
189
147
163
152
255
183
165
196
213
204
233
179
205
171
141
156
111
162
135
185
101
195
181
156
191
140
135
168
163
200
215
143
123
162
127
142
142
218
143
151
122
162
266
268
300
247
203
220
214
328
255
276
234
268
252
252
308
257
299
279
233
225
220
247
286
310
277
258
267
306
228
308
264
273
231
266
233
250
191
192
234
227
239
283
251
237
260
232
253
195
222
204
264
293
249
300
319
269
242
183
236
225
255
256
247
229
250
186
253
254
203
189
202
205
216
194
173
239
242
194
237
247
273
300
259
260
262
237
235
249
230
240
232
240
267
213
230
250
228
209
198
191
216
201
209
230
218
225
289
241
263
244
310
246
219
263
256
256
247
235
223
218
197
157
154
147
173
323
228
197
215
249
216
196
200
257
264
287
261
261
244
245
284
327
247
278
259
284
258
299
270
279
224
249
271
252
278
281
303
251
242
199
220
265
268
277
270
316
214
249
311
207
216
228
242
237
241
221
234
239
258
244
240
191
171
177
195
181
187
203
271
235
260
218
254
261
273
264
223
252
202
225
199
225
248
243
262
174
207
217
209
271
160
205
181
191
152
186
190
208
231
237
223
261
244
310
271
95
71
229
132
105
192
91
42
218
119
98
177
159
94
76
85
88
37
40
34
35
102
95
176
138
100
118
68
120
113
91
112
165
149
40
104
117
113
61
122
96
100
98
112
115
124
145
116
156
216
91
201
119
248
134
130
163
101
201
205
221
213
107
17
130
136
137
134
98
166
183
156
161
90
92
91
90
231
229
242
205
251
269
109
82
67
94
88
89
127
212
67
131
125
154
122
73
139
115
136
97
40
37
77
83
140
181
83
156
75
92
149
199
116
161
117
32
61
132
152
174
181
117
76
92
126
127
59
30
153
115
90
87
181
109
94
178
118
109
143
148
151
103
102
80
120
126
125
112
95
66
134
173
98
156
79
126
101
121
95
133
107
88
159
77
125
73
178
120
199
78
142
123
141
176
237
66
143
137
187
159
65
109
122
178
79
188
152
194
91
89
82
155
161
186
143
81
149
85
124
134
138
54
131
70
135
154
140
54
29
82
82
96
57
96
114
101
82
59
50
132
135
149
167
147
159
228
170
154
143
299
263
174
227
184
253
239
153
218
181
236
185
252
205
236
199
134
143
228
258
232
211
185
143
129
106
114
127
242
188
173
161
155
183
132
185
162
154
201
85
87
77
95
185
205
226
161
200
196
199
210
188
95
152
160
167
180
165
104
161
130
165
204
88
138
175
148
80
123
151
123
107
87
100
120
174
151
174
169
142
130
154
88
110
154
125
109
132
81
93
150
123
124
77
82
101
133
81
84
167
106
129
110
141
124
211
235
238
148
125
110
122
212
288
162
181
132
165
198
135
106
129
96
153
189
122
180
144
118
134
156
292
130
233
277
199
240
218
179
214
290
270
213
266
218
220
249
229
274
232
209
183
226
191
206
251
207
226
235
222
205
212
215
206
183
195
199
161
200
201
188
179
169
164
207
178
193
189
163
209
198
208
183
193
232
217
203
175
184
191
212
196
162
178
193
176
235
224
190
193
184
229
239
191
188
191
219
199
184
178
203
233
156
187
196
205
226
135
134
167
126
121
112
163
144
131
112
135
111
115
144
179
212
193
186
119
177
165
175
152
158
189
252
158
161
136
93
132
93
132
102
97
138
160
174
191
175
177
89
158
111
112
96
101
176
120
156
133
162
141
143
195
159
183
255
75
134
143
156
164
222
80
157
173
135
185
78
126
145
149
204
72
79
65
33
204
172
100
191
118
106
117
120
150
141
134
89
159
99
120
174
144
172
159
136
132
114
90
132
150
138
94
154
244
173
249
153
247
168
135
107
94
127
44
101
88
90
112
137
89
130
105
6
95
0
56
22
94
149
96
135
82
106
108
101
172
84
91
68
112
114
118
101
88
141
105
159
158
141
149
86
113
120
106
103
103
108
122
113
205
183
169
182
174
184
99
79
93
195
162
193
217
96
92
90
110
92
100
91
75
86
76
75
86
95
96
93
171
163
175
163
172
178
118
74
82
95
84
31
76
96
88
102
101
88
86
127
106
81
165
105
122
100
111
195
83
105
139
87
109
114
251
241
97
209
209
199
195
250
113
217
249
216
213
99
190
210
209
183
83
93
83
71
275
298
310
278
304
306
193
212
108
135
120
148
130
199
108
141
108
147
124
99
133
114
155
139
139
115
137
126
236
248
251
213
227
324
85
96
110
96
98
91
97
85
121
145
132
123
125
128
92
77
59
78
141
129
133
156
270
227
237
263
253
269
173
173
159
107
98
74
102
200
196
118
118
77
110
175
110
106
85
112
125
112
97
123
216
171
217
245
241
225
127
169
151
124
145
132
140
175
176
167
172
163
162
149
163
130
135
130
111
129
126
145
160
133
137
239
199
219
143
201
165
246
211
182
187
216
95
169
140
114
127
128
195
169
169
180
158
183
165
146
293
193
202
205
189
252
181
182
145
177
135
141
135
173
92
159
165
156
146
139
149
131
134
123
102
84
81
90
197
221
211
219
218
242
186
168
201
151
195
180
169
274
176
115
151
159
147
185
112
141
144
122
147
159
144
137
194
149
168
239
176
186
210
168
153
162
142
147
155
197
196
238
178
197
162
336
193
260
312
195
199
241
296
173
198
218
164
304
172
216
171
291
236
204
159
134
93
184
167
107
108
80
62
196
157
134
109
78
199
185
164
117
204
199
117
212
159
174
164
123
137
90
110
77
88
83
188
112
144
103
121
114
112
104
91
105
137
173
124
146
166
171
228
163
211
181
225
122
151
53
81
44
32
113
161
64
78
54
30
178
144
161
126
123
94
124
99
91
144
194
164
156
183
231
211
163
192
172
152
207
117
220
339
144
138
140
112
224
125
118
131
98
135
127
131
103
247
230
147
218
145
170
100
121
132
159
115
115
129
202
153
105
91
112
116
214
162
133
136
144
195
156
183
189
174
153
174
149
164
257
215
66
100
77
80
69
76
72
114
93
92
86
81
117
84
76
76
119
146
138
133
158
266
236
148
300
144
131
174
173
131
178
134
173
155
229
197
167
176
169
153
216
146
154
141
117
106
113
101
91
194
241
204
178
168
198
189
207
177
173
200
223
200
218
162
167
205
157
196
213
182
211
205
229
212
252
244
222
347
282
224
298
264
264
188
173
242
185
204
125
142
211
213
148
200
168
192
194
168
187
190
213
174
240
152
171
227
169
172
176
204
236
310
235
262
153
159
162
172
247
291
136
138
137
153
259
128
133
142
146
112
120
125
137
272
240
243
282
287
319
178
221
195
211
239
246
221
252
235
130
214
210
219
199
188
232
215
205
178
230
225
195
216
221
172
309
285
303
103
178
121
155
157
208
165
164
132
121
161
110
219
163
173
202
190
225
119
155
135
159
169
164
180
186
219
191
293
294
225
210
239
222
198
300
234
220
239
261
216
201
231
250
268
199
172
177
190
256
263
284
195
265
191
213
356
242
212
207
254
218
217
255
233
231
264
232
237
285
223
240
250
273
225
235
214
225
279
237
256
252
260
343
216
173
116
186
183
185
201
224
133
146
178
166
179
146
127
177
152
172
98
112
109
110
171
224
220
284
279
284
1
1
2
2
1
0
2
3
1
2
1
1
1
1
0
1
1
1
3
2
0
1
2
1
4
1
2
2
2
6
1
3
1
2
1
2
1
1
2
1
2
0
0
3
2
1
5
4
8
4
4
1
1
2
1
0
1
1
1
1
4
2
1
3
1
1
1
0
1
1
10
3
1
0
1
2
2
1
5
1
1
1
1
1
2
2
3
3
1
1
0
2
3
1
6
2
1
1
2
3
4
1
1
2
1
3
3
3
1
3
2
4
1
3
1
2
1
2
1
0
1
0
2
0
2
2
1
0
3
0
2
6
2
1
8
1
0
0
3
1
1
1
8
2
1
1
2
5
4
3
6
2
1
3
2
1
1
1
0
0
0
2
1
1
0
1
0
1
1
1
0
1
1
4
4
2
1
1
1
1
1
1
1
0
5
1
2
1
1
1
0
4
4
1
1
1
4
5
4
3
2
6
0
2
1
0
0
2
1
2
2
1
3
0
0
1
0
0
0
2
2
2
1
1
2
2
1
2
2
2
1
9
1
1
1
1
4
4
1
3
4
2
1
2
2
1
1
4
1
4
1
1
2
1
1
3
1
2
0
0
1
1
1
1
3
0
1
2
0
1
1
1
2
2
1
1
0
3
1
0
2
3
1
1
1
1
1
3
5
0
1
1
1
3
1
2
4
2
1
9
1
1
0
1
4
2
1
1
2
1
1
3
3
3
2
3
2
1
1
2
3
5
14
4
4
5
1
0
3
1
10
3
1
7
6
2
1
3
5
2
0
1
0
2
2
4
9
6
3
1
1
0
4
0
2
1
2
2
2
1
6
1
5
3
3
1
0
3
2
7
3
1
0
2
1
21
1
2
2
2
2
1
1
1
1
1
4
1
4
4
1
1
3
2
1
1
2
1
2
3
1
3
1
1
2
1
1
1
1
5
4
1
1
2
1
1
6
6
0
2
2
2
1
1
3
22
1
0
0
1
0
2
2
5
4
7
1
3
0
2
5
10
2
3
2
1
3
0
1
6
1
3
1
1
2
2
2
3
3
4
5
2
4
1
2
3
1
2
1
7
16
3
21
1
0
1
3
28
2
1
1
1
3
4
5
3
6
1
1
1
1
3
15
5
13
2
1
2
2
2
11
4
2
1
1
1
1
13
1
7
5
1
1
3
2
1
13
8
1
2
3
1
1
2
1
2
1
2
2
2
1
5
1
5
1
5
4
5
1
1
2
2
2
4
3
1
1
1
5
4
3
2
3
3
7
1
6
3
1
11
1
1
1
4
0
3
2
4
3
2
5
1
14
5
1
2
3
2
1
2
2
1
1
2
2
6
1
7
19
5
3
5
2
2
2
1
3
1
1
0
0
6
1
1
2
2
0
0
1
1
0
1
1
1
6
2
1
1
1
1
1
2
1
2
1
4
1
1
2
2
1
0
0
6
5
1
3
1
2
1
2
3
2
2
2
2
1
1
2
4
1
0
0
2
2
1
0
3
0
4
0
4
1
0
4
3
1
1
1
0
1
1
2
3
2
2
1
3
0
1
5
3
3
1
1
0
1
0
3
4
1
1
1
3
0
1
2
3
1
1
1
1
1
0
3
2
1
2
3
1
0
0
2
3
0
1
2
2
0
1
3
3
6
3
3
8
0
0
3
2
2
0
3
2
1
0
3
14
4
1
9
3
1
1
1
2
3
2
1
1
2
0
1
1
2
1
1
1
1
0
1
1
1
1
1
0
5
0
2
2
0
5
2
2
2
1
1
1
3
1
0
1
1
1
1
1
3
2
3
3
2
1
1
0
1
1
1
1
2
2
1
2
2
0
2
1
1
0
1
0
8
3
1
2
2
2
2
1
2
2
0
1
2
2
4
1
1
1
1
2
1
2
2
2
1
2
1
2
2
0
1
3
1
0
1
1
4
1
1
0
1
1
1
1
2
1
1
1
1
0
1
2
1
1
0
0
3
3
2
2
1
4
1
1
1
3
2
2
3
0
1
1
1
3
1
7
8
3
2
12
2
1
2
0
1
5
2
3
1
2
2
1
2
2
1
3
2
7
7
2
2
1
1
1
1
1
4
3
1
3
1
3
0
0
1
3
2
1
2
5
1
1
52
4
5
3
5
2
1
0
4
2
2
3
1
1
2
2
3
0
1
2
5
3
3
11
3
2
4
3
1
1
1
4
2
1
1
1
1
0
0
5
3
2
2
1
0
2
1
5
4
2
1
1
2
5
1
1
2
1
2
1
1
4
1
2
1
8
5
4
1
3
1
1
3
3
3
4
5
4
10
5
4
3
2
1
1
0
1
2
2
0
5
2
3
2
6
5
2
2
1
1
2
1
3
1
1
2
2
3
2
3
2
4
6
2
5
9
2
1
3
5
3
2
1
2
0
2
4
3
9
0
0
4
3
4
5
3
10
2
5
3
6
0
10
1
6
1
2
4
2
1
0
1
10
2
3
2
1
3
2
3
6
2
3
2
1
3
17
3
1
1
2
2
0
7
4
3
2
2
1
2
1
1
1
2
2
1
1
2
2
1
4
3
2
1
1
2
4
6
2
7
3
1
2
2
1
0
2
3
2
4
1
3
1
1
1
1
1
1
6
2
2
3
3
4
1
2
6
3
0
1
4
1
4
2
1
0
1
3
5
4
1
2
1
2
1
4
3
4
2
1
1
1
2
1
1
2
8
7
7
1
3
3
1
2
2
1
9
0
2
1
1
2
1
3
2
1
1
1
1
5
4
8
18
2
2
1
1
4
0
1
2
1
3
1
1
5
0
2
4
2
4
1
7
4
1
2
0
1
1
2
5
1
1
4
1
0
1
3
4
3
1
1
1
1
1
2
11
7
3
7
0
1
1
0
2
2
1
3
0
2
1
2
3
4
2
1
0
1
1
6
3
1
2
2
3
2
3
3
4
4
8
2
1
1
3
1
2
3
4
6
1
1
2
3
1
3
2
4
0
2
1
2
32
5
1
1
3
1
2
2
3
2
1
1
2
0
1
1
1
4
1
8
5
1
3
2
3
2
1
1
0
2
0
6
1
2
1
3
1
1
2
2
1
1
2
1
1
0
1
4
5
1
2
5
1
0
1
1
6
2
2
2
1
2
1
0
3
1
2
1
2
3
6
7
2
2
0
2
2
9
1
10
6
0
1
2
0
2
6
2
1
1
1
2
0
2
3
4
3
1
0
1
4
1
18
3
2
1
7
0
5
5
9
4
4
2
2
4
2
4
2
3
1
1
1
2
1
3
7
2
8
0
0
3
3
2
1
1
2
2
1
1
1
15
2
1
3
7
1
10
6
4
2
2
2
3
0
2
1
4
4
1
1
2
1
1
2
2
0
2
4
3
0
1
7
2
2
1
1
4
1
1
0
1
2
0
7
2
1
3
14
1
2
2
2
3
2
1
3
7
2
5
1
1
0
1
8
0
1
0
1
6
1
7
3
0
1
1
0
1
0
2
11
0
5
0
2
0
1
2
3
2
1
2
1
1
2
7
1
0
2
2
0
2
1
4
3
1
1
1
1
1
3
9
1
1
1
1
3
4
1
3
1
0
2
1
0
1
1
3
3
1
3
1
1
0
1
3
1
1
1
0
3
1
1
21
3
4
14
5
3
1
5
2
2
2
1
1
5
2
2
2
1
2
1
2
2
1
1
1
3
1
1
3
5
1
2
5
2
0
1
1
1
1
3
1
2
1
10
7
5
0
0
2
4
1
1
1
3
1
0
1
3
1
1
8
0
1
2
2
3
4
3
1
1
1
4
1
5
1
3
9
1
1
1
1
2
1
1
3
0
1
2
1
1
3
1
3
1
3
1
1
3
7
19
1
1
6
3
1
0
5
3
2
2
4
0
2
2
1
1
1
1
2
2
4
1
3
2
2
0
1
2
1
1
5
2
5
1
1
0
0
1
1
0
1
1
6
2
4
1
1
1
0
0
7
1
6
2
1
1
1
0
1
1
4
3
2
2
0
1
0
4
2
6
4
0
2
1
1
2
7
1
2
3
1
1
2
1
5
4
4
2
1
2
1
3
4
2
1
1
2
2
1
5
4
5
3
1
2
1
4
1
1
5
1
0
3
1
1
2
7
2
3
1
1
2
3
3
7
4
1
1
2
1
1
5
5
1
2
1
1
0
0
5
3
2
3
1
2
2
3
2
5
6
3
3
2
1
0
1
6
3
3
1
1
5
1
2
11
1
3
1
0
1
3
2
1
2
1
3
3
3
1
4
1
3
2
2
2
1
1
3
2
2
3
1
1
1
2
0
2
3
3
7
4
2
1
2
8
3
2
12
2
2
1
1
1
0
2
1
1
4
0
1
1
3
2
2
3
2
3
1
2
1
2
1
2
1
1
1
5
1
2
4
4
4
3
1
2
2
3
22
1
1
0
4
2
3
2
2
4
1
1
1
1
8
7
5
2
1
2
1
0
2
1
4
5
3
2
2
5
1
3
2
2
2
2
4
1
3
1
4
1
2
0
0
2
5
2
2
1
3
1
2
1
2
4
4
1
3
1
2
1
1
8
3
29
1
1
7
5
3
3
12
12
2
1
7
2
0
2
1
3
0
1
2
3
1
1
6
2
0
2
1
5
0
2
12
3
0
1
4
0
0
2
0
3
2
3
1
1
1
4
10
24
3
2
1
1
0
1
2
1
3
10
10
0
0
1
15
1
4
4
1
1
5
2
18
1
1
7
2
0
0
4
4
3
1
1
2
1
2
1
9
0
1
4
1
0
0
2
5
4
1
7
2
0
7
3
6
1
2
2
2
0
2
1
8
0
5
4
2
1
1
1
1
1
2
1
2
0
1
1
8
1
1
1
1
2
2
1
5
2
6
6
3
5
23
11
3
1
2
1
1
1
0
0
1
1
2
1
1
1
1
1
2
3
6
1
5
1
1
1
1
1
3
1
2
0
1
1
2
2
7
2
2
1
0
2
6
1
0
1
1
2
2
4
1
3
2
2
2
1
1
31
1
2
4
3
1
3
1
5
1
0
2
6
0
3
2
0
1
1
1
2
1
1
1
1
1
2
2
1
1
2
3
1
3
4
3
2
5
3
3
4
1
1
3
0
1
3
2
4
2
2
1
1
1
3
3
0
0
1
2
1
1
3
1
2
0
1
1
1
2
1
0
3
1
2
1
2
1
2
0
3
6
1
3
1
1
2
1
2
1
1
3
0
1
1
1
1
1
3
22
0
2
2
2
2
1
3
3
0
1
1
0
1
3
10
2
1
2
1
1
2
1
2
1
1
1
1
7
2
1
1
0
0
2
1
2
2
5
2
1
1
6
2
1
2
1
2
1
1
0
1
6
3
1
4
1
1
1
1
1
1
1
1
1
0
1
2
6
2
2
2
0
2
1
1
2
2
2
2
0
2
3
1
1
2
2
1
1
0
2
1
3
2
1
3
1
1
3
1
1
2
2
4
1
1
0
5
6
10
2
7
16
36
1
2
3
3
1
0
3
1
0
1
2
5
2
0
4
1
1
1
2
6
1
1
2
2
2
1
2
1
1
2
1
3
9
8
7
2
1
2
1
1
1
0
3
4
7
2
6
2
1
1
32
1
2
1
3
2
8
6
1
1
2
1
1
1
3
4
5
1
1
1
1
2
1
1
2
1
1
1
1
5
3
2
7
1
3
2
2
1
3
6
3
3
4
0
2
1
8
3
27
1
4
2
2
1
6
1
3
1
1
2
1
0
4
5
12
0
2
2
3
1
1
2
2
2
1
1
3
15
2
5
31
24
2
1
3
3
1
2
1
1
1
2
2
6
0
1
4
1
1
2
2
2
2
1
1
3
1
1
1
2
1
1
1
1
2
3
2
2
1
3
2
1
1
1
6
7
2
4
4
8
2
3
8
1
1
1
1
3
2
7
3
1
2
1
1
2
1
2
4
3
1
1
2
1
0
4
4
0
1
4
2
2
4
9
3
1
6
6
1
3
5
10
2
1
3
2
2
2
12
1
5
1
3
2
2
4
7
5
3
0
1
2
3
1
4
1
10
2
3
1
1
1
1
1
5
1
2
1
6
3
4
17
11
1
3
1
4
1
1
2
3
1
10
2
9
1
1
1
2
1
9
1
2
1
2
3
1
2
1
2
2
1
1
1
3
4
8
3
5
2
1
3
2
4
1
2
6
1
2
2
1
4
5
8
2
2
1
3
1
10
4
3
1
4
2
2
3
2
6
2
1
2
2
2
1
1
7
2
1
1
1
2
1
4
7
6
3
2
3
2
1
3
8
3
1
2
2
2
0
4
3
5
1
3
1
5
3
2
4
2
1
3
2
2
1
2
4
4
1
1
2
1
1
6
2
2
3
3
1
1
16
5
1
1
0
2
1
10
3
2
1
0
1
1
2
1
9
1
1
0
1
1
0
1
2
1
0
1
0
5
3
0
1
1
1
1
1
2
1
4
0
1
1
3
1
1
1
2
1
2
2
1
1
2
3
2
4
2
2
2
2
1
2
1
1
3
0
1
0
1
1
2
0
2
1
1
0
2
3
2
1
1
0
1
1
0
1
1
1
3
0
1
2
1
6
4
2
2
1
2
2
2
1
4
5
2
1
2
2
1
3
1
1
1
2
2
1
3
3
1
2
3
1
2
1
1
1
0
1
1
11
8
2
1
1
2
2
3
2
1
0
1
1
0
1
2
3
2
1
1
3
2
4
2
3
1
1
0
0
2
0
0
1
2
1
1
1
1
2
4
5
0
1
2
1
1
4
2
9
1
2
0
3
0
1
4
1
2
5
4
0
1
1
2
2
0
2
1
1
0
4
3
1
1
1
0
1
1
2
1
2
1
1
0
1
1
2
2
2
1
2
2
1
1
8
10
12
3
2
2
1
0
2
3
4
0
0
2
1
1
1
1
3
1
1
2
2
1
2
2
4
1
1
3
1
1
1
1
1
16
4
2
2
3
2
1
5
8
1
1
0
6
1
1
2
3
1
4
1
3
1
2
8
3
2
3
0
1
1
2
2
3
1
6
3
1
1
12
3
3
2
2
1
2
1
1
6
1
2
6
3
0
1
1
11
1
1
9
1
0
2
1
3
1
1
2
1
1
1
1
2
0
2
1
1
1
0
1
3
1
1
3
4
0
1
3
3
1
3
9
2
2
4
8
2
1
4
2
4
0
0
5
3
1
1
3
2
1
1
1
1
0
3
1
1
0
1
1
3
0
1
1
0
1
1
2
3
2
3
1
1
1
1
0
8
2
1
2
0
0
6
4
1
1
1
1
2
0
3
2
2
2
1
1
1
1
1
1
3
2
1
3
3
1
0
2
4
5
2
3
3
0
2
5
1
2
1
1
1
0
2
18
1
1
2
2
0
4
1
4
2
2
1
3
1
3
1
1
0
3
2
1
1
4
1
4
1
2
1
1
2
5
4
1
1
2
3
3
1
2
6
3
1
3
1
2
2
1
1
1
1
1
2
3
1
2
4
3
2
3
4
4
0
5
1
2
1
1
1
1
1
3
3
1
2
7
2
0
1
0
1
10
6
6
2
1
0
1
1
2
3
4
14
0
0
2
1
2
1
6
3
1
0
1
2
0
2
3
1
1
0
5
0
4
1
3
6
2
0
2
6
5
4
3
0
1
3
4
12
2
1
10
1
1
0
3
2
4
2
6
1
1
0
2
2
8
2
4
2
1
0
0
5
6
1
11
0
1
0
2
4
3
3
1
1
0
1
1
5
8
5
2
1
1
0
2
1
3
3
7
1
0
0
1
2
2
2
4
1
0
1
6
3
3
9
3
1
1
0
4
12
13
0
1
2
1
1
4
7
2
0
1
1
2
1
4
4
7
1
2
4
2
4
5
8
3
4
11
0
4
5
3
1
2
2
1
3
1
2
2
7
2
1
0
1
4
3
3
5
1
1
1
1
2
2
2
3
1
2
0
1
3
0
5
4
1
3
1
1
3
1
11
3
4
1
4
2
3
1
4
2
1
3
2
0
2
0
4
1
1
2
1
1
1
1
2
1
1
2
1
4
1
1
6
6
1
2
2
2
0
2
2
2
2
0
0
0
2
4
2
10
2
2
2
3
27
3
1
1
0
3
2
14
4
1
1
4
3
3
4
6
29
2
2
2
1
2
4
23
7
4
2
1
2
2
1
3
4
1
1
3
1
4
0
5
9
2
4
1
6
1
3
2
2
1
2
2
2
1
5
3
1
2
1
2
1
2
1
2
2
4
1
1
1
1
3
2
1
2
1
2
1
2
2
3
1
3
1
1
2
0
1
10
0
2
2
1
1
9
3
1
2
3
1
1
1
2
8
1
2
4
1
1
1
3
0
3
1
2
1
1
4
17
5
1
1
0
3
1
2
17
3
1
5
25
4
9
1
1
1
3
1
14
15
9
2
1
2
1
0
4
9
6
3
1
2
2
2
2
2
2
1
1
4
1
6
1
1
12
0
1
1
5
1
7
3
2
2
1
1
3
1
9
6
4
2
4
0
1
2
6
2
1
1
1
1
0
1
10
5
2
2
2
1
1
1
7
1
3
1
2
1
2
1
6
7
4
11
1
1
1
4
8
2
1
6
1
1
2
4
14
5
2
2
4
2
1
4
4
1
2
1
2
2
1
8
10
3
4
1
2
1
4
1
1
1
1
2
3
7
5
4
4
1
1
0
1
9
10
6
1
3
3
1
5
5
5
2
1
2
1
1
2
12
11
10
7
1
3
1
2
12
5
3
1
0
0
1
9
5
3
4
1
4
1
4
6
7
3
1
1
2
1
4
7
11
1
9
1
2
1
0
10
6
5
2
1
2
1
2
10
7
5
3
1
8
2
1
7
3
3
3
2
3
0
0
9
1
1
2
0
1
1
1
4
7
2
3
3
3
1
1
5
2
3
1
1
1
3
2
3
1
2
4
9
2
3
1
2
3
0
4
4
2
2
4
2
3
1
6
1
2
3
0
0
2
1
3
1
5
2
3
1
2
2
30
4
1
1
0
1
4
3
8
3
1
1
2
1
1
2
3
5
1
2
1
1
2
1
4
4
3
1
1
1
1
2
5
5
5
0
4
2
2
2
1
2
2
0
1
0
1
3
8
12
1
3
3
2
14
1
2
4
1
2
1
2
1
7
2
5
2
2
3
1
2
8
1
2
1
1
2
3
1
5
3
6
0
15
3
1
3
2
3
4
3
1
2
1
3
1
1
27
8
1
2
3
3
1
4
3
3
2
2
3
1
2
4
9
5
2
3
1
3
3
1
2
4
10
3
1
3
3
1
3
0
1
3
1
2
3
7
3
1
1
1
1
11
3
7
5
1
2
2
2
4
2
10
7
2
1
1
1
1
7
6
2
1
1
2
3
3
2
2
3
3
1
1
3
1
1
3
5
1
1
1
2
1
2
1
4
2
2
3
2
3
4
7
2
1
1
0
1
2
1
3
2
2
0
2
2
2
9
7
2
2
1
1
1
3
8
2
4
1
1
1
1
1
5
16
7
1
1
3
2
1
1
1
10
3
2
3
0
1
3
5
2
3
2
1
1
1
8
2
2
3
1
2
2
2
11
2
1
1
0
1
1
5
7
2
2
3
1
0
0
2
4
8
0
2
5
1
3
2
2
7
0
2
2
1
1
1
8
4
1
1
3
2
1
1
22
4
1
5
1
3
6
1
2
3
1
1
2
1
1
4
5
1
1
2
3
2
1
1
2
7
2
1
2
0
1
4
3
2
11
4
10
0
0
1
0
2
7
1
7
2
3
4
0
6
10
4
2
1
2
1
1
1
2
2
2
1
3
3
1
7
2
0
7
1
1
1
13
3
2
4
0
1
1
1
3
2
2
3
1
1
1
0
2
4
2
3
1
2
1
2
14
3
2
1
1
3
1
1
1
6
4
2
1
3
2
1
4
2
2
7
1
1
1
0
3
2
2
2
2
2
3
2
3
2
5
1
1
1
3
1
4
3
4
0
2
1
3
1
7
5
7
2
1
2
2
2
24
6
2
2
2
2
2
26
4
9
1
2
2
1
1
3
3
3
3
1
0
1
1
5
1
5
1
4
2
2
1
4
3
10
1
1
2
6
3
2
6
0
1
1
2
1
12
4
6
1
3
1
3
2
6
5
5
3
4
0
1
6
4
4
2
1
3
2
1
2
1
2
2
1
1
1
7
2
2
12
3
1
4
5
1
1
7
3
3
1
4
2
1
3
2
1
2
1
1
0
1
5
5
5
4
1
1
0
1
3
10
4
1
2
2
2
3
34
1
1
3
0
0
12
2
7
1
3
2
1
2
3
4
3
1
1
1
1
1
6
6
2
1
3
1
2
7
0
1
8
4
2
2
3
2
14
3
1
2
1
2
2
1
2
2
1
1
0
1
1
2
4
7
1
6
1
0
1
3
6
4
0
2
2
1
3
1
1
1
2
1
5
4
0
1
5
6
0
3
1
1
1
5
1
1
2
3
1
1
2
2
3
1
1
0
1
1
1
6
1
2
0
2
1
1
2
10
7
4
2
1
0
1
1
5
1
1
2
14
14
9
2
16
1
5
3
2
2
15
1
1
2
1
0
1
19
6
1
1
5
1
3
2
3
17
0
1
5
4
3
4
6
1
1
2
1
8
2
6
5
5
1
2
1
4
2
2
2
0
3
2
3
1
2
2
7
3
1
7
3
3
11
5
4
3
1
1
2
2
3
3
1
4
2
1
1
1
4
3
3
2
5
2
5
1
3
2
4
1
1
3
2
2
3
6
3
1
1
1
3
1
4
1
4
2
4
1
2
6
2
3
1
0
0
1
4
3
2
8
4
1
2
1
2
3
2
3
1
0
1
1
8
3
1
2
1
5
0
1
10
1
5
2
1
1
1
2
4
3
0
1
1
2
1
2
4
6
1
5
1
1
2
2
3
5
1
3
0
0
0
3
7
13
1
2
1
0
1
5
12
2
2
1
0
1
1
2
3
3
2
1
0
1
1
1
2
9
2
3
3
1
3
11
11
4
3
1
1
1
0
4
3
1
0
2
6
2
1
2
3
2
2
7
14
1
0
1
2
2
6
2
3
4
1
1
1
1
1
1
7
2
0
1
1
2
3
5
2
1
4
0
5
7
2
2
1
3
0
2
6
1
3
1
1
1
1
1
1
5
4
4
1
3
1
2
1
2
6
14
2
1
1
1
1
3
3
1
3
2
1
1
1
1
4
6
0
3
0
1
4
1
3
2
2
1
2
2
2
2
2
3
0
1
0
3
1
7
2
4
4
1
1
3
0
4
5
5
2
2
1
2
1
0
2
1
10
0
2
2
3
1
2
3
10
1
2
1
1
2
2
4
11
1
3
2
1
1
2
5
5
3
7
1
2
1
4
10
3
1
1
1
0
1
5
8
2
2
2
2
0
3
3
2
3
1
1
1
7
0
2
6
3
1
2
0
1
0
9
5
2
1
1
1
1
2
2
2
3
1
4
2
1
1
1
6
2
0
3
6
1
1
1
1
2
4
1
3
5
9
7
7
1
3
1
2
0
3
0
1
2
2
2
2
8
3
4
3
6
2
1
8
5
4
4
3
3
2
1
2
1
2
1
4
1
1
3
3
1
1
1
5
2
4
5
3
2
7
7
1
2
2
4
1
3
2
2
2
1
0
4
0
2
3
6
3
4
1
1
2
2
2
2
2
1
1
1
1
1
3
3
2
2
1
1
6
1
1
3
2
3
1
2
6
2
5
2
3
4
1
3
3
2
2
2
1
2
2
1
10
3
3
0
3
2
1
3
1
5
2
2
3
1
1
1
1
2
2
1
1
2
4
1
2
1
2
3
1
1
7
2
1
0
1
1
1
0
6
0
1
4
0
2
1
2
3
0
1
0
3
2
0
0
0
1
1
0
7
2
1
1
2
0
0
1
11
4
1
2
2
0
2
1
15
2
1
2
2
1
2
0
3
2
2
1
0
1
0
1
3
2
1
1
1
0
1
1
6
2
2
0
1
1
1
1
0
3
2
2
1
2
0
1
4
0
0
1
1
2
1
1
5
1
2
2
2
2
0
1
1
17
1
2
0
3
5
6
7
1
4
0
1
1
1
3
2
8
1
3
7
1
1
0
1
2
0
0
4
5
7
13
6
0
2
1
1
6
2
2
3
0
3
0
2
3
2
3
3
2
2
1
1
2
10
15
2
2
4
0
0
3
5
2
1
1
2
1
2
2
4
5
1
1
12
4
1
1
10
14
3
0
1
6
1
8
4
2
1
1
2
2
1
5
10
3
1
1
1
0
4
2
1
3
1
1
1
3
1
5
1
5
2
4
2
2
2
2
0
1
2
3
0
3
3
1
1
4
9
2
4
1
2
7
2
1
2
11
2
3
3
1
2
1
2
2
0
5
1
0
1
0
1
1
0
4
33
0
2
2
3
6
11
3
5
1
1
1
1
2
3
3
3
1
3
2
1
2
3
2
12
2
2
0
1
2
4
1
2
1
4
0
2
3
1
8
2
1
1
2
1
1
1
1
7
0
1
1
0
3
4
14
3
2
1
0
3
1
4
1
7
2
5
2
5
2
1
2
3
2
2
2
3
1
14
2
2
12
6
1
2
1
1
8
6
8
7
5
1
2
2
1
3
3
3
1
2
3
4
2
6
16
3
2
4
2
4
1
3
10
5
7
1
0
1
1
4
5
2
2
4
3
1
1
3
2
6
3
4
5
3
2
2
17
1
6
2
1
2
0
2
8
6
1
3
1
2
3
3
7
4
2
1
2
3
1
1
30
13
8
4
2
1
3
3
1
0
6
1
1
4
3
1
2
1
1
1
2
1
1
3
2
1
4
7
1
1
1
1
1
2
4
1
0
21
2
1
0
3
1
1
0
11
2
1
2
1
1
1
2
10
5
1
2
2
1
0
0
4
2
2
2
1
0
2
0
5
10
3
1
0
1
1
1
8
2
3
0
1
5
0
1
4
2
5
4
1
1
0
0
3
3
2
1
0
2
0
1
19
3
1
0
2
4
0
2
4
2
2
3
2
1
5
1
2
1
1
3
0
3
1
0
1
2
4
2
7
2
2
1
0
5
1
3
2
2
3
1
1
4
1
3
2
1
1
1
0
2
2
2
4
1
1
2
2
1
5
1
2
4
3
1
3
2
4
4
2
4
2
5
2
3
3
2
6
4
6
1
2
5
2
2
1
2
5
1
1
1
4
1
7
0
1
2
1
1
8
5
3
1
1
0
5
1
8
3
2
2
4
1
1
6
1
2
5
19
2
1
1
2
4
5
1
2
1
5
1
2
3
5
9
15
0
3
2
1
4
3
3
3
1
1
1
8
2
12
5
5
5
4
2
4
3
1
6
2
3
2
3
4
3
1
7
0
1
1
3
20
29
1
14
1
2
4
5
3
1
13
6
2
2
2
1
8
5
10
6
1
6
1
4
2
17
8
7
0
2
3
1
3
3
3
5
1
1
2
2
2
2
1
4
2
2
1
3
3
2
1
5
3
1
2
4
0
4
1
5
1
1
1
1
2
4
2
3
3
2
1
2
1
3
2
1
3
1
2
5
2
8
5
2
2
1
0
5
6
2
11
0
1
8
1
1
2
3
4
3
0
1
0
3
1
6
23
1
1
3
2
5
2
5
4
0
2
1
1
3
2
4
4
1
2
2
2
1
3
2
5
0
3
1
0
1
4
3
5
1
3
2
1
1
2
2
2
1
1
1
1
2
11
2
4
3
4
5
2
1
2
3
1
1
1
1
2
2
4
1
7
1
1
3
1
0
2
2
4
3
0
1
3
1
2
6
6
1
2
2
1
3
1
8
8
1
2
1
1
1
1
8
4
3
1
1
2
2
1
4
5
1
4
3
3
2
3
2
3
1
1
2
2
1
2
9
2
2
3
3
2
1
2
1
7
6
4
3
3
2
2
3
2
1
0
1
1
4
1
3
3
1
1
2
2
1
1
20
7
4
1
1
3
2
1
2
0
2
1
2
1
8
1
14
1
0
1
1
5
5
11
3
1
1
0
2
3
4
1
1
1
1
1
1
2
5
2
6
1
2
0
2
7
8
6
2
4
1
0
1
2
2
1
1
1
2
1
3
2
4
6
2
1
4
1
2
2
1
2
2
1
1
1
3
7
3
1
3
2
2
2
1
6
3
0
1
1
2
0
2
6
2
1
1
2
2
1
5
17
2
1
2
2
1
1
3
2
3
3
2
1
4
3
2
2
1
1
0
4
6
5
1
1
2
2
1
4
1
2
2
0
3
1
0
2
9
4
1
3
5
3
1
2
2
4
2
1
2
1
1
0
2
2
0
0
1
3
2
2
1
4
2
3
1
1
3
8
3
1
2
1
1
2
1
1
4
6
2
1
1
2
2
2
4
1
1
1
2
2
0
2
3
5
1
3
2
3
2
1
2
1
2
2
1
2
10
2
2
1
1
6
2
2
8
0
1
2
2
3
3
6
1
1
1
2
6
1
2
7
3
2
2
1
3
2
1
3
2
1
4
2
3
1
4
5
1
1
0
3
3
2
1
2
1
2
2
2
1
2
7
6
1
2
1
1
2
1
2
4
1
4
4
2
1
2
6
8
1
2
2
3
2
3
1
4
1
2
2
1
2
12
7
1
1
6
3
2
3
5
6
3
1
2
0
3
7
1
3
3
4
1
1
2
3
3
3
1
0
0
3
6
1
1
3
1
1
1
5
3
3
2
1
4
1
1
5
2
1
1
3
2
1
1
6
3
3
1
6
1
1
1
2
3
1
5
6
0
1
1
2
1
4
1
2
1
0
1
3
4
5
4
1
1
2
3
4
4
7
1
7
3
1
1
3
1
1
0
4
1
2
1
1
1
3
2
10
3
1
1
2
2
2
1
0
2
3
11
2
1
12
7
2
0
2
2
1
2
5
2
1
2
2
3
1
6
4
5
2
4
2
1
3
2
2
6
1
1
2
1
1
2
4
6
3
2
1
1
1
5
4
2
1
1
2
1
1
3
1
4
3
1
1
1
2
1
4
2
1
1
1
2
1
5
4
4
3
1
0
1
1
3
3
2
1
5
3
1
3
2
3
5
5
12
1
2
1
0
2
0
3
3
4
1
0
1
2
1
3
3
1
1
1
3
5
4
1
1
1
1
1
2
2
2
4
4
1
1
2
0
0
2
2
1
2
3
2
1
2
2
2
1
3
1
3
3
3
1
3
0
3
2
0
3
4
1
1
0
3
1
2
2
8
0
4
1
1
1
1
2
4
6
5
1
1
1
2
3
7
2
2
0
1
1
1
2
1
2
1
0
2
2
3
0
5
2
1
1
2
1
1
3
6
1
2
2
2
2
3
2
6
1
1
2
8
4
1
15
6
4
2
2
2
5
1
2
2
2
1
1
2
2
11
0
3
5
2
1
3
2
1
16
3
7
1
1
2
4
1
1
12
2
1
3
2
3
4
1
2
2
1
1
2
3
2
4
13
3
1
3
3
5
4
3
13
3
1
1
3
1
1
3
5
17
5
12
5
2
6
2
7
4
0
9
3
1
0
0
4
2
1
1
2
4
2
1
3
9
3
21
14
1
1
3
3
9
3
2
5
6
1
3
3
2
1
1
1
1
0
1
4
7
7
11
1
2
1
3
7
3
2
3
3
2
18
3
1
1
5
5
0
3
3
2
3
1
3
3
1
2
2
1
6
2
4
2
2
1
1
0
3
1
3
2
1
0
1
3
15
2
1
4
5
2
1
3
1
2
2
2
1
1
2
2
5
1
5
2
1
5
27
19
2
1
1
1
3
4
8
10
2
1
2
1
6
4
9
4
2
3
1
1
4
5
4
4
2
2
6
0
2
15
33
27
1
2
14
5
4
2
16
8
4
1
2
4
7
10
2
1
0
2
3
1
1
2
4
2
1
3
1
1
0
1
2
2
5
2
4
2
8
4
2
5
11
6
1
0
3
4
2
1
2
1
1
1
5
4
2
2
2
3
19
4
11
3
2
1
0
1
5
6
21
1
4
2
1
0
1
5
3
1
2
3
2
1
15
6
2
3
2
2
0
4
16
14
3
4
2
10
0
1
9
6
8
2
5
2
2
6
3
2
1
3
1
3
1
1
5
2
0
1
2
2
0
2
1
5
1
3
1
2
1
3
1
2
1
1
0
2
6
1
0
1
2
1
1
5
2
1
1
1
6
14
10
14
1
2
2
5
3
3
9
5
1
1
3
2
1
0
3
3
2
1
2
2
1
2
1
3
1
1
1
1
7
9
3
3
3
2
6
2
1
11
6
11
0
6
1
2
8
1
1
2
0
1
1
2
1
2
1
3
1
4
2
3
0
3
1
2
1
1
1
3
4
4
4
5
1
1
1
3
1
2
1
4
1
4
2
2
1
2
1
4
1
2
2
2
4
2
3
3
3
2
2
15
1
4
0
4
3
1
5
13
4
1
1
2
1
1
2
6
1
1
2
1
4
1
6
10
2
2
2
2
2
2
1
7
6
2
1
2
0
1
1
3
4
6
3
1
1
5
2
3
1
1
2
1
1
1
2
1
2
2
7
3
1
1
8
1
1
3
2
0
4
2
4
8
1
0
2
0
36
3
3
2
4
4
2
2
1
10
7
3
10
5
20
2
1
5
3
7
2
4
3
1
3
2
3
1
10
3
17
4
2
3
7
7
7
1
4
1
3
8
7
1
8
1
4
1
0
0
2
1
3
1
1
1
7
2
4
2
3
2
1
1
2
1
2
1
0
6
5
4
1
2
1
2
4
4
2
3
2
3
6
1
3
2
3
8
32
6
2
1
1
5
2
2
2
4
3
1
2
3
4
3
3
3
10
3
5
2
17
1
11
4
2
2
3
4
4
3
3
3
1
2
5
4
5
2
3
3
3
2
2
10
2
1
0
2
7
1
2
4
6
1
2
2
1
2
6
1
11
0
2
3
4
1
4
3
7
2
2
2
1
2
5
2
0
1
1
3
6
3
10
8
2
2
1
5
1
3
4
7
1
1
2
10
1
4
2
3
1
1
0
1
6
4
3
3
1
3
1
1
1
7
4
6
1
4
1
2
8
5
8
8
1
2
1
3
5
4
3
7
1
2
1
1
3
5
5
1
1
1
1
2
0
3
2
6
0
2
0
3
1
1
0
2
2
1
1
1
1
1
3
7
4
5
1
1
2
1
3
1
2
4
2
2
1
3
1
3
3
9
1
1
1
2
4
3
5
3
1
1
1
2
1
6
2
8
1
2
1
1
3
3
2
6
1
7
1
2
1
10
3
5
1
3
1
3
1
4
4
6
0
1
4
1
4
6
1
3
2
2
1
1
2
3
3
2
1
1
1
2
1
0
3
1
1
1
0
0
3
5
2
2
1
1
2
1
1
2
9
7
2
3
2
3
2
1
5
4
2
1
1
1
1
6
2
5
2
6
0
1
0
4
2
3
3
1
1
3
1
2
3
2
1
1
2
1
2
3
6
4
1
0
2
0
1
1
12
2
6
1
2
0
0
3
7
1
1
1
1
1
2
2
5
7
2
8
1
1
0
6
1
6
2
0
0
3
0
6
13
11
4
0
1
1
1
1
2
17
11
2
4
1
3
4
2
6
3
1
1
3
1
1
25
8
1
1
0
1
2
29
8
4
4
3
2
1
0
2
15
3
1
0
2
2
1
15
3
4
0
3
0
2
1
2
7
0
3
0
1
0
0
3
3
3
5
2
1
0
1
0
1
2
2
3
8
6
1
0
0
3
3
3
16
3
3
4
0
1
3
0
2
3
3
0
1
1
1
4
5
7
1
0
2
1
2
5
4
2
3
0
2
2
1
2
5
7
2
1
2
2
1
3
4
4
1
1
1
1
2
2
6
3
1
1
1
2
1
3
5
8
1
0
1
1
2
9
7
14
7
0
0
3
11
2
1
0
2
1
3
4
5
2
1
0
0
1
6
6
5
2
0
2
1
2
2
1
1
5
0
0
2
0
4
5
4
5
0
1
1
1
1
3
1
7
0
2
0
2
5
4
1
3
0
0
1
0
2
3
1
3
2
2
1
1
2
10
0
1
0
1
0
1
1
10
1
2
1
1
1
1
1
3
1
2
21
1
1
2
1
0
1
10
1
2
3
1
1
1
2
3
6
2
0
2
1
1
2
5
1
2
1
1
1
0
3
3
8
2
4
0
3
1
3
11
5
1
3
1
2
6
1
2
2
2
2
1
1
3
2
0
2
2
3
1
0
0
5
4
2
2
1
2
1
1
3
1
2
3
2
1
0
1
2
3
1
2
2
1
0
1
2
2
1
1
4
1
0
1
1
2
3
1
2
1
1
2
2
2
2
1
1
1
1
1
2
1
4
3
1
4
2
1
4
12
4
3
3
2
1
1
2
3
2
1
3
2
1
1
3
0
2
1
1
1
1
1
3
2
2
1
3
5
2
0
5
3
1
2
1
0
0
1
2
1
1
4
2
1
1
2
1
1
3
2
1
1
1
1
1
2
4
3
2
4
1
1
1
1
5
1
6
1
1
1
1
2
4
2
5
2
1
1
1
7
3
2
1
1
1
1
1
1
4
3
3
2
3
1
2
2
2
5
2
7
3
2
3
0
1
1
1
4
3
1
1
2
3
6
5
2
1
0
2
1
6
1
2
5
2
1
5
1
4
2
1
3
2
2
4
1
2
2
2
2
2
1
4
2
4
3
2
1
2
0
5
6
1
6
0
4
2
2
1
3
2
2
1
1
2
2
1
3
2
3
2
1
4
2
3
2
4
2
0
7
3
1
4
3
2
2
1
3
2
1
7
14
7
1
1
4
2
2
3
1
2
1
2
2
1
2
4
1
3
1
2
0
2
1
1
1
3
1
1
5
2
19
5
2
2
1
0
2
1
4
1
1
2
1
2
3
2
1
1
1
2
1
0
1
2
3
1
1
3
2
2
5
1
1
3
1
2
2
1
3
5
1
2
0
2
1
4
3
11
2
4
1
1
1
4
1
0
1
11
20
7
15
8
1
1
2
2
1
3
10
16
2
3
1
3
2
3
5
3
1
0
1
1
2
2
2
2
1
1
2
2
9
11
8
1
1
8
8
1
2
16
3
1
1
1
3
2
21
2
4
1
1
1
2
1
2
4
2
3
0
1
1
2
1
1
2
4
5
0
1
4
8
1
1
3
1
3
1
1
6
6
1
1
2
1
1
7
2
3
5
4
5
5
1
16
7
7
2
1
0
1
2
10
2
2
1
1
3
2
1
4
3
1
2
1
1
1
2
11
5
1
2
3
5
1
1
4
3
1
5
2
1
1
1
1
1
1
1
2
2
2
0
4
0
2
3
3
1
1
1
1
3
3
1
6
3
0
7
2
1
2
5
5
1
3
1
0
0
2
3
5
3
4
2
1
1
2
5
3
1
3
3
2
3
3
2
2
2
2
2
3
1
4
2
17
2
5
7
2
3
1
14
6
3
2
1
0
2
2
3
12
2
3
5
2
1
3
5
5
2
3
1
2
2
3
2
5
19
0
2
1
1
2
4
4
17
4
2
3
3
1
1
1
12
3
2
1
2
1
2
2
3
4
1
4
3
1
3
1
3
2
2
1
1
2
1
1
1
5
1
1
1
1
8
16
7
1
1
3
1
2
2
2
15
2
3
1
1
1
2
15
11
3
1
2
3
1
3
2
4
5
1
0
0
3
2
3
2
18
1
0
1
2
1
3
2
5
3
2
1
1
2
1
8
11
2
2
8
4
2
7
11
4
1
7
4
1
2
4
0
2
1
1
2
1
0
2
1
2
1
1
2
4
1
3
1
5
1
4
2
1
3
2
2
15
6
3
6
1
2
3
4
28
4
4
4
2
2
3
2
6
11
1
8
2
4
2
1
3
19
3
8
2
3
3
1
4
2
3
2
3
1
6
1
8
16
6
10
5
3
3
2
16
1
2
1
1
2
2
1
14
3
1
2
2
1
1
3
4
3
2
20
2
0
1
2
20
6
2
2
3
6
12
5
5
9
1
1
2
0
7
2
2
1
2
0
4
3
1
15
9
5
1
10
1
2
5
17
12
3
2
3
25
8
2
2
3
6
1
2
2
6
5
1
2
0
1
2
2
1
2
2
4
4
1
1
2
0
2
1
0
7
1
0
2
2
7
2
3
1
5
5
5
36
19
1
3
3
7
1
4
5
3
2
2
2
1
4
7
2
2
1
3
1
2
6
7
41
9
1
40
3
1
1
8
3
24
1
3
4
1
7
2
1
1
1
1
3
0
1
10
10
2
4
2
1
1
4
2
3
2
1
0
7
3
0
2
1
1
2
0
5
3
1
3
1
0
2
1
1
4
1
1
1
5
3
18
3
2
2
3
1
1
15
12
4
1
2
3
2
1
1
10
5
1
1
1
5
2
13
14
2
1
1
2
2
1
0
3
1
2
0
1
1
1
1
4
2
3
2
0
1
1
4
1
1
3
2
2
3
11
2
2
3
1
1
1
1
6
4
9
3
1
1
0
2
5
6
4
3
2
3
2
4
2
1
1
1
0
1
0
2
3
7
2
9
2
1
1
2
7
2
2
4
0
0
0
2
6
7
3
1
0
1
2
0
5
1
1
1
9
15
0
2
2
1
2
3
14
2
1
0
2
1
7
3
17
10
2
1
0
1
3
3
4
5
1
2
2
5
1
1
5
4
1
1
1
1
1
4
3
6
1
1
1
2
2
13
2
3
1
1
1
2
2
1
2
3
3
1
1
1
3
3
9
9
3
2
0
4
4
1
7
20
4
3
1
1
1
1
2
25
5
5
1
1
2
1
1
3
4
1
2
1
1
3
1
8
1
2
1
1
3
1
1
5
1
3
1
0
1
1
3
8
7
1
1
1
2
0
1
9
4
3
3
1
1
1
6
12
7
0
1
4
5
1
10
4
10
1
1
1
0
0
3
11
5
1
1
1
5
1
3
1
8
1
8
4
2
2
7
12
14
2
2
1
1
3
4
4
2
1
1
2
0
2
2
2
3
4
1
1
1
1
2
1
3
2
1
0
5
2
3
12
6
10
6
1
3
5
3
4
3
5
4
1
3
8
1
2
4
12
4
2
2
3
1
3
5
4
2
3
2
1
2
1
3
27
2
5
4
0
3
2
12
6
4
1
2
1
2
1
5
1
3
0
5
1
0
1
3
1
3
2
1
3
3
4
3
2
4
3
1
1
8
7
1
1
2
6
2
1
3
2
1
4
1
2
0
0
4
5
6
2
3
2
2
1
2
3
1
1
1
1
3
2
7
4
1
0
1
7
3
2
5
9
1
0
1
2
2
1
12
1
17
8
2
2
2
1
19
1
1
1
3
5
6
4
2
2
1
1
0
3
10
6
2
1
6
2
1
5
4
13
6
1
4
10
3
1
11
2
4
1
4
4
1
8
1
1
0
1
1
3
1
3
4
2
1
1
0
0
1
8
3
2
9
3
10
2
1
2
16
2
5
3
12
4
4
2
1
2
2
3
5
3
17
3
12
2
2
9
6
12
4
6
5
3
1
1
8
10
3
4
4
4
3
3
3
4
1
2
1
1
1
1
4
3
6
1
1
1
2
1
2
6
8
2
1
1
3
2
1
4
1
0
3
1
4
2
7
1
1
1
0
2
7
2
2
1
1
5
1
2
4
2
1
0
0
3
1
1
9
1
4
0
2
0
4
0
10
1
2
1
1
1
1
2
3
0
2
0
1
1
2
1
10
1
2
0
5
8
0
2
0
1
7
13
6
10
2
1
2
1
3
3
5
4
1
2
4
1
9
6
11
5
3
2
5
1
2
8
8
5
1
2
2
1
3
5
5
1
1
2
1
1
2
1
1
3
3
4
1
2
5
3
2
9
6
1
4
1
1
3
2
5
3
3
1
1
2
3
2
3
2
4
3
1
1
2
0
4
3
1
1
1
1
3
4
1
1
1
2
1
2
6
2
16
2
2
1
7
1
2
1
6
1
0
5
2
4
2
5
15
4
3
4
1
3
5
2
5
6
0
2
2
4
2
6
3
9
2
8
2
4
3
3
2
9
2
6
2
3
2
3
1
2
1
5
1
1
2
3
2
1
2
3
2
1
1
3
2
1
3
2
2
1
4
12
3
12
7
12
5
1
2
1
3
3
5
6
1
2
3
0
6
1
6
3
2
1
1
1
2
7
6
4
2
0
2
2
1
7
1
8
1
1
7
1
2
3
6
4
1
1
1
1
2
8
11
4
2
0
3
1
1
4
4
1
3
1
1
5
4
1
1
3
3
0
1
24
3
1
1
1
1
1
1
2
6
3
2
1
2
3
1
4
2
3
1
2
2
4
0
7
5
1
1
2
0
0
1
8
1
1
5
2
1
1
4
3
0
2
2
2
4
10
4
6
1
1
1
2
8
5
2
3
1
1
5
0
2
3
3
1
0
5
2
3
3
4
2
4
0
1
0
0
5
6
0
4
1
7
1
4
4
2
2
1
1
1
3
1
2
3
1
1
3
10
3
5
1
2
1
2
6
9
4
4
1
2
0
0
1
2
3
1
1
2
6
2
4
1
4
1
1
1
2
1
1
2
5
2
1
1
0
2
2
3
4
2
1
0
1
1
12
9
1
9
5
0
2
2
5
2
1
0
1
5
1
13
2
3
1
1
1
0
2
8
1
2
1
1
1
6
0
1
12
19
2
2
0
1
1
5
2
5
1
1
1
2
1
4
1
5
1
8
3
2
1
1
1
5
9
4
4
1
1
2
1
3
9
1
4
1
1
2
1
6
7
13
2
0
2
1
1
9
16
8
0
3
1
0
4
2
5
0
1
1
1
8
2
2
2
6
2
2
5
2
0
0
5
3
3
3
2
2
2
2
4
1
3
2
6
4
1
2
2
4
2
3
2
3
2
1
3
13
6
2
1
3
2
2
1
3
10
3
6
2
1
2
5
9
8
10
5
1
1
4
1
1
2
5
3
5
1
3
6
5
36
4
2
2
1
1
2
7
2
6
1
0
1
1
3
2
2
3
1
1
6
1
0
0
0
5
1
1
0
1
4
1
3
4
3
2
1
2
3
1
1
1
5
5
3
2
2
3
0
12
4
3
1
0
13
3
1
12
5
2
1
1
3
1
1
3
4
2
0
3
3
0
1
7
2
1
2
3
3
1
1
2
3
1
1
1
3
5
28
3
2
0
2
1
2
2
4
2
1
0
3
2
8
4
2
2
1
1
1
1
2
7
5
1
3
0
1
3
0
5
1
2
3
1
2
1
2
5
1
1
1
0
7
3
11
1
1
5
2
0
2
19
16
27
1
2
1
1
3
1
3
2
1
0
2
1
3
5
1
8
1
2
1
1
1
3
2
9
2
1
1
1
1
8
2
3
3
1
4
2
13
5
1
1
3
3
12
2
1
3
5
3
3
3
2
2
1
1
2
1
4
4
3
3
2
1
1
2
2
1
1
3
1
1
2
1
9
2
1
2
3
1
1
3
3
2
2
2
0
1
4
2
3
2
1
1
1
1
1
3
3
2
3
1
3
2
2
5
2
1
0
1
1
0
1
4
1
2
2
16
4
2
7
1
1
8
4
12
2
1
1
1
4
1
2
3
10
1
2
1
1
4
6
1
3
2
1
4
2
2
4
1
5
1
2
6
2
3
2
4
3
20
1
5
3
1
5
1
3
8
3
4
0
4
1
9
1
3
2
6
3
1
1
3
1
1
1
0
4
2
0
1
4
7
2
2
1
2
2
1
2
3
1
1
3
2
6
3
2
8
1
4
2
4
1
6
2
5
1
3
2
1
2
4
1
2
2
0
0
1
4
3
1
9
0
3
2
1
1
1
1
8
12
4
2
0
2
2
0
1
10
9
3
2
6
2
4
7
2
4
1
2
1
4
1
2
2
1
3
0
1
1
1
4
0
1
4
3
1
1
5
27
1
2
15
1
3
3
12
4
5
6
11
4
2
9
1
3
1
5
1
2
1
2
3
8
6
4
1
2
4
1
3
1
7
3
2
4
5
3
2
28
3
1
2
16
5
22
1
3
2
3
2
2
3
2
2
2
0
1
2
6
5
4
3
2
1
2
5
2
3
5
1
1
4
1
3
3
3
1
2
4
2
1
3
2
10
7
3
2
8
0
1
0
2
2
1
12
3
5
1
2
1
0
1
4
14
1
1
1
1
2
2
5
3
1
2
1
1
4
20
2
5
1
3
2
0
3
3
1
3
0
1
1
2
0
1
3
2
1
3
1
1
1
3
2
2
16
8
5
3
4
1
1
14
2
21
1
2
1
0
0
5
2
1
2
1
0
1
1
5
1
4
4
2
0
6
1
2
3
1
32
1
2
1
1
1
1
7
1
1
2
2
2
3
3
2
1
3
1
4
3
2
1
3
2
1
5
2
1
2
1
6
8
1
8
1
1
1
6
7
3
7
3
1
3
1
1
1
1
1
1
0
2
1
2
0
2
1
3
0
1
1
5
5
15
3
3
4
0
1
1
1
11
3
5
1
1
2
1
1
5
3
5
0
1
5
1
1
4
4
2
4
1
2
2
1
7
9
1
7
4
5
2
1
3
1
1
1
0
3
6
6
4
3
1
2
1
1
2
2
2
8
0
2
1
2
7
2
6
3
5
2
7
2
3
1
1
2
1
2
2
10
2
1
4
1
1
2
2
1
4
2
1
1
4
2
2
4
3
29
3
6
1
1
1
2
1
7
10
2
1
2
2
1
2
4
3
7
3
1
0
3
4
6
1
3
1
1
1
2
3
8
2
7
1
1
1
2
1
5
1
1
1
2
1
1
1
2
1
0
27
3
1
3
4
2
1
5
6
1
2
2
1
1
2
3
2
3
1
2
2
5
2
1
3
2
4
1
1
6
1
2
2
1
12
3
7
2
3
2
2
2
4
1
3
2
5
1
2
2
1
3
1
3
2
2
3
4
2
1
2
2
1
1
0
2
3
2
2
1
3
3
3
0
7
10
3
1
2
1
1
1
10
3
2
3
0
1
0
3
2
2
0
1
1
1
0
14
4
2
1
3
6
2
1
5
4
4
4
3
2
2
3
3
1
2
0
3
6
5
3
2
2
5
3
1
5
1
3
0
4
1
1
2
7
2
4
2
1
3
1
2
1
1
3
1
2
5
3
1
1
1
1
1
2
4
3
2
2
1
1
4
3
2
1
2
2
2
4
8
1
1
1
3
1
0
3
1
2
4
16
8
6
2
1
2
4
7
4
2
2
3
2
1
1
15
5
4
10
2
1
6
1
3
10
5
1
3
1
2
1
3
12
6
2
1
1
1
1
4
6
2
2
3
1
1
1
2
2
5
6
3
3
1
1
3
1
1
8
2
2
2
0
0
1
2
1
4
0
1
2
1
2
1
3
6
0
6
2
1
8
1
2
3
0
0
3
1
7
1
1
2
2
1
1
2
2
2
3
4
1
1
5
1
2
4
2
1
4
0
1
0
3
0
4
1
3
3
2
2
2
1
2
2
2
1
3
1
2
1
1
0
1
4
1
1
2
0
0
1
1
6
9
2
2
1
1
5
4
7
15
7
2
1
1
2
10
3
3
1
2
3
2
2
7
3
3
1
8
3
4
