168
153
177
148
130
179
158
242
181
176
140
174
182
184
155
110
144
150
140
113
145
137
207
242
278
237
222
243
3
3
2
1
2
1
1
4
4
1
1
0
4
1
2
1
1
2
1
1
1
1
1
1
5
6
4
2
12
1
0
3
1
1
2
2
3
1
5
1
0
1
2
1
1
0
0
1
8
10
8
5
3
1
1
1
1
2
1
1
7
3
1
3
0
0
2
1
2
2
5
2
1
0
1
0
4
1
2
0
1
1
2
2
1
1
0
1
2
1
2
2
2
1
2
4
1
1
2
1
2
2
1
1
1
1
2
3
1
1
1
4
0
1
5
2
2
1
1
5
2
3
2
1
2
2
1
1
2
0
1
5
2
1
2
1
1
0
3
1
1
0
3
4
5
1
1
4
2
2
300
194
265
226
224
198
230
207
252
216
235
224
263
218
184
310
216
203
276
246
165
209
223
139
177
181
203
211
3
1
1
1
3
3
1
1
1
0
0
1
1
1
2
1
1
0
0
0
1
0
1
5
2
2
3
5
1
0
2
0
2
2
2
2
2
1
2
4
1
1
0
2
2
2
1
2
5
4
2
3
1
4
1
0
1
1
1
1
2
1
3
2
1
0
0
0
1
2
6
1
1
1
0
1
3
1
2
2
0
5
1
1
1
0
2
2
4
0
2
1
1
2
1
1
5
2
1
1
1
1
1
1
1
0
1
0
2
1
3
2
3
1
0
2
2
0
1
1
1
1
2
4
1
1
3
0
2
2
0
0
1
1
0
3
0
1
0
0
1
3
5
2
1
0
1
4
1
238
242
285
275
283
261
299
208
285
263
288
309
258
256
228
232
229
217
305
299
296
281
329
298
283
290
279
260
11
1
1
1
3
5
1
2
0
4
1
2
1
2
1
6
2
1
1
1
3
1
4
16
6
1
4
2
1
5
5
2
3
1
1
4
2
2
1
5
6
0
0
3
0
3
2
16
5
2
1
0
1
5
0
2
3
2
1
1
4
4
1
2
1
0
6
1
7
4
11
1
2
2
0
1
11
1
3
1
3
0
4
1
1
4
2
6
0
3
1
2
3
1
1
2
2
7
1
2
1
1
1
1
1
1
0
1
1
1
2
3
0
4
1
4
1
4
1
1
1
5
1
4
2
3
32
16
1
1
4
1
0
3
1
2
4
2
0
1
0
8
13
1
4
1
1
1
177
215
225
208
212
189
218
187
189
194
155
132
202
249
215
204
175
257
236
253
186
301
215
197
236
198
239
191
2
1
4
3
3
2
0
2
1
0
6
2
3
4
1
2
1
0
1
5
6
2
5
7
3
0
2
2
2
2
1
8
0
1
3
2
2
3
3
7
1
1
4
1
4
7
7
5
3
1
1
2
1
7
2
13
1
1
2
2
9
1
3
8
3
0
4
6
2
15
5
6
7
0
5
0
1
5
3
0
2
1
1
1
4
4
5
2
3
2
2
1
4
6
2
1
2
3
3
0
2
2
3
1
2
3
1
1
2
4
3
3
7
1
2
2
3
5
1
1
4
2
2
4
1
6
3
2
1
2
2
1
4
1
5
0
2
0
2
3
3
12
2
2
1
1
5
196
251
182
130
153
39
266
208
174
142
199
95
188
153
104
147
26
191
176
186
98
203
128
182
160
25
154
67
3
1
1
2
0
3
1
6
1
1
2
1
3
1
4
1
1
1
0
1
6
1
1
3
1
5
0
2
1
1
2
5
0
1
3
1
1
1
2
2
1
3
1
2
2
3
1
6
1
2
1
2
2
0
0
4
3
2
0
2
2
1
1
2
0
3
4
1
5
0
2
3
2
1
1
1
0
1
5
3
2
0
0
2
1
1
6
1
1
2
2
1
1
1
2
2
3
0
2
1
1
0
7
4
1
1
0
1
1
1
6
3
2
1
1
1
1
2
2
3
2
2
1
1
0
1
3
6
3
6
1
3
1
1
1
3
4
0
2
2
2
1
4
2
2
1
181
166
228
179
251
223
242
308
246
258
205
177
194
267
262
204
196
205
221
253
226
246
210
200
218
263
276
261
4
7
0
1
1
1
1
1
1
1
1
2
1
2
1
1
1
3
0
0
1
0
1
3
2
3
1
1
1
1
1
1
1
2
1
1
2
2
4
2
0
6
1
1
1
1
2
3
3
3
2
2
2
1
1
0
2
1
2
1
1
2
1
2
2
2
1
1
2
2
5
2
1
2
1
2
0
2
1
1
0
1
1
2
3
1
1
2
0
2
1
1
1
4
1
2
0
3
1
1
3
1
0
1
1
1
2
0
3
0
1
2
1
2
4
2
1
1
1
2
1
2
2
2
1
0
4
5
2
3
1
0
2
1
5
1
2
4
2
1
1
0
0
2
1
135
190
172
195
140
128
135
127
164
144
162
107
205
137
148
124
154
118
137
141
103
138
198
90
139
97
209
111
8
3
2
0
5
0
3
1
2
1
1
2
2
1
1
2
1
2
3
1
1
0
4
7
1
1
0
0
11
1
4
4
6
1
3
2
1
1
1
1
7
2
1
0
0
2
8
40
2
6
0
1
1
0
1
1
2
3
9
1
3
2
1
2
2
5
1
5
0
9
4
1
1
2
3
1
1
1
7
1
0
2
1
1
1
1
4
2
1
2
1
1
1
0
8
2
0
1
2
3
2
2
2
2
2
3
1
1
2
2
1
2
0
2
1
2
0
4
1
1
1
1
2
1
3
3
9
6
0
2
0
2
1
1
3
2
1
1
2
3
0
3
6
3
149
159
165
153
231
142
135
172
185
168
210
138
142
142
142
184
144
157
216
152
143
122
137
156
127
133
138
144
1
1
1
2
1
5
1
1
1
2
4
3
1
4
2
2
1
1
5
3
2
5
4
6
0
4
2
1
2
3
2
10
1
1
1
4
2
3
2
7
5
1
2
11
4
1
2
3
1
1
1
2
2
1
0
16
2
5
2
2
1
4
3
3
2
2
3
2
4
5
1
1
2
0
3
1
4
8
2
4
1
2
2
2
3
4
1
1
2
3
7
0
1
19
2
1
2
1
7
1
1
6
1
4
5
1
1
1
2
2
1
3
2
1
2
1
2
1
1
2
3
1
4
3
4
4
1
1
1
2
7
1
3
5
8
5
1
3
2
2
6
6
3
193
214
142
104
177
122
129
184
252
190
180
205
202
167
124
264
140
173
203
141
234
226
144
275
197
143
181
193
0
3
1
1
1
1
5
2
1
1
2
1
0
1
3
2
2
4
7
1
4
3
2
3
3
2
4
1
0
3
4
3
7
3
8
0
1
1
1
4
3
2
7
2
4
1
1
1
2
5
4
2
2
1
3
1
1
1
6
0
2
1
3
3
6
1
1
2
1
1
2
1
2
1
0
2
5
1
2
1
1
4
1
1
2
3
4
2
3
6
1
3
2
1
2
6
3
2
0
2
1
2
4
1
1
3
1
3
2
1
8
3
1
3
0
1
8
1
6
3
3
3
1
0
2
1
5
4
1
4
1
1
1
2
6
4
1
5
2
1
2
1
213
251
273
228
187
250
258
254
214
141
170
217
203
253
181
188
244
236
195
200
219
224
151
197
197
205
242
221
8
4
1
3
2
1
1
9
3
4
0
2
2
1
1
1
0
2
0
2
1
1
4
2
2
1
0
1
2
1
2
3
2
0
0
1
1
2
1
1
2
1
0
1
1
1
2
1
4
4
0
5
1
2
1
2
7
1
1
2
2
1
1
1
2
5
1
2
5
1
4
6
3
0
0
3
0
1
1
1
2
1
2
1
4
1
2
3
1
0
1
1
1
0
3
1
2
1
1
1
1
1
11
14
3
2
5
2
0
1
8
1
4
0
1
1
2
2
5
1
1
0
0
2
1
1
3
1
2
0
1
2
1
1
1
2
2
1
0
0
2
220
225
159
212
209
229
199
263
185
303
223
290
250
193
268
250
273
253
210
154
201
173
229
276
262
248
264
253
17
1
1
3
5
2
3
9
6
0
3
4
1
2
1
1
4
0
0
4
1
0
1
1
2
0
4
2
1
0
1
10
0
0
0
1
2
0
1
1
0
1
2
1
2
0
4
2
0
0
2
1
2
2
1
1
3
0
7
1
2
2
1
21
0
1
1
1
2
4
3
1
0
0
2
1
2
0
3
12
0
0
0
1
1
1
1
1
0
0
1
0
1
3
6
2
1
2
2
2
2
5
4
1
1
1
5
1
1
6
1
0
0
0
4
1
3
1
1
1
0
1
3
1
0
2
2
3
2
1
3
1
1
1
1
0
1
0
1
1
168
210
150
225
182
179
164
238
262
220
291
225
156
210
258
227
256
164
174
231
225
128
204
222
182
207
152
145
1
1
7
19
1
13
11
9
3
3
3
4
0
1
0
1
1
0
0
1
1
2
2
0
1
2
2
1
1
1
2
4
0
0
5
2
0
2
1
2
1
1
0
3
1
7
3
3
1
2
5
3
1
2
4
1
1
1
5
7
1
2
14
0
1
2
9
6
6
10
2
1
1
2
4
2
0
2
2
0
1
0
4
0
0
0
1
0
0
2
1
0
0
3
3
1
3
1
1
3
4
7
1
2
2
2
0
1
3
0
4
2
3
1
4
1
0
0
2
2
2
2
3
1
1
7
3
0
1
1
1
2
1
1
13
0
0
0
2
232
245
272
301
215
274
252
268
187
213
220
279
238
198
247
270
293
265
248
136
211
193
204
290
229
240
232
254
3
0
0
1
1
1
1
5
2
2
1
2
1
1
2
7
1
1
1
0
0
1
1
3
6
4
1
1
0
2
0
1
2
6
2
1
2
1
2
2
3
1
2
1
4
1
1
4
5
3
2
1
2
0
2
1
4
1
1
2
1
1
20
4
3
2
1
1
3
0
3
2
6
2
1
2
1
1
6
10
1
1
3
0
2
2
2
2
2
3
2
2
1
3
8
1
1
2
2
1
1
1
3
2
2
1
4
3
2
5
3
5
3
4
0
5
2
2
2
2
7
2
1
5
2
4
0
2
4
2
0
2
1
12
4
1
2
7
225
249
258
195
212
168
226
188
266
193
246
217
183
237
221
197
182
198
241
275
214
221
239
185
225
178
224
170
3
1
2
2
3
2
1
2
3
1
1
1
0
1
1
1
4
1
2
2
0
1
1
2
4
2
1
3
2
2
1
1
3
3
1
1
1
1
2
2
1
2
2
1
0
2
0
3
2
1
1
3
2
1
1
1
2
0
0
0
1
2
1
2
2
1
1
1
1
5
6
1
6
0
0
1
0
2
6
2
2
1
0
3
2
1
11
2
4
1
1
1
0
1
3
1
11
1
0
2
1
2
3
3
4
0
1
1
2
1
5
2
3
1
1
0
1
1
2
1
1
1
1
2
3
0
1
1
5
1
1
1
1
0
1
1
2
246
250
249
199
197
193
161
270
257
267
251
165
192
275
240
213
158
205
234
230
132
220
244
138
210
139
195
109
15
0
12
3
1
1
8
17
23
1
3
7
1
1
1
1
5
0
1
1
2
1
2
3
3
1
0
2
1
1
4
17
2
1
1
2
1
0
2
2
1
1
3
3
3
1
1
2
20
1
0
2
3
1
3
3
2
1
2
4
1
0
1
13
2
5
3
6
1
2
4
6
2
2
2
2
1
1
1
1
3
1
1
2
1
1
2
2
2
1
4
1
0
1
1
3
2
2
6
1
4
13
6
3
0
1
3
1
0
1
1
8
1
1
3
2
2
0
3
1
2
2
4
3
0
0
2
1
3
2
1
2
1
1
1
2
182
304
243
223
232
208
202
200
226
217
234
254
217
229
230
255
207
216
255
224
218
211
232
203
223
243
313
241
2
23
5
4
4
20
9
1
2
2
3
2
3
1
2
1
2
0
2
3
1
0
2
1
0
1
1
7
1
2
2
2
1
5
1
1
2
0
1
1
4
10
3
1
1
2
0
6
2
1
2
2
0
1
3
1
1
2
13
3
2
1
12
0
1
5
1
0
1
1
2
0
0
1
4
1
2
0
2
0
2
1
4
1
1
0
1
0
1
2
3
0
1
1
1
11
6
3
1
7
1
3
1
1
1
2
1
1
1
1
2
1
1
3
4
1
1
2
1
1
0
2
3
0
1
1
2
0
0
1
2
3
1
1
3
185
131
186
174
101
198
151
188
228
154
103
178
171
142
148
103
146
168
160
79
192
143
106
150
128
63
75
174
2
4
2
1
3
1
4
2
3
1
5
1
3
3
1
2
2
3
3
1
1
3
3
7
2
3
6
1
6
5
1
3
3
3
4
1
0
2
3
4
2
4
4
1
1
2
1
3
4
6
11
1
1
4
21
6
3
4
1
1
1
2
4
4
6
4
1
1
2
2
4
2
4
2
2
2
3
2
6
7
7
3
1
1
2
1
6
3
3
2
2
1
0
2
16
3
6
3
1
1
1
5
3
3
4
1
1
4
1
6
8
2
4
2
4
1
3
2
8
2
1
2
1
1
1
4
7
3
5
2
1
1
1
2
103
233
91
218
170
237
203
113
75
113
79
116
111
89
200
187
207
160
74
81
48
47
182
205
167
136
121
199
30
17
3
12
6
5
2
2
3
2
4
2
1
3
1
6
4
2
2
1
3
4
1
4
0
1
1
1
2
1
2
1
5
1
2
2
2
6
4
14
12
4
2
1
3
5
2
0
4
2
4
2
3
8
1
1
5
1
3
1
2
4
10
4
5
3
4
3
2
7
3
4
9
1
2
1
4
3
1
2
1
2
1
1
3
3
3
9
2
1
4
6
7
6
22
11
4
1
8
2
6
6
3
6
14
1
8
2
3
9
1
6
1
2
2
1
4
2
1
2
2
1
4
1
2
6
1
2
1
2
2
3
2
95
82
98
83
103
97
69
82
135
103
96
120
48
116
90
104
114
78
116
178
185
92
99
122
78
136
79
85
21
3
13
8
16
4
4
4
6
2
2
3
1
2
2
5
2
1
3
6
1
2
2
4
3
2
4
3
1
3
1
2
4
1
2
3
3
3
5
7
5
2
4
4
2
3
1
11
6
1
3
5
3
4
2
9
3
4
2
2
3
5
4
6
1
2
2
3
1
1
1
4
1
2
7
2
2
3
2
5
1
3
3
4
3
7
10
15
2
4
4
2
5
4
5
4
1
3
4
3
1
3
2
7
1
4
5
5
1
3
3
2
1
4
2
1
1
5
4
5
1
1
4
5
1
4
1
2
1
1
3
2
87
74
72
76
75
46
83
122
86
132
102
91
125
93
165
110
101
133
67
53
43
76
128
84
122
69
121
90
1
3
10
19
7
4
2
3
1
2
1
1
9
6
3
3
1
1
3
1
3
4
3
3
0
3
2
1
10
2
1
5
0
1
3
2
3
4
16
3
1
2
1
1
4
1
2
9
0
2
6
2
6
5
20
0
1
1
4
2
3
3
5
2
0
1
6
3
2
2
12
1
1
2
3
1
5
3
2
1
1
1
5
3
6
12
7
1
4
1
2
3
5
12
3
2
1
3
3
4
13
6
4
3
2
6
3
5
5
6
1
1
1
1
2
2
4
3
4
2
1
2
3
2
6
2
4
1
1
1
4
215
177
124
149
211
201
252
166
136
152
174
196
255
84
136
136
179
147
88
92
110
139
118
160
133
153
207
148
9
1
2
1
1
1
1
17
1
4
4
0
0
2
2
4
4
1
2
2
0
1
2
3
2
2
2
1
2
3
1
1
2
2
1
1
2
3
0
8
0
2
9
1
0
1
1
2
1
2
2
0
2
3
8
4
2
3
4
0
2
1
3
1
2
1
2
0
1
2
2
5
1
1
1
0
1
1
3
3
2
1
3
1
1
1
2
5
1
3
4
0
1
2
5
6
3
1
3
6
3
2
2
8
14
2
1
0
1
1
3
2
1
3
1
0
2
3
1
4
3
4
5
0
0
1
1
1
0
2
199
182
196
185
179
200
210
115
220
151
161
190
138
137
131
160
130
143
207
171
240
177
185
207
192
128
164
167
46
7
1
2
1
11
9
4
2
3
1
1
1
1
1
2
6
4
1
2
2
3
3
3
2
2
1
1
1
1
1
1
1
1
2
2
1
4
25
2
2
15
4
4
2
3
4
2
1
1
1
1
6
1
2
4
4
3
1
1
1
2
3
3
7
1
1
1
4
2
3
1
1
1
2
1
1
1
3
5
1
2
5
3
2
1
4
10
2
1
2
4
8
1
5
9
2
5
2
0
1
1
1
1
1
1
2
1
2
2
3
2
2
1
1
1
1
1
3
9
2
1
1
2
1
1
4
1
3
125
138
149
147
148
152
163
122
137
195
158
180
124
119
116
111
142
138
169
111
226
154
154
180
134
129
139
161
16
0
5
4
4
2
8
2
8
1
1
1
2
2
5
1
2
1
3
2
1
0
3
4
1
0
2
2
3
1
2
3
2
1
4
1
6
3
9
4
3
1
3
1
2
4
3
8
1
2
6
2
2
1
4
13
1
3
4
2
2
6
2
4
1
1
3
7
1
2
2
4
0
0
5
1
1
1
2
3
0
1
4
4
1
2
5
5
1
2
17
6
1
3
13
9
1
3
1
1
4
3
2
3
0
1
5
2
0
1
2
2
1
1
3
1
1
2
2
2
1
0
3
1
5
8
9
3
140
119
87
147
148
110
145
124
116
177
147
122
183
128
187
236
101
218
142
158
84
129
184
140
201
96
193
106
2
3
1
1
4
1
6
9
1
2
2
5
3
4
8
3
2
2
4
6
2
3
3
3
1
2
0
1
2
2
0
5
4
2
1
2
4
3
7
2
1
2
2
4
6
4
1
2
1
4
3
2
3
3
1
2
3
5
1
1
2
1
5
1
2
1
2
2
5
1
3
1
2
4
2
6
2
4
1
1
1
5
16
2
4
3
3
1
1
2
2
5
3
4
7
3
5
2
2
2
4
2
2
2
0
3
0
4
5
2
2
2
5
4
1
1
4
2
4
1
1
2
1
2
2
3
6
108
74
79
87
96
140
133
176
172
199
178
194
185
260
168
180
139
151
147
170
141
139
165
186
185
144
151
166
5
4
14
1
2
3
1
13
4
3
18
3
2
4
2
3
3
2
11
2
1
2
1
3
4
3
6
2
2
1
1
2
1
4
10
2
2
3
3
6
1
3
4
3
1
1
6
2
1
3
1
1
6
4
9
2
4
5
0
1
2
2
4
3
2
4
1
3
2
9
4
5
2
7
3
2
3
4
3
2
3
2
3
2
1
1
2
2
2
1
0
2
1
2
2
22
1
5
1
2
1
2
2
5
5
8
2
1
2
1
2
11
2
3
0
2
1
3
4
13
2
2
2
1
2
1
122
180
173
147
125
128
197
215
154
199
262
252
145
199
157
196
181
188
152
133
145
193
208
195
187
202
152
171
5
5
3
3
1
1
2
1
3
1
3
1
1
1
1
2
11
3
5
2
3
1
3
8
12
9
2
2
4
2
2
1
3
1
2
3
5
1
4
1
3
2
1
1
1
3
4
6
4
1
2
1
3
3
1
1
2
1
2
4
1
1
2
3
2
1
4
1
4
3
4
1
2
3
2
1
5
1
1
2
2
2
3
1
10
1
2
3
4
1
2
2
3
1
2
1
3
5
7
1
4
0
5
7
5
2
2
3
6
3
2
2
2
1
2
2
2
2
4
2
2
2
2
2
3
214
174
211
216
174
212
131
135
183
212
140
223
180
207
195
216
212
127
206
216
223
161
198
246
165
220
142
188
27
1
4
4
1
4
3
9
2
1
1
1
2
1
3
6
15
0
3
2
1
1
3
7
16
1
1
1
1
0
1
2
4
0
2
1
0
2
3
3
6
1
1
1
3
3
4
3
2
1
3
2
2
3
5
9
1
1
3
1
2
6
3
2
1
2
1
1
2
1
4
8
2
2
4
2
2
5
2
2
1
6
2
1
3
5
2
4
1
4
1
1
1
8
2
6
1
2
11
1
0
1
13
2
1
1
3
0
3
13
5
3
1
3
1
1
2
5
5
6
2
1
2
2
233
155
175
231
154
200
203
130
173
237
163
180
202
146
163
167
199
170
189
179
212
210
188
201
181
193
161
225
2
8
2
1
4
3
9
4
2
1
4
1
1
1
21
7
0
1
5
0
1
2
5
13
2
1
2
1
1
2
7
6
1
1
3
1
4
0
3
29
1
0
4
1
1
5
6
1
1
2
3
1
2
5
6
1
1
6
1
1
1
3
9
1
3
3
1
2
2
2
2
7
0
6
4
1
5
3
7
1
2
1
3
4
2
4
3
2
4
2
1
4
3
2
1
1
6
1
3
1
1
8
3
3
1
1
0
1
4
2
11
1
2
1
2
1
4
13
4
2
2
2
3
286
294
237
272
196
172
210
272
205
289
185
171
227
234
252
203
184
234
185
248
175
209
148
161
254
170
183
187
3
2
3
1
0
1
4
5
7
1
4
1
5
2
1
6
2
3
2
2
1
1
2
10
3
2
1
1
2
1
1
6
11
1
3
2
2
0
0
5
1
1
1
0
1
2
8
9
2
3
2
6
1
2
20
4
2
4
2
2
1
0
9
3
3
2
1
1
1
0
7
3
6
3
1
1
0
3
4
4
3
2
1
3
0
1
18
4
4
1
1
6
2
2
5
9
9
4
3
1
0
1
3
3
1
4
1
0
1
3
3
4
4
0
2
1
1
1
13
1
1
4
172
166
156
166
159
161
126
192
210
210
199
220
124
135
130
124
126
121
242
202
233
113
229
239
102
182
106
89
3
1
2
2
1
2
1
3
5
2
3
13
3
7
2
8
1
2
2
1
0
5
0
1
1
5
3
3
1
2
1
18
5
1
9
1
1
8
1
1
2
6
4
7
0
1
1
2
3
5
1
2
3
2
1
1
2
7
0
2
0
2
1
1
3
3
2
4
1
0
1
2
1
4
1
0
1
1
3
6
2
2
3
2
1
11
5
2
3
1
4
1
1
2
4
3
4
1
2
3
1
1
1
2
2
1
3
2
3
1
2
0
4
4
17
2
4
3
3
0
7
139
87
123
164
120
111
158
141
144
231
141
195
182
143
215
133
219
171
169
147
113
142
192
151
192
144
220
126
5
1
2
0
2
2
4
16
9
1
3
1
4
1
3
1
9
2
2
3
1
4
4
3
7
2
3
1
2
4
5
3
5
4
8
1
5
4
1
2
3
2
2
1
2
3
4
2
2
1
1
0
1
3
3
5
2
4
3
2
1
5
5
3
3
0
0
1
5
5
7
3
2
1
2
1
2
2
4
2
2
1
4
1
4
1
3
6
4
0
3
0
1
4
2
4
2
1
1
3
1
6
2
5
3
3
3
1
1
2
2
3
4
1
2
2
11
6
9
4
178
229
163
136
180
156
241
154
216
183
188
119
162
158
143
193
148
246
218
178
99
163
184
96
157
116
189
232
1
2
0
3
7
2
6
8
1
1
1
1
1
3
8
2
5
2
2
1
4
2
3
12
2
4
0
0
1
9
3
2
1
5
0
2
3
5
3
2
2
2
0
2
2
2
6
1
4
1
3
0
9
4
3
1
2
4
0
1
4
2
8
1
0
2
1
1
1
3
6
1
1
3
3
1
7
6
5
1
3
4
7
2
1
12
12
0
0
9
0
1
3
4
4
0
3
1
0
1
6
7
2
0
3
1
0
1
2
1
5
1
2
2
0
2
2
3
4
175
289
207
256
238
269
227
175
186
167
153
174
163
186
262
245
303
242
190
167
206
190
278
305
249
285
246
266
10
4
8
0
2
1
1
2
4
1
17
2
1
3
0
3
8
1
3
1
4
2
1
6
1
3
2
1
1
2
1
10
3
0
3
1
1
2
8
3
2
1
2
1
1
1
2
5
3
1
1
1
3
1
6
2
2
9
0
2
4
2
4
5
14
1
2
1
2
4
6
4
3
2
1
1
1
4
6
2
3
5
0
2
3
1
3
7
6
2
1
1
1
4
4
1
3
3
2
0
2
0
2
4
1
1
1
1
2
1
6
10
5
1
2
1
2
2
261
242
294
252
281
304
274
265
248
289
284
254
231
249
312
297
251
222
289
276
273
273
296
227
203
277
211
239
15
7
1
1
2
1
3
8
6
12
1
2
1
2
3
3
1
2
4
1
1
1
3
2
3
2
1
4
6
0
3
2
7
10
3
1
3
1
2
2
2
1
1
2
6
1
3
2
7
4
1
2
1
2
5
7
3
0
3
2
2
7
3
2
7
2
1
3
0
2
2
3
4
3
1
3
10
5
2
3
8
2
2
2
1
1
4
2
1
0
4
1
1
3
3
4
1
2
1
3
2
5
11
1
2
2
1
1
1
2
24
6
2
2
0
1
1
230
237
217
220
249
238
183
141
151
172
190
144
137
245
223
259
251
195
237
271
240
209
221
189
211
231
218
195
23
0
1
1
4
7
13
7
10
0
1
0
1
4
4
6
1
0
0
0
2
3
2
4
3
1
0
1
2
2
4
4
10
1
4
4
4
7
6
2
1
0
1
1
2
6
3
9
1
1
4
2
3
2
1
4
0
1
0
2
2
3
2
10
1
0
1
1
3
9
1
11
1
1
2
1
4
7
13
1
2
1
3
1
1
7
4
7
1
1
0
2
1
4
4
8
2
1
0
2
2
4
2
6
1
0
2
4
4
16
0
1
2
0
0
1
152
159
194
221
180
182
158
221
273
252
269
328
281
248
241
254
256
214
306
279
268
265
277
251
222
263
226
266
2
2
3
2
1
16
12
4
1
3
2
2
5
7
1
3
1
1
0
1
2
6
5
2
1
11
1
3
2
1
3
4
1
4
1
2
4
7
8
1
2
1
5
1
1
5
5
1
2
5
0
5
1
3
3
1
2
5
1
4
2
3
3
0
1
1
2
4
4
3
4
2
2
1
2
8
4
4
4
1
5
2
1
1
4
3
4
3
3
1
5
4
4
3
1
1
1
2
2
3
2
4
10
1
1
0
1
3
1
1
7
2
2
1
2
256
214
261
240
303
258
279
214
234
294
272
267
261
162
261
213
254
241
208
264
221
238
255
308
275
302
276
324
7
11
10
0
1
1
2
9
3
3
3
2
3
1
1
5
3
0
2
2
1
1
1
0
3
2
1
1
4
0
1
6
3
2
1
1
0
1
6
6
4
2
2
0
0
1
2
15
2
2
2
4
1
0
4
2
5
0
1
0
3
1
7
5
6
1
3
1
0
0
3
6
6
3
1
0
0
0
6
1
6
4
0
1
0
1
5
2
4
1
2
1
1
2
5
13
14
2
2
1
1
1
4
9
3
1
3
6
2
1
6
3
6
3
256
286
198
232
263
281
268
280
187
241
293
239
322
161
197
278
235
259
208
180
199
202
231
235
269
234
279
290
20
9
1
0
0
2
1
2
9
6
1
1
1
1
3
1
10
2
2
2
1
1
4
3
7
4
6
6
1
1
10
2
2
2
1
1
3
5
4
2
4
0
1
1
2
0
5
2
4
0
1
2
0
2
2
3
1
1
2
3
2
3
4
4
6
1
1
2
1
4
3
3
7
1
6
0
1
8
1
2
2
0
2
1
1
3
2
2
3
1
1
0
0
1
19
2
5
0
2
2
1
2
7
13
4
1
1
2
2
1
1
1
4
172
183
197
224
234
183
206
206
250
149
145
237
211
218
188
181
196
227
161
156
258
202
189
139
167
128
163
215
5
1
0
3
2
2
5
2
7
2
2
1
1
2
2
2
3
2
3
2
2
3
3
1
3
3
7
1
3
6
6
10
2
2
3
1
1
2
13
4
3
3
1
2
3
3
3
8
3
1
2
0
3
4
6
2
4
2
2
1
1
1
6
3
2
2
2
1
1
1
5
6
1
2
4
1
1
3
2
6
1
0
2
1
1
3
1
2
2
0
2
2
2
2
17
1
1
3
1
2
1
1
2
2
1
2
1
1
4
6
1
3
127
197
216
133
111
132
206
196
144
235
209
222
195
188
203
184
190
278
143
120
130
216
206
201
202
253
187
203
1
1
5
4
5
2
7
4
1
1
1
2
2
1
2
4
1
1
1
2
1
2
3
4
2
4
1
2
5
4
6
1
4
2
1
1
10
10
1
1
4
5
4
1
3
3
5
1
0
1
2
1
1
3
2
5
0
3
1
1
1
4
7
5
1
2
2
1
4
3
4
1
1
3
2
1
6
3
2
3
2
2
1
1
2
2
8
2
12
1
3
5
3
2
2
2
2
2
1
1
3
2
7
4
1
2
2
2
4
4
3
200
268
96
152
141
147
179
180
139
161
102
133
173
121
160
139
139
183
115
48
89
122
153
209
172
192
121
144
2
1
4
1
1
2
2
3
3
2
2
1
1
0
1
2
1
1
2
1
3
4
0
6
2
1
3
2
1
1
2
1
3
1
2
4
2
1
2
2
0
1
1
1
1
1
7
2
3
1
1
1
1
0
4
2
2
1
1
0
0
0
1
1
2
0
1
0
2
1
2
3
1
1
2
0
1
1
1
2
3
0
0
4
1
1
4
2
1
4
0
1
1
4
6
2
1
1
0
2
3
1
2
2
2
1
3
3
3
1
218
220
201
136
147
219
91
186
240
129
175
183
92
192
135
139
212
90
137
197
213
110
110
143
114
142
119
93
9
10
1
3
2
0
3
12
2
4
1
3
1
1
1
4
6
9
2
2
1
3
2
4
13
6
0
1
1
7
1
5
3
3
2
2
1
6
2
4
3
1
1
1
0
8
1
5
3
2
2
2
3
6
11
7
15
0
5
5
1
9
8
2
3
3
1
0
3
11
4
5
3
0
2
1
1
5
7
1
4
1
1
2
2
6
4
9
1
1
1
1
3
6
3
3
5
1
6
1
2
7
3
7
2
0
2
1
1
121
157
146
160
175
138
115
106
175
123
158
169
117
142
181
177
150
103
185
241
230
177
193
186
144
201
161
122
4
1
0
2
3
5
2
2
6
0
1
1
1
2
5
1
2
0
2
3
3
10
5
3
3
1
2
7
7
4
4
2
1
0
1
2
3
1
6
6
2
1
1
1
2
2
7
10
2
0
1
5
6
2
8
7
1
2
0
0
2
6
3
5
2
0
4
4
4
3
2
2
2
1
5
1
10
8
6
2
3
4
2
1
6
5
5
3
1
4
1
0
1
3
5
2
2
3
2
1
3
5
16
3
1
2
1
1
206
133
172
153
183
187
138
95
147
160
223
174
121
85
71
86
86
90
106
152
115
124
153
188
99
170
115
113
2
5
2
6
3
4
3
1
1
1
2
7
1
5
3
2
2
12
3
1
5
1
14
2
1
3
0
5
2
4
9
1
1
3
2
3
1
0
20
2
3
0
4
5
1
2
7
2
2
1
3
1
5
5
5
2
2
2
3
2
12
2
6
0
9
0
3
5
4
3
10
2
6
2
2
2
17
6
9
1
1
3
1
2
3
2
4
3
3
1
1
5
6
2
7
1
1
0
2
5
13
13
8
0
1
1
2
175
146
221
196
107
219
199
181
182
215
96
191
218
208
219
145
169
203
254
123
224
241
97
215
247
105
123
239
2
1
0
3
2
3
0
5
3
5
0
1
1
1
0
1
3
1
2
1
4
0
0
5
2
1
2
1
1
0
18
12
1
1
1
1
2
1
6
7
4
3
4
4
2
1
12
5
1
2
2
2
1
1
3
11
2
1
1
3
1
0
2
5
3
2
1
4
1
2
4
1
1
1
1
5
1
1
0
11
9
3
1
1
1
1
7
1
6
4
0
1
1
1
16
4
3
0
1
2
4
3
2
2
4
2
270
208
215
231
214
233
246
206
234
239
227
229
229
184
192
218
225
172
201
221
237
241
229
207
193
229
187
247
1
1
2
2
2
2
2
1
2
2
3
1
2
1
2
1
3
1
2
2
2
2
5
1
1
8
1
4
2
4
2
1
4
1
1
2
1
1
2
1
1
2
1
0
3
1
2
2
2
2
1
4
1
3
4
1
1
1
2
0
2
4
4
0
3
3
6
1
7
6
2
1
2
7
2
1
1
1
3
1
2
1
1
1
1
1
7
1
5
1
3
1
3
1
14
0
4
1
0
1
1
2
1
1
5
158
204
168
202
153
148
137
137
92
144
178
154
127
170
227
162
182
168
210
133
146
165
182
198
205
219
167
188
3
1
1
1
2
1
1
12
4
1
2
2
1
1
8
20
3
2
1
1
0
2
1
1
1
2
3
2
7
1
14
1
2
2
1
6
1
2
3
4
3
2
1
3
4
3
3
4
7
1
3
1
2
4
2
3
0
3
2
1
4
10
25
4
4
3
1
1
4
16
15
2
4
1
2
1
11
4
5
2
7
1
1
2
4
2
4
2
3
0
1
3
0
2
1
8
1
2
1
1
2
1
1
4
157
180
152
168
134
36
128
170
146
210
120
34
155
186
189
243
110
158
172
128
76
151
131
64
154
124
130
81
3
1
2
1
6
2
4
6
1
2
2
2
1
1
2
1
1
3
1
2
2
1
8
6
2
1
3
1
4
1
1
1
2
2
2
1
2
4
3
5
3
1
1
1
2
3
3
2
1
2
2
1
5
4
8
1
0
5
2
2
5
4
4
5
1
2
8
4
2
2
2
2
1
2
2
1
1
3
1
2
17
4
2
1
5
1
4
2
3
2
3
1
3
4
2
2
0
1
2
3
1
4
3
134
155
147
131
179
142
113
146
137
137
182
160
130
118
137
164
152
125
168
169
135
151
142
97
120
181
168
97
4
2
3
11
4
3
5
6
1
0
2
4
5
7
4
13
1
2
2
3
2
6
8
5
2
1
3
8
4
2
3
6
4
6
3
8
4
4
5
6
2
1
3
10
2
7
5
7
2
2
4
3
9
3
12
5
2
1
1
6
4
4
2
3
1
1
1
6
1
3
7
5
2
1
3
5
4
3
2
11
2
3
4
7
5
5
6
5
1
1
10
4
3
4
4
4
6
1
4
5
8
3
140
87
95
95
124
130
130
126
125
116
146
145
166
165
147
169
124
172
171
193
130
168
172
110
148
146
179
130
26
6
2
2
1
4
6
6
1
4
3
3
1
5
8
2
5
4
4
1
1
5
6
3
1
1
2
4
1
3
6
3
1
1
1
2
2
5
10
4
6
2
1
3
1
9
7
5
3
1
2
3
0
5
8
6
4
2
1
4
4
5
4
2
3
2
4
3
2
5
3
2
3
3
2
2
2
6
6
22
11
4
2
5
1
7
7
2
2
2
1
1
1
7
4
5
4
3
2
1
2
125
131
130
132
128
83
90
125
86
88
105
97
74
100
111
124
115
98
142
133
56
73
101
91
81
89
62
84
18
7
7
4
3
9
0
2
2
6
4
5
4
7
0
6
7
3
3
2
6
12
0
4
4
3
2
7
5
3
0
7
1
2
4
6
7
10
0
7
3
7
5
4
3
2
0
5
3
7
8
3
6
7
0
5
3
8
12
6
3
7
0
3
2
7
3
5
10
8
0
6
2
7
2
5
4
6
0
8
3
4
6
3
3
6
0
9
2
6
3
1
4
14
0
7
2
2
4
5
86
115
103
109
104
102
156
0
0
0
0
0
0
74
140
107
87
131
81
84
103
102
107
87
119
90
95
114
3
3
3
8
12
0
4
5
2
2
2
2
10
0
3
2
3
2
0
4
6
0
6
3
3
4
1
3
5
0
5
3
4
2
3
1
3
0
8
4
5
1
2
4
4
0
6
5
3
3
3
9
3
0
7
2
2
2
1
4
12
0
6
6
6
3
2
5
5
0
9
4
4
2
3
3
8
0
19
4
4
4
1
3
5
0
5
6
4
7
2
6
16
0
7
9
2
2
1
170
141
157
149
115
165
131
106
161
134
127
147
116
124
120
186
168
190
157
141
153
125
92
130
98
165
158
137
6
3
3
2
2
2
1
7
4
3
1
3
3
2
2
3
1
2
2
2
2
1
6
2
2
2
5
3
3
3
20
1
1
1
9
2
1
6
6
4
7
2
3
4
3
6
8
5
2
2
6
5
1
5
8
7
2
3
1
9
3
5
2
2
3
1
7
5
1
4
3
7
2
3
1
10
2
2
12
7
10
1
1
4
1
3
5
4
2
1
3
1
3
2
2
3
1
3
109
100
106
129
110
123
137
87
146
133
125
120
118
98
98
93
90
101
137
132
111
116
145
133
141
89
87
164
9
12
2
5
1
3
2
3
2
8
3
6
1
4
9
2
2
7
2
4
1
9
4
10
3
6
1
7
1
8
7
6
3
4
3
5
2
2
2
5
4
7
0
3
1
8
8
6
6
5
2
6
2
9
2
2
3
5
1
3
0
6
3
2
2
2
4
4
1
6
4
5
3
5
3
2
0
3
7
7
17
2
1
1
1
5
7
2
1
6
2
3
1
6
6
5
5
132
155
138
172
136
168
181
90
85
78
88
76
77
141
120
134
131
136
89
134
109
125
131
186
172
110
121
200
5
3
4
8
1
0
1
4
2
2
2
2
4
1
1
1
1
2
2
5
7
8
8
3
2
4
1
4
3
5
8
1
4
1
5
5
2
3
4
1
1
1
3
7
5
2
10
2
3
4
2
13
4
2
2
4
3
5
4
2
4
0
4
1
1
2
2
3
1
3
5
5
0
1
2
5
4
6
2
4
1
3
1
3
5
1
4
6
1
1
0
9
3
11
6
3
45
81
94
83
78
101
89
60
62
101
45
72
81
112
107
98
107
129
96
82
131
110
72
100
116
105
80
139
3
2
7
2
4
5
4
2
5
1
5
6
2
6
4
1
2
2
16
5
3
10
3
2
2
5
6
1
11
8
5
0
4
2
4
2
2
5
5
0
2
3
6
5
3
5
3
1
3
1
8
3
3
3
6
1
4
4
12
6
3
6
8
2
2
1
5
5
2
3
4
2
4
2
8
5
9
11
3
3
3
2
7
6
2
5
7
2
1
2
13
3
13
7
11
167
111
142
146
147
163
142
105
119
112
129
147
165
95
107
163
132
149
144
101
221
118
133
170
138
147
118
141
3
15
3
1
9
2
0
1
1
2
2
2
1
1
3
3
2
7
4
2
2
0
4
7
4
1
2
3
5
1
1
5
1
2
3
1
1
3
4
10
1
1
0
2
2
1
3
7
1
2
1
1
1
1
4
7
3
2
5
1
27
2
0
6
9
1
2
2
1
3
4
6
2
0
2
1
5
1
1
2
0
1
2
1
1
0
1
6
2
1
2
4
1
4
275
123
275
176
226
204
172
99
265
169
262
211
138
117
101
84
126
177
178
213
205
167
150
134
156
199
112
146
21
3
2
9
4
11
3
2
7
1
1
1
1
2
1
0
9
1
2
1
9
5
18
30
7
2
5
5
1
6
11
10
4
1
4
1
4
2
2
1
6
2
1
2
10
1
10
12
3
1
1
6
3
3
11
29
1
1
3
12
2
3
16
5
13
0
4
6
1
2
2
1
2
1
2
1
1
1
4
1
4
2
0
2
0
1
3
1
8
2
1
2
2
180
163
186
228
89
223
190
171
159
208
92
171
228
158
167
101
190
239
131
87
146
145
94
212
180
118
97
177
9
0
2
8
1
1
1
3
2
4
0
1
2
4
2
5
1
0
1
3
1
8
17
3
1
0
2
3
1
2
4
23
1
2
1
4
1
9
2
1
0
5
2
1
2
10
11
4
0
3
4
2
12
10
4
5
1
1
4
3
1
10
11
2
2
5
2
2
8
6
6
5
1
0
1
0
1
6
4
1
2
1
1
4
2
3
2
2
1
2
1
6
133
173
207
164
200
172
88
131
163
172
136
133
138
175
212
190
178
92
159
168
156
92
175
187
121
181
83
96
3
1
2
0
2
1
5
3
1
3
0
3
2
4
8
4
1
2
1
5
11
11
4
3
1
1
1
2
1
9
15
1
2
1
2
4
2
6
6
1
1
2
0
1
7
6
4
0
1
0
2
16
5
2
9
3
4
5
2
1
6
3
25
1
1
2
1
17
1
1
4
1
1
2
1
1
4
2
10
1
2
2
1
1
3
1
5
1
1
1
1
152
202
222
144
159
187
230
173
209
184
218
172
154
179
186
124
211
133
168
194
230
211
143
147
111
158
212
172
6
3
2
2
1
1
2
2
1
2
1
1
2
2
4
1
2
1
3
6
0
1
7
2
1
2
2
1
1
2
3
4
1
6
2
1
1
1
6
3
4
2
0
1
0
1
1
6
2
2
1
1
1
1
9
4
3
4
1
1
0
1
3
2
1
5
0
3
1
2
3
5
2
4
6
2
0
1
3
3
0
2
2
7
1
1
2
1
6
2
216
200
231
268
223
228
197
177
223
228
242
218
182
232
218
240
245
223
199
234
235
211
246
245
208
290
212
215
13
2
1
11
12
1
1
4
2
1
2
2
3
8
1
0
7
4
16
2
4
4
3
1
1
4
1
11
12
5
13
4
13
2
8
3
1
13
7
2
12
2
4
2
1
5
5
3
5
8
1
1
1
2
19
11
9
3
2
5
1
4
4
4
0
1
1
1
1
2
2
2
1
1
1
9
1
5
1
1
3
3
2
3
3
3
1
1
5
229
262
302
240
274
281
220
234
192
201
197
188
208
195
216
208
216
268
224
242
254
195
201
216
212
273
253
226
7
4
2
2
3
3
2
1
7
4
3
6
10
1
1
1
3
9
2
1
1
3
4
4
2
4
5
7
1
4
5
2
1
6
1
17
3
3
1
9
4
7
2
1
1
10
3
3
2
4
6
7
6
14
3
4
2
6
2
5
0
2
5
15
1
1
2
4
2
1
4
1
1
3
2
1
0
2
1
10
4
6
5
1
3
3
2
4
172
182
94
163
165
140
184
212
175
172
243
260
166
79
180
177
144
166
103
115
163
100
140
117
149
178
160
172
1
2
3
2
2
2
4
2
2
1
2
1
1
8
6
2
4
2
1
1
6
2
6
1
2
2
8
2
10
1
6
1
1
1
1
1
2
1
3
2
21
3
3
1
6
3
4
2
1
2
4
4
13
4
8
1
5
4
2
2
2
2
6
1
3
1
1
1
1
3
10
1
1
0
1
1
1
5
2
1
1
2
2
1
1
2
5
102
132
93
65
84
135
111
101
84
111
112
103
121
84
108
123
145
198
83
81
86
91
132
93
127
73
122
113
1
4
2
1
2
2
6
8
5
2
2
2
3
1
6
5
1
3
2
3
1
1
2
6
4
5
3
3
2
3
7
7
10
4
1
3
4
5
2
4
2
3
2
3
1
3
6
3
4
3
1
2
3
6
4
4
3
6
2
2
4
2
2
2
6
2
1
2
5
3
3
7
1
2
6
2
1
2
9
15
7
3
3
3
2
3
96
117
132
101
97
92
109
89
106
126
121
122
130
132
99
102
84
81
158
138
90
136
193
55
151
62
112
118
1
2
2
1
1
2
1
1
1
8
4
2
1
5
2
2
2
11
16
10
2
2
6
2
4
5
4
5
3
6
1
0
1
7
3
12
2
3
1
2
2
5
7
3
3
3
2
3
1
6
2
0
3
8
2
3
3
3
3
3
19
3
1
1
2
11
15
5
4
3
6
1
3
6
2
2
4
4
2
1
2
15
4
12
3
212
191
177
171
182
203
130
168
222
213
217
184
149
177
170
178
211
134
261
211
181
224
200
176
230
218
190
185
10
1
1
2
13
1
10
4
0
0
1
3
3
13
5
2
2
1
1
1
2
1
26
7
0
0
1
2
3
7
5
9
0
1
5
1
1
15
2
2
0
0
1
2
5
5
4
4
3
0
1
2
2
18
5
11
1
6
7
4
4
2
3
4
1
0
2
1
2
1
1
4
1
1
1
1
5
2
0
3
1
0
2
9
186
182
160
164
176
218
219
150
172
184
129
150
167
137
125
119
152
151
175
125
146
166
138
158
178
209
227
194
0
2
5
3
3
9
3
1
2
2
2
1
1
5
2
1
2
1
2
3
1
2
5
2
1
1
7
1
1
5
9
0
1
6
0
2
1
6
6
1
0
2
3
2
3
2
2
1
2
3
2
3
2
3
1
2
1
7
1
7
3
3
3
1
1
2
6
4
6
3
4
1
0
3
2
2
3
6
4
2
2
3
2
279
183
130
251
257
297
220
228
150
189
207
259
191
127
131
153
205
177
162
171
229
169
212
256
193
247
217
218
5
4
1
1
1
1
2
4
10
0
0
1
1
0
1
2
8
2
1
1
1
2
2
1
3
1
1
1
4
0
4
1
2
18
0
1
2
2
1
4
9
4
2
2
2
2
3
1
3
0
0
1
2
1
1
3
8
6
0
8
2
1
2
3
1
5
0
3
1
3
3
10
1
3
1
3
1
0
2
5
1
1
117
131
139
143
143
144
135
116
121
119
105
110
110
166
238
233
172
233
141
130
145
148
257
184
233
183
219
180
3
2
1
1
3
4
2
8
1
1
2
2
1
1
2
12
7
2
1
1
5
1
1
4
5
1
0
2
4
1
1
5
2
1
2
1
1
4
4
7
3
1
0
2
3
1
7
1
2
1
1
0
4
0
4
6
2
1
6
0
1
2
15
3
2
1
1
3
3
1
2
1
1
1
0
1
2
4
6
2
4
124
197
138
206
249
122
118
116
100
124
132
85
92
116
154
166
85
120
139
130
121
106
211
123
131
121
128
100
1
1
2
3
3
1
2
3
1
0
3
2
1
1
8
1
1
1
0
1
3
2
2
1
0
1
8
2
1
0
3
1
1
1
2
2
2
1
2
8
1
1
3
1
3
1
3
2
4
2
1
1
0
1
2
4
1
2
2
1
4
1
3
3
0
1
2
2
1
2
2
7
1
0
1
1
1
1
2
2
152
191
213
200
159
184
200
152
183
157
155
186
167
206
160
200
155
165
284
298
180
272
302
168
319
149
287
146
2
1
2
1
3
1
2
7
1
1
6
0
2
1
1
2
1
1
3
1
4
1
2
3
2
7
3
2
1
1
1
2
2
2
1
1
1
0
1
3
1
3
3
1
1
2
0
5
6
1
3
1
1
5
2
2
3
2
3
5
2
0
1
2
10
6
5
2
1
1
2
1
2
4
3
2
2
1
2
145
261
188
126
228
127
101
146
177
114
128
194
134
190
123
246
118
87
113
166
137
108
115
99
81
114
79
146
4
3
1
3
3
2
8
1
4
2
1
3
2
0
1
2
3
1
1
2
1
1
2
8
6
2
1
2
3
1
2
3
8
2
3
4
2
2
4
3
2
3
6
1
1
3
6
10
1
4
3
1
1
1
0
2
5
4
4
3
3
1
2
5
2
3
2
2
0
2
4
5
6
3
2
4
4
1
251
236
322
145
263
148
121
255
255
155
216
179
114
289
143
231
166
136
143
266
159
154
131
179
109
144
131
145
0
1
1
0
1
2
1
2
1
2
1
0
1
0
0
1
3
1
1
1
1
4
4
8
3
2
2
1
0
1
3
13
1
1
1
1
1
3
2
2
1
1
3
2
3
1
2
1
2
3
3
0
1
4
5
3
2
1
2
1
2
2
1
3
3
1
0
0
2
2
8
8
1
2
0
0
5
166
109
135
111
209
235
190
209
213
196
186
173
181
232
213
158
129
149
171
171
147
164
155
118
150
258
226
209
0
1
1
31
2
11
19
22
1
1
2
6
4
1
3
2
2
1
2
2
5
0
3
5
0
0
0
1
6
1
3
13
2
3
6
3
5
6
26
7
5
4
5
1
2
8
5
4
1
1
2
7
9
2
1
5
1
2
2
2
1
5
3
7
3
1
1
1
3
3
0
22
1
1
1
2
258
221
298
249
304
216
198
227
260
237
271
245
239
256
242
226
227
292
271
238
219
236
220
282
211
211
181
209
2
3
2
1
2
1
2
1
6
1
1
0
2
1
1
2
4
1
6
1
1
4
1
9
10
2
2
3
1
1
2
6
3
2
3
1
3
1
2
5
5
1
2
1
2
1
1
18
8
7
3
1
1
3
1
2
2
2
1
1
1
0
4
1
6
1
2
1
1
1
1
3
2
2
3
295
190
202
217
232
266
270
202
189
217
238
322
313
169
204
156
178
176
165
175
191
187
177
190
217
263
280
294
3
0
1
2
2
1
4
5
1
2
2
1
2
1
4
1
7
3
4
1
1
1
1
3
2
4
1
1
1
3
4
3
2
7
3
1
2
0
1
2
2
1
4
3
1
1
1
2
13
4
0
3
1
2
1
7
5
3
2
2
0
2
1
3
2
7
3
2
2
2
10
9
3
3
132
201
167
200
243
234
169
130
109
135
159
144
117
228
217
216
252
228
257
224
256
289
206
213
234
265
195
224
3
1
1
1
1
4
1
14
1
0
1
1
1
3
2
12
2
0
2
1
1
1
2
9
1
1
3
1
1
1
5
2
6
1
2
0
1
2
3
2
2
0
0
1
1
2
2
3
1
0
2
1
2
2
2
22
7
1
3
1
1
2
2
13
3
4
1
2
0
5
21
16
1
123
118
139
178
157
84
131
235
220
211
246
105
214
182
174
197
94
187
222
222
114
225
237
101
198
116
231
130
1
2
8
1
1
1
8
7
0
0
1
8
1
2
2
7
1
1
3
4
3
2
2
7
0
3
1
1
1
3
6
2
1
1
10
2
9
4
9
5
1
3
3
0
1
5
1
5
0
2
2
2
1
2
2
1
1
3
1
2
1
2
1
11
1
3
1
1
6
1
2
4
117
207
134
226
199
163
207
140
133
158
140
231
153
131
221
195
152
214
175
178
181
162
228
182
240
176
206
197
6
1
4
1
1
0
1
5
8
3
5
1
1
1
1
9
8
3
10
2
1
1
0
11
4
4
3
3
2
0
2
9
9
5
2
5
1
1
0
4
6
1
8
2
1
3
5
6
3
5
1
1
1
1
4
3
7
0
2
1
1
0
0
8
1
3
17
1
1
1
1
171
162
173
144
156
167
182
206
210
183
187
209
221
210
180
183
229
206
210
217
205
223
197
214
210
177
217
260
37
3
12
1
1
11
3
2
18
24
1
5
3
1
1
8
3
2
2
2
2
4
1
2
1
2
3
18
2
1
4
7
14
2
2
7
13
2
0
6
3
14
1
3
3
2
3
5
1
2
1
2
1
1
2
7
4
3
2
0
4
1
1
1
0
5
1
2
1
2
179
124
174
211
140
158
193
163
192
187
137
172
225
137
134
101
145
150
186
145
158
198
174
176
242
156
155
203
18
1
1
0
9
0
1
29
18
8
1
4
4
1
1
2
4
0
2
2
4
0
19
4
9
0
5
2
2
13
13
36
13
1
3
9
2
0
10
1
15
0
2
7
30
8
2
1
2
0
1
3
0
1
3
5
4
1
2
2
2
1
4
0
7
1
1
1
1
113
186
126
183
179
166
142
96
94
95
126
87
81
103
266
156
176
134
106
153
78
96
184
180
157
135
126
104
1
1
1
1
12
0
4
5
4
5
1
1
7
4
3
4
1
1
1
2
14
2
5
10
3
4
1
0
12
12
14
1
0
1
8
1
4
2
5
6
1
3
5
3
16
9
1
7
1
5
2
0
6
9
3
4
1
3
0
2
6
2
6
5
2
1
2
2
97
130
170
197
241
163
229
130
102
92
80
108
79
175
121
132
155
137
194
187
226
192
174
157
162
152
221
147
4
0
1
1
2
1
2
9
3
2
1
2
1
1
3
4
5
1
1
1
0
0
5
9
8
3
1
0
1
1
1
4
1
3
1
2
1
1
2
4
4
9
2
0
1
0
2
5
3
2
1
1
1
0
1
4
1
5
0
1
0
1
1
3
2
1
2
222
209
205
209
199
226
185
266
203
225
185
222
204
176
163
153
169
153
215
194
204
208
233
214
239
219
235
179
9
4
1
1
1
2
1
4
11
2
1
0
1
0
1
4
5
3
2
3
0
1
3
15
4
21
2
1
1
1
1
4
4
1
1
1
0
2
1
4
1
2
0
2
1
2
3
12
1
11
1
1
0
0
1
1
2
0
1
2
1
1
2
3
5
2
178
234
176
197
209
155
225
233
224
273
236
206
227
189
274
230
174
237
202
184
185
190
177
139
191
178
210
152
9
6
1
2
4
1
3
9
17
1
2
1
2
3
2
16
5
2
3
2
3
1
3
7
1
0
1
3
2
8
7
3
1
1
0
1
3
4
7
0
2
1
6
2
4
10
2
10
6
3
1
2
2
1
3
3
4
2
1
2
3
9
5
17
6
217
222
183
224
218
274
263
215
153
180
233
203
196
142
216
254
193
229
144
141
236
172
223
199
204
213
249
238
2
3
1
5
4
10
7
19
1
1
1
3
0
5
3
8
1
1
2
4
3
3
11
2
2
4
3
3
8
3
16
32
0
2
1
3
3
2
0
3
0
3
1
2
2
4
2
2
1
2
1
2
1
3
2
7
2
0
2
3
5
1
3
6
220
174
237
242
192
200
193
183
210
219
197
180
205
144
125
125
234
112
243
196
209
214
178
168
208
151
177
121
8
10
8
2
5
1
2
7
13
12
4
3
4
4
1
3
1
2
0
3
2
0
3
3
3
1
2
4
6
1
4
1
13
1
31
1
3
1
7
9
3
1
0
2
1
2
4
6
5
1
2
1
0
1
1
4
6
1
3
1
4
2
1
137
117
118
110
152
171
111
122
149
133
146
129
140
149
181
187
178
185
156
139
129
138
204
169
206
216
160
151
6
5
3
3
1
2
2
11
1
2
1
2
2
1
1
6
1
3
2
3
1
4
4
4
2
4
3
1
1
1
1
3
1
1
1
1
1
1
6
1
1
1
1
5
5
0
1
7
1
1
4
1
1
1
7
3
18
0
1
4
1
2
216
167
196
89
167
144
206
237
238
100
216
162
234
202
119
192
158
183
123
178
181
241
89
139
115
168
207
159
15
4
4
2
4
14
6
4
12
0
1
3
1
3
10
8
5
4
2
4
1
1
5
16
14
4
1
11
3
6
3
1
8
2
1
5
2
6
2
3
2
1
3
3
1
4
3
1
1
2
2
0
3
11
6
2
15
1
2
2
5
169
160
114
175
137
151
150
177
103
177
131
139
152
109
193
121
159
152
119
120
94
148
157
221
161
120
155
122
2
3
3
5
1
15
4
2
1
3
4
1
1
9
4
5
2
3
2
2
12
11
16
9
3
6
11
6
1
21
8
10
2
6
8
15
4
2
4
1
1
8
3
2
1
2
2
1
3
2
0
1
3
3
1
2
1
1
2
4
99
137
110
95
152
146
71
181
231
122
208
175
203
187
100
250
184
145
94
202
134
189
110
113
89
181
163
120
4
0
2
2
2
2
1
6
9
2
4
1
1
1
1
2
3
3
2
1
1
0
2
4
2
1
1
0
8
1
1
3
4
4
5
3
2
1
0
1
5
5
2
1
3
1
1
6
2
2
1
0
1
2
0
1
3
1
2
211
159
197
183
273
207
231
158
185
197
205
207
176
186
168
154
191
152
202
234
233
203
202
207
182
215
216
202
3
5
3
2
0
3
4
29
1
5
1
5
1
1
6
1
4
6
4
4
1
2
16
3
3
4
2
3
3
5
2
3
14
5
2
3
3
2
1
2
4
1
2
4
1
1
4
1
0
1
4
5
0
7
6
1
2
13
170
190
216
203
168
228
135
132
138
173
121
138
89
211
162
155
231
186
180
188
215
188
172
165
141
186
168
176
3
2
1
2
1
2
3
1
6
2
2
0
3
3
2
2
3
2
1
2
2
1
1
4
5
0
1
2
2
0
5
3
3
0
1
1
2
1
4
2
4
2
0
2
0
1
3
0
1
1
4
1
3
0
2
8
4
101
141
148
94
172
163
132
162
150
119
111
114
136
163
116
122
141
151
137
184
153
172
185
167
128
203
140
136
2
1
2
1
4
8
2
1
4
2
3
3
5
11
2
5
1
7
12
2
7
3
8
4
1
3
2
2
2
1
3
5
3
1
2
0
4
3
4
3
1
1
4
2
2
5
1
5
2
2
2
2
1
3
1
7
261
211
304
296
213
293
243
246
267
250
258
324
238
232
236
276
243
221
276
249
311
283
223
286
267
283
209
260
4
8
3
1
2
0
3
3
2
3
1
3
4
2
1
9
1
1
2
0
1
0
3
7
4
4
1
0
1
9
3
9
1
2
3
1
2
1
1
8
6
1
2
0
3
1
0
6
2
4
3
2
1
3
2
239
218
273
229
191
200
248
267
319
234
274
274
234
279
274
270
230
287
233
263
290
223
255
213
308
272
250
201
1
1
0
3
1
2
2
5
2
3
1
3
1
2
4
0
2
5
1
1
2
1
2
8
3
1
1
2
2
1
6
3
2
2
1
0
1
0
5
2
2
1
1
1
0
1
5
1
0
3
1
1
0
2
169
147
217
184
236
210
211
282
245
199
206
251
265
218
203
185
215
232
189
250
246
261
202
178
190
268
280
304
3
1
1
2
1
2
2
2
7
1
2
2
2
9
6
2
1
1
0
1
3
2
4
3
3
0
0
3
1
3
13
7
2
2
1
3
1
3
1
2
1
1
2
0
2
4
5
2
3
5
1
1
1
265
231
228
262
288
224
289
276
253
252
254
251
244
236
215
187
244
184
215
211
217
206
223
246
229
197
262
180
1
3
1
1
2
12
5
2
2
2
0
2
8
2
4
4
1
2
2
1
2
2
2
2
1
1
3
1
3
1
6
1
1
1
1
1
2
3
4
14
0
7
2
4
1
4
4
5
4
2
1
1
216
258
197
239
184
286
207
248
268
265
184
249
244
225
226
179
263
219
254
163
232
241
204
248
239
189
149
203
29
1
1
3
3
1
2
9
4
0
2
1
0
0
0
4
2
2
2
0
1
2
1
2
4
5
1
4
2
1
1
7
1
3
4
1
1
0
0
6
4
1
0
1
1
1
2
2
1
3
2
293
309
256
258
258
245
269
284
280
245
235
226
251
289
283
290
255
271
236
232
206
222
257
251
269
294
286
286
3
2
3
2
1
2
8
12
4
1
4
4
1
2
19
9
2
3
1
3
1
4
2
15
19
4
6
2
1
1
4
34
6
2
2
4
1
2
1
1
1
1
1
3
1
2
3
3
2
2
277
210
252
232
194
199
250
239
245
233
183
207
248
259
269
188
253
272
255
192
256
254
209
248
323
171
227
251
3
2
2
0
5
2
9
5
2
2
10
4
2
3
3
4
2
2
2
1
0
3
4
2
7
0
4
3
1
3
3
8
9
1
3
1
5
1
1
4
2
1
4
1
2
6
6
4
5
214
249
219
203
211
178
260
189
263
288
255
259
175
238
198
204
160
274
248
210
236
210
243
254
195
239
194
160
2
3
8
6
11
2
5
7
5
4
3
3
6
7
9
3
1
4
1
3
1
4
5
9
0
1
1
0
1
1
2
1
0
3
1
2
1
2
1
1
1
7
3
2
4
4
2
9
54
94
134
103
90
114
84
39
46
71
48
57
154
111
253
192
167
82
134
108
106
76
201
179
84
146
17
25
4
2
0
3
3
6
6
5
10
2
2
5
1
6
1
4
9
5
1
2
5
3
3
7
3
3
1
2
1
5
4
5
2
3
3
0
1
4
1
4
1
2
3
2
3
5
3
49
131
113
126
78
58
102
94
109
146
183
115
125
163
164
85
86
113
231
107
99
142
116
108
146
115
111
92
3
4
17
4
2
6
1
10
5
6
7
5
2
4
4
10
3
8
2
2
2
2
9
3
6
2
2
2
4
1
7
9
4
4
2
4
2
2
7
10
4
6
3
4
1
7
151
90
154
154
150
158
88
104
153
156
146
159
98
127
136
132
143
23
171
168
192
87
188
213
92
155
63
99
11
2
2
4
3
12
3
17
5
2
2
3
1
2
11
3
25
1
4
3
4
16
7
4
2
1
1
3
2
4
2
5
5
1
1
1
1
4
3
2
5
3
1
4
2
43
49
85
71
82
63
9
74
19
49
72
78
16
96
136
164
137
74
89
119
81
74
170
118
65
109
74
22
1
5
3
2
12
4
2
7
2
2
4
2
2
7
8
11
2
1
5
2
7
6
4
2
2
1
4
3
2
8
5
6
2
3
1
4
2
5
2
4
0
2
5
1
164
96
92
149
122
96
110
104
114
150
165
98
131
49
88
138
96
15
150
129
58
177
194
81
149
126
112
58
2
2
2
3
5
1
1
10
1
1
1
4
2
2
1
1
5
8
2
2
3
3
3
5
3
4
2
2
2
2
1
6
1
4
1
5
2
1
1
4
1
4
3
88
80
77
82
72
74
80
114
117
105
110
166
103
110
134
125
118
162
134
102
159
127
111
127
135
118
125
124
5
5
2
19
3
2
9
9
5
6
2
4
2
2
2
8
10
2
1
5
1
1
6
7
4
1
2
4
6
2
2
10
1
2
4
2
3
1
0
1
2
3
83
87
74
83
92
85
76
155
174
178
145
118
171
137
136
137
111
135
144
107
121
151
153
149
187
130
136
127
3
4
6
10
3
10
13
5
8
3
4
8
3
4
4
3
30
2
2
2
1
4
3
7
3
2
2
10
1
1
5
2
4
5
1
2
2
2
1
4
4
83
59
72
51
71
47
85
105
122
107
90
72
107
144
155
102
98
137
113
105
49
96
108
65
133
52
139
110
3
9
2
7
4
7
4
3
2
4
1
2
3
2
4
8
3
4
1
2
3
2
4
9
3
2
7
5
2
5
2
9
4
4
5
3
3
2
4
3
238
302
187
253
249
159
173
219
207
261
229
137
159
182
246
251
166
173
217
177
136
130
219
137
154
161
182
226
11
13
7
4
5
3
4
2
14
10
23
1
1
3
7
1
3
3
4
2
0
4
3
5
7
0
5
1
1
1
3
2
2
4
2
1
1
3
11
131
31
129
146
127
105
133
45
125
133
128
96
135
77
136
182
133
85
139
128
111
152
230
174
165
204
160
131
11
10
3
27
0
4
4
9
9
9
1
5
4
7
10
6
2
2
2
2
1
4
4
6
1
8
1
4
1
4
5
1
4
18
1
1
1
2
190
183
182
164
160
100
161
153
154
149
138
90
133
172
169
170
108
128
155
148
88
149
163
101
121
106
110
78
8
3
7
20
3
1
10
5
3
0
1
1
19
4
3
2
1
1
2
1
1
3
5
9
2
0
1
2
1
3
1
3
3
1
2
1
1
107
123
110
144
117
185
116
143
123
85
151
134
80
170
95
170
140
82
85
158
114
79
87
147
129
132
80
109
9
5
3
1
3
13
2
2
3
1
1
3
1
3
2
1
1
3
1
0
3
3
7
2
1
2
1
1
5
11
0
2
4
2
1
4
163
130
120
150
241
99
120
143
228
274
184
196
114
166
164
126
148
95
214
129
224
106
170
215
133
111
138
134
2
7
7
4
2
2
3
1
6
19
7
1
9
1
0
6
2
2
0
1
2
1
2
0
4
1
1
1
1
1
1
2
2
1
10
249
209
235
232
248
191
221
236
256
270
206
233
231
252
276
199
205
207
278
264
227
201
226
212
217
168
194
220
13
6
0
1
3
2
1
3
1
24
1
2
2
1
1
1
4
1
1
1
2
1
1
5
3
6
3
2
1
4
0
1
1
4
208
205
189
181
162
208
192
176
182
173
149
176
161
209
189
164
212
194
179
157
193
185
217
201
237
156
190
198
27
0
3
2
4
1
2
0
8
5
2
1
1
2
0
2
0
1
4
1
1
0
3
0
7
2
0
1
4
2
2
4
19
143
156
166
182
185
140
200
138
132
175
158
174
193
178
208
169
155
176
167
187
145
175
208
175
203
180
227
203
1
1
1
0
1
2
2
8
1
4
1
2
2
1
2
1
2
2
1
4
0
1
2
1
2
1
2
2
1
2
1
16
92
121
89
97
111
64
109
116
138
111
103
148
149
129
190
164
129
161
123
99
116
120
191
127
134
122
124
167
3
2
4
1
7
3
2
3
2
3
1
1
2
3
1
1
5
2
0
1
2
2
0
2
5
3
3
2
1
2
1
155
127
113
139
185
190
205
161
114
113
128
161
174
140
93
108
149
166
86
97
99
129
124
99
136
136
155
157
7
4
2
9
2
2
7
3
4
1
1
3
2
7
6
4
6
3
1
1
1
1
3
2
5
5
3
2
1
2
158
188
113
125
66
116
139
177
155
130
81
148
134
112
117
78
117
126
165
71
181
103
82
211
110
82
30
121
2
3
8
9
4
5
3
2
2
1
3
1
1
2
2
6
4
2
4
1
5
3
1
4
1
3
1
1
3
114
148
156
238
242
131
134
97
88
130
122
124
121
150
154
140
99
103
186
165
96
92
252
154
147
148
154
141
0
8
2
6
4
1
6
2
0
1
2
0
2
4
2
2
1
1
1
2
3
2
4
3
1
0
5
1
164
138
85
1
80
37
95
128
81
3
101
61
67
102
4
88
89
91
82
112
126
111
105
119
93
148
122
112
3
36
2
1
1
0
1
4
2
1
3
0
2
1
0
6
1
2
3
0
1
2
1
6
1
3
1
109
64
155
86
105
117
118
107
152
131
196
213
211
101
109
99
134
128
103
153
171
169
127
108
125
168
170
206
7
3
3
1
2
0
3
2
1
4
2
3
1
3
1
2
2
3
4
5
1
2
2
4
3
3
99
195
81
199
213
96
165
96
91
103
104
92
122
74
168
197
87
168
74
72
82
75
205
100
158
92
167
132
5
3
2
2
2
4
1
6
1
5
2
2
1
2
0
3
2
4
2
1
3
3
2
12
6
155
88
188
121
95
116
106
107
126
105
113
111
85
91
51
137
77
95
109
92
134
103
91
173
82
90
98
81
8
1
2
1
4
2
1
2
1
2
3
1
1
2
1
2
1
2
2
2
3
1
1
4
256
191
214
80
291
216
285
201
197
89
290
241
286
236
120
183
273
206
93
176
233
188
87
145
90
217
288
215
12
2
2
1
1
5
0
9
2
1
3
1
2
0
1
4
2
2
2
1
2
2
0
270
140
148
142
207
150
230
116
135
123
207
128
225
226
123
97
202
123
85
81
181
93
75
116
96
120
204
89
1
1
3
3
1
3
2
3
4
3
2
2
1
1
2
4
2
1
2
1
2
2
128
247
97
144
229
235
84
127
103
113
132
145
115
104
136
280
263
77
128
100
103
139
135
128
92
253
65
80
3
0
2
3
1
2
3
2
7
0
0
4
2
3
6
8
6
2
6
10
3
230
260
106
96
220
91
86
243
128
128
183
118
111
84
91
250
78
77
102
5
117
95
28
93
87
77
67
101
7
2
1
1
1
2
6
2
3
2
1
3
2
7
4
1
14
3
4
4
146
130
106
158
126
119
98
126
179
172
122
132
146
117
163
173
189
110
131
128
119
149
139
142
142
208
124
112
2
2
3
2
2
1
4
6
8
0
1
3
4
1
2
3
1
4
3
124
190
189
179
168
166
276
140
170
136
213
109
130
289
204
168
189
181
224
190
148
192
184
177
161
138
162
142
13
11
1
1
0
3
5
3
3
3
2
2
5
2
1
7
11
4
177
188
101
154
170
211
256
109
133
150
154
122
126
75
121
150
196
216
136
88
101
97
162
128
141
99
105
254
16
2
3
1
3
3
4
4
1
4
2
2
2
3
3
3
2
145
138
122
137
132
186
112
141
136
225
117
160
118
210
142
175
189
158
142
148
174
181
130
179
149
160
162
153
2
2
1
2
5
6
4
1
2
4
1
1
10
1
3
5
184
182
312
159
281
242
195
247
181
176
201
191
154
193
204
193
183
171
141
266
219
170
151
142
148
238
175
151
1
1
1
1
1
2
0
6
5
2
3
1
5
2
0
63
165
170
109
180
108
83
120
141
166
96
179
203
219
147
243
195
142
170
168
160
138
136
187
162
149
103
173
6
4
1
4
1
3
7
2
3
5
1
3
6
4
174
194
114
159
159
103
127
158
118
152
138
136
173
101
189
171
86
105
115
92
106
83
179
79
105
83
103
172
2
1
3
3
2
1
3
2
2
2
3
3
2
76
148
116
183
153
78
157
34
157
106
80
203
45
104
137
164
52
195
138
120
126
83
145
111
121
86
145
48
0
1
0
3
1
13
6
7
2
1
1
6
173
143
131
232
138
152
222
108
159
142
180
195
184
2
5
4
4
2
108
182
170
119
133
136
190
257
122
131
2
6
0
5
1
0
3
2
2
4
1
132
86
98
110
101
182
91
154
193
197
176
219
131
161
219
226
151
119
165
144
151
145
233
147
124
148
128
118
13
2
1
2
1
1
2
2
7
3
32
116
218
109
56
176
62
76
68
100
207
77
75
118
133
83
130
111
102
65
168
59
112
145
129
81
74
76
1
1
1
0
2
1
5
1
3
152
137
160
144
97
111
139
159
182
141
115
107
140
193
144
145
91
131
151
124
108
151
124
146
166
114
142
141
3
1
1
2
1
3
2
4
166
180
221
233
221
224
204
179
197
197
154
208
176
223
234
242
206
194
239
234
235
209
257
222
295
208
273
181
3
4
5
1
3
4
1
185
160
135
174
179
168
204
160
191
229
180
263
210
165
175
222
130
189
233
176
218
184
176
232
182
134
186
179
21
2
1
2
2
2
123
268
141
147
161
277
263
130
295
251
258
109
119
157
154
181
222
276
268
319
147
144
233
129
139
156
161
233
1
2
2
1
2
248
259
276
217
248
223
197
240
278
199
254
232
192
286
214
258
199
207
217
216
219
180
197
177
206
171
264
142
2
4
3
1
226
169
179
220
209
160
154
113
104
156
165
129
100
202
214
194
134
184
204
173
139
224
206
168
173
167
174
137
8
2
0
218
217
262
231
241
299
192
206
233
256
267
233
221
194
216
198
221
252
242
263
274
192
272
267
264
262
206
207
23
3
193
261
211
217
223
205
231
236
340
255
217
223
235
252
236
226
248
269
256
234
242
251
287
239
246
222
244
345
2
190
265
125
199
159
270
198
162
130
229
131
175
211
113
165
206
261
194
202
119
170
182
143
196
215
217
194
197
