129
123
124
85
101
96
84
204
168
136
107
116
129
164
141
101
119
124
109
91
103
97
173
161
184
142
159
153
3
2
6
1
1
0
3
7
1
1
2
1
3
1
1
1
0
2
2
1
1
2
0
1
4
2
4
1
7
1
1
3
2
1
2
1
1
2
2
1
0
1
2
1
5
1
1
2
13
2
2
1
7
0
2
2
0
2
0
2
3
4
1
5
1
0
1
0
0
0
4
2
2
1
1
0
3
2
1
1
1
1
2
3
1
1
1
2
0
1
1
1
1
2
3
4
2
1
1
1
2
1
1
2
0
1
1
3
1
1
1
2
1
3
1
1
1
2
1
5
2
2
1
1
3
2
1
3
1
1
3
4
2
3
1
1
1
1
2
1
3
1
2
5
4
1
3
1
2
1
306
183
226
173
194
208
246
184
204
159
188
220
257
172
123
272
191
198
214
204
165
211
180
137
175
173
208
234
1
0
0
3
1
3
0
0
0
2
1
1
1
1
0
1
1
0
0
0
2
1
1
1
1
3
6
4
5
0
1
1
0
2
3
1
2
1
1
2
3
1
1
0
1
4
1
3
3
3
2
5
1
2
1
1
1
0
2
1
3
0
3
2
1
1
1
0
1
4
1
1
1
1
1
1
2
0
1
1
1
4
1
0
3
1
2
3
4
0
1
1
2
2
1
1
2
3
2
2
1
1
0
3
0
3
4
1
1
0
1
1
3
2
1
0
2
0
1
1
1
2
3
3
1
1
1
1
0
2
1
1
2
1
1
2
1
1
0
0
1
2
2
2
0
2
3
1
1
220
258
287
284
268
255
323
191
259
240
285
254
248
247
224
223
216
229
299
326
265
311
311
256
269
253
277
247
9
1
1
1
1
4
0
1
1
3
2
3
1
3
1
2
1
1
1
1
1
2
6
8
13
2
2
3
1
8
4
1
3
2
4
1
5
2
5
5
5
0
1
1
2
3
2
14
3
1
1
1
1
2
1
0
6
2
1
4
1
2
1
2
1
0
2
1
5
3
13
1
1
2
1
1
11
2
2
1
1
1
2
1
0
1
2
1
2
3
1
3
2
6
4
2
3
2
1
0
2
1
1
1
4
2
0
1
1
1
3
2
0
2
6
2
1
4
1
2
2
5
4
2
1
2
33
8
1
1
1
2
1
3
5
2
4
1
0
2
1
5
13
2
9
2
1
2
163
197
209
223
216
231
202
206
208
177
164
123
214
249
237
223
187
271
226
251
176
286
192
186
222
196
248
192
4
4
2
2
3
1
1
1
2
0
2
2
3
1
2
1
0
2
1
1
4
2
7
8
0
1
2
1
2
2
5
12
1
1
2
1
1
6
3
3
1
2
1
1
1
6
4
7
2
0
2
3
1
4
1
6
1
0
1
1
14
1
2
8
1
2
3
2
3
18
11
3
1
0
2
1
1
5
5
0
2
2
4
1
2
4
3
2
2
3
1
1
3
1
3
3
1
3
1
0
1
2
2
2
1
2
4
3
2
4
4
1
4
5
2
1
1
2
1
0
2
2
3
5
2
8
3
0
0
1
2
0
1
4
6
1
0
1
2
2
6
20
3
3
1
1
2
110
149
100
99
97
24
159
141
110
112
109
89
123
94
88
96
21
127
153
108
105
122
84
145
107
42
110
35
1
1
3
1
2
1
1
3
0
2
6
2
2
2
0
2
1
0
0
1
5
1
4
2
0
1
1
3
1
0
1
4
1
1
1
1
1
1
1
4
0
3
1
2
3
1
1
4
1
2
2
2
1
0
0
10
0
0
1
3
3
0
0
1
0
1
11
2
4
1
1
1
2
0
2
1
1
0
1
1
2
1
1
1
4
1
5
1
2
3
2
0
1
1
1
2
0
2
1
1
2
1
2
2
3
1
1
0
2
1
2
2
1
1
0
1
1
1
2
2
1
1
2
1
2
1
3
4
3
6
1
3
0
1
1
3
1
1
4
3
2
1
7
3
2
0
199
162
220
176
217
192
220
213
221
233
174
173
172
203
276
170
175
160
186
217
215
228
174
175
178
204
242
242
4
5
0
1
3
2
1
3
1
2
1
1
1
1
2
1
2
7
0
1
1
1
1
1
1
2
1
1
1
2
1
1
4
3
1
0
1
1
2
2
1
4
0
1
0
1
1
4
4
4
2
1
3
0
0
0
2
1
1
2
2
1
2
3
3
2
0
1
1
3
7
2
1
2
1
2
1
1
1
2
2
2
2
2
1
0
1
3
1
3
2
2
1
5
1
3
1
5
2
0
1
3
1
1
1
0
2
2
2
0
0
1
1
5
1
1
1
2
1
6
2
1
2
0
1
0
1
6
5
3
1
1
3
0
3
2
2
2
4
0
1
1
1
2
3
143
144
185
157
131
105
137
125
188
180
210
106
212
187
155
148
135
156
159
170
92
142
204
86
197
77
208
101
12
3
1
4
8
2
2
2
1
0
2
2
3
1
2
2
2
1
1
1
2
2
4
7
2
1
1
1
10
1
3
5
4
1
2
1
1
1
1
2
4
1
1
1
1
1
4
49
3
4
1
1
2
1
0
1
5
0
15
0
1
2
2
2
1
1
0
3
1
9
3
2
0
2
1
1
2
1
8
1
0
1
0
1
1
1
2
8
1
1
2
1
1
0
2
3
2
3
1
1
4
2
2
1
2
2
2
0
1
1
2
1
1
1
2
3
2
6
1
3
2
1
3
0
5
1
7
2
1
1
0
1
1
1
5
2
4
1
0
2
0
10
4
2
130
134
166
150
193
126
110
125
134
131
105
104
111
127
124
134
151
151
188
94
130
99
91
110
101
119
107
145
2
2
1
1
1
4
1
2
3
2
2
1
0
2
3
2
1
2
7
2
2
11
7
2
1
0
1
2
2
2
4
5
2
1
2
4
1
4
3
8
3
1
2
2
2
2
1
7
2
3
4
2
3
2
0
9
3
3
3
6
2
5
10
1
3
1
4
2
10
10
1
2
1
1
3
0
3
12
4
3
2
3
1
2
2
5
1
2
2
4
4
1
1
6
5
3
3
3
2
1
1
3
5
2
4
2
5
1
1
4
4
3
1
1
1
0
4
1
6
4
3
1
1
6
1
3
1
3
1
2
3
0
2
6
6
3
1
1
2
2
4
5
2
183
187
145
101
164
122
130
189
258
182
171
213
204
160
121
260
135
170
238
166
253
264
136
275
223
142
184
218
1
1
0
1
2
2
4
2
0
1
7
1
2
2
1
2
3
6
3
4
2
4
2
8
3
2
3
3
1
2
3
1
3
5
5
0
1
1
2
4
1
4
7
2
4
1
5
3
1
1
5
2
2
1
1
1
1
7
4
1
1
2
5
3
8
1
1
1
2
1
2
1
2
2
1
1
4
1
2
5
1
2
0
1
0
2
4
1
5
4
1
1
3
3
8
5
2
4
1
1
1
5
5
5
2
7
1
2
2
1
2
4
3
2
2
3
2
1
4
3
4
5
2
1
5
2
3
1
1
5
1
1
1
2
4
5
2
13
4
1
4
4
211
254
269
232
187
263
250
261
212
154
177
235
190
256
196
190
270
236
223
202
230
227
139
187
183
180
220
227
7
3
2
2
1
1
1
2
2
3
1
2
1
1
2
1
0
1
1
2
1
1
3
2
6
4
0
2
1
1
3
2
1
1
0
0
0
1
1
1
0
1
0
1
0
1
1
2
2
9
1
5
1
1
1
2
5
4
1
1
1
2
1
1
1
3
1
1
2
2
3
5
2
0
0
3
1
1
2
3
2
1
1
0
0
1
3
1
4
1
1
1
2
1
2
1
3
0
1
1
1
3
13
5
5
1
5
3
3
2
7
1
6
0
3
3
2
1
3
4
0
1
1
1
2
1
3
3
3
1
3
1
2
1
0
4
2
2
1
0
4
216
265
158
201
240
241
195
273
172
311
237
268
234
165
244
292
280
239
198
162
184
168
246
260
242
236
246
228
10
1
1
4
12
1
8
7
8
1
3
5
3
1
0
1
4
1
3
2
7
0
2
3
1
0
3
2
2
1
0
7
1
0
1
2
2
0
1
1
1
1
3
1
1
1
5
5
1
1
0
1
1
0
1
1
6
0
3
1
2
2
2
13
0
2
1
1
1
6
3
3
0
1
1
1
5
0
1
6
1
0
2
2
0
0
1
1
0
1
3
1
1
3
5
2
0
2
1
0
4
10
6
4
3
2
1
2
1
4
1
1
1
1
2
2
2
3
3
1
0
2
3
7
1
4
1
5
1
1
1
2
4
1
4
1
1
0
1
1
151
192
125
205
157
156
144
199
255
166
250
203
131
183
205
213
251
139
145
229
220
119
182
194
163
191
134
129
2
1
5
34
2
20
12
7
1
8
2
5
1
1
2
5
1
2
1
0
1
1
3
2
1
2
2
1
4
0
1
1
0
1
6
1
0
4
1
2
1
1
1
1
1
11
5
2
1
1
1
1
0
1
5
2
1
2
4
2
0
0
15
0
3
1
5
2
3
8
1
1
1
2
4
1
1
3
3
1
2
1
10
0
0
1
1
1
0
2
2
0
1
2
4
1
1
1
1
1
6
9
2
0
1
5
6
0
4
5
4
2
5
1
7
2
1
1
1
1
3
3
2
1
1
5
2
0
1
2
3
1
1
1
4
2
1
2
4
201
211
220
275
200
215
206
292
167
213
238
284
207
160
203
264
262
214
252
157
199
171
195
241
181
239
208
212
3
1
1
2
3
2
0
5
2
4
1
1
1
4
2
5
1
1
1
1
1
1
1
3
3
2
1
1
1
1
1
1
2
2
3
1
2
1
3
3
1
2
1
1
1
1
0
3
2
3
2
2
1
1
1
3
1
3
0
3
2
1
8
2
4
5
2
1
4
1
3
2
7
2
0
1
1
1
6
16
2
1
0
1
4
3
5
3
3
2
1
1
1
1
11
5
1
1
2
1
2
1
2
5
1
5
0
2
1
3
8
2
4
3
1
2
1
1
3
4
3
3
0
2
2
2
1
4
1
1
1
1
2
10
1
2
2
3
197
223
229
189
173
177
229
154
258
167
257
235
171
206
188
149
176
175
191
233
190
179
194
187
260
175
206
156
2
2
1
1
1
2
2
3
6
2
1
2
2
2
0
2
1
1
2
1
3
1
1
3
2
2
0
2
2
3
0
2
9
2
0
1
1
2
6
2
1
8
1
1
1
2
2
1
5
4
1
5
2
1
2
3
2
1
1
1
2
3
1
2
5
1
1
2
2
2
5
1
11
0
1
1
2
2
5
5
3
1
1
0
1
2
10
1
6
2
1
1
1
2
1
2
14
2
3
2
3
2
1
2
2
2
1
1
3
1
4
1
4
0
1
4
2
1
1
1
0
2
2
1
1
0
1
1
2
1
2
1
1
2
1
3
3
251
232
231
206
188
195
171
258
272
277
240
156
202
273
260
184
155
198
235
206
138
223
227
135
214
137
213
108
22
0
1
7
2
3
4
22
21
1
2
5
1
1
3
1
3
1
1
4
2
2
0
3
3
1
0
1
1
0
1
3
2
1
2
1
1
0
2
1
1
3
1
3
1
2
1
2
6
2
3
1
3
1
2
2
1
1
1
9
1
1
1
9
2
3
3
6
2
5
1
8
0
1
3
4
0
1
1
1
1
1
0
4
1
1
1
2
1
5
2
1
0
4
3
6
4
1
5
5
1
20
2
4
1
8
2
4
1
1
1
3
1
3
2
0
2
2
2
1
1
2
4
4
0
1
1
1
1
3
2
2
1
1
0
2
176
271
216
201
213
202
203
196
229
186
226
263
206
204
203
240
208
217
222
217
211
209
216
195
214
260
299
229
2
24
4
2
2
14
9
2
1
1
2
2
2
1
1
6
0
1
2
7
0
1
3
8
1
2
1
2
2
1
1
3
0
2
2
0
1
1
4
3
0
2
4
1
2
2
2
3
1
1
1
7
0
2
3
2
1
3
9
2
2
1
3
1
3
3
5
1
2
1
5
0
1
0
2
2
1
1
1
1
0
1
3
0
1
1
0
0
2
2
3
0
2
2
1
10
6
3
2
8
3
8
2
0
2
2
6
0
2
4
0
2
1
3
2
1
1
1
1
0
2
7
5
0
1
1
2
1
0
1
2
3
1
1
1
271
174
265
220
115
246
183
207
278
200
106
210
191
179
205
110
171
225
199
96
225
165
128
215
197
115
109
191
2
3
4
2
1
2
3
2
2
1
4
3
2
2
2
1
2
1
10
2
1
4
1
3
1
2
3
0
1
0
1
0
2
1
3
0
1
2
1
1
1
2
1
2
2
3
1
1
1
3
4
2
2
3
13
5
3
4
1
1
1
1
2
1
1
2
1
1
1
1
1
0
3
1
1
1
1
1
4
2
4
4
1
3
2
1
1
1
2
1
1
1
1
1
8
3
3
3
1
3
2
1
2
3
2
2
1
2
2
2
3
3
1
3
1
1
1
3
1
2
2
3
0
4
1
1
4
3
2
1
2
0
0
1
80
207
86
192
158
177
190
96
77
101
84
99
91
102
192
173
184
164
92
109
101
105
202
184
160
156
146
215
30
9
3
30
11
5
2
1
5
3
4
2
1
0
1
3
3
1
1
2
2
3
0
1
4
2
1
1
3
4
1
1
2
6
2
3
3
1
2
6
6
2
2
2
2
2
1
1
1
2
1
2
3
3
1
1
5
1
2
2
3
1
14
6
2
1
0
2
2
1
2
6
8
2
2
1
3
2
1
2
1
1
2
2
1
2
1
2
1
1
2
3
2
3
9
5
6
2
2
4
3
1
1
1
18
1
3
1
3
4
1
3
2
1
1
2
1
4
1
7
2
2
2
1
2
1
1
2
1
1
3
0
2
107
104
100
135
96
68
83
114
127
129
115
102
75
112
100
102
98
88
110
131
117
91
111
83
88
101
85
93
28
2
2
14
30
1
3
4
1
1
0
3
1
1
1
3
5
1
0
6
3
1
3
3
3
0
1
3
0
1
1
2
2
1
1
1
3
1
4
7
2
0
2
4
1
1
1
9
4
1
6
3
2
3
2
7
2
1
2
3
2
3
10
9
1
1
1
3
2
0
2
4
1
1
0
1
2
2
1
5
0
1
1
2
2
3
13
10
1
4
1
4
3
4
8
5
2
1
1
3
1
4
4
8
1
4
3
1
1
2
4
3
1
1
0
1
2
7
3
2
0
3
2
2
2
1
1
2
3
1
1
1
100
85
67
102
94
58
74
110
86
120
90
87
123
90
110
78
100
103
93
71
75
94
129
90
114
51
82
87
1
4
6
24
5
2
3
5
2
2
3
3
2
2
2
5
1
3
5
8
1
1
4
3
0
1
2
1
1
5
1
3
1
1
1
4
1
2
6
8
1
2
2
3
2
2
1
4
1
1
8
2
2
10
15
2
1
2
3
2
5
2
3
3
2
3
2
2
1
2
6
1
0
2
2
2
1
3
4
1
0
1
2
2
5
10
4
1
3
2
0
6
2
10
3
1
1
2
3
1
5
4
2
2
2
1
3
3
3
4
1
2
2
1
0
1
3
2
5
1
0
4
4
1
1
2
3
2
1
1
2
224
164
141
140
193
207
243
148
139
137
167
216
228
104
135
166
200
156
90
102
118
143
163
159
140
161
207
180
9
1
3
1
0
1
2
8
2
2
3
2
1
3
1
1
10
3
2
3
1
0
3
0
4
2
1
1
1
1
1
1
3
1
3
1
1
1
1
10
1
1
3
1
1
1
1
2
1
1
2
1
2
5
1
2
4
4
2
1
5
1
2
2
1
1
1
0
4
2
0
0
1
1
2
0
2
1
0
1
3
4
4
2
1
1
1
3
1
2
0
1
2
1
3
3
1
2
1
7
3
1
0
4
4
3
2
3
1
1
2
1
2
1
2
1
5
2
0
2
3
1
2
2
1
2
0
0
1
4
206
142
196
155
166
146
188
144
196
174
224
141
207
129
104
173
123
167
171
179
133
204
190
177
182
106
224
148
52
9
1
1
0
3
8
2
1
3
1
2
1
3
0
2
2
3
2
1
1
2
1
3
1
1
1
1
0
0
1
1
1
1
1
0
1
2
10
2
2
3
0
1
1
1
3
3
6
3
2
0
2
0
2
5
8
4
4
4
2
0
1
2
11
1
0
1
2
1
4
0
1
0
1
1
2
0
2
3
1
2
2
3
1
1
1
8
1
1
2
2
7
4
7
2
3
4
2
2
2
1
1
5
2
0
1
2
0
1
0
1
2
2
1
0
1
0
2
7
1
1
1
1
1
1
1
1
2
104
98
116
133
136
133
152
82
88
121
127
143
117
117
115
112
121
125
143
88
196
138
133
211
155
118
128
165
23
1
5
2
1
1
3
2
12
0
1
1
2
1
2
4
3
1
1
4
1
0
1
3
1
1
5
1
1
1
1
2
1
1
2
4
1
1
2
5
1
1
1
1
2
2
3
12
2
1
6
4
3
1
2
11
0
1
2
2
1
0
1
7
1
1
1
2
0
1
0
2
3
1
2
3
0
1
2
3
1
2
6
2
1
1
4
5
2
2
5
5
1
4
3
8
0
1
2
1
1
2
2
2
1
4
3
2
1
1
2
4
1
1
3
2
0
1
3
5
1
1
1
2
2
3
3
2
145
117
72
153
111
115
151
128
84
151
111
124
159
105
159
168
97
188
116
100
79
103
135
129
196
88
165
97
0
6
2
1
1
2
4
1
1
2
1
4
0
1
6
6
1
0
4
1
0
2
2
6
1
1
2
1
2
0
1
9
3
1
1
1
2
3
4
1
5
1
1
2
2
2
4
1
1
4
8
6
1
5
2
1
2
2
4
1
3
2
6
1
3
1
1
1
2
1
2
2
1
1
1
1
1
2
3
1
2
2
7
2
2
5
1
1
1
2
2
2
1
4
11
1
2
2
3
2
3
1
2
1
0
3
0
2
1
3
2
2
2
6
1
3
2
2
2
2
1
1
2
1
1
1
2
124
95
108
107
113
175
142
180
168
205
186
190
205
209
159
171
126
144
157
180
138
149
170
173
190
179
181
222
6
5
2
1
1
1
1
5
1
7
3
3
0
8
3
2
3
4
34
1
2
1
1
3
4
1
9
3
0
1
2
1
1
4
2
0
1
2
1
3
1
1
7
2
0
1
17
2
1
4
0
2
1
5
7
1
1
4
1
1
0
4
2
1
1
3
0
2
3
2
6
3
3
7
0
4
2
1
8
2
3
1
2
1
1
4
2
1
1
1
1
3
3
2
4
13
1
1
0
1
1
1
2
3
2
7
1
2
2
1
3
3
4
4
1
1
1
2
2
6
4
1
2
1
0
2
161
202
199
199
150
162
239
240
153
205
293
287
142
183
189
215
229
199
202
161
165
207
212
231
216
271
146
161
7
7
4
3
2
0
3
2
5
2
1
3
2
2
1
4
4
5
3
1
4
0
1
14
13
7
4
2
5
1
2
1
4
1
1
2
2
1
3
0
0
3
0
1
1
1
14
7
1
1
1
1
1
2
1
1
1
1
4
3
1
1
2
0
1
3
6
3
3
3
2
1
2
1
2
2
3
1
3
2
2
3
2
2
6
2
1
3
4
0
2
1
2
1
1
0
3
3
7
4
4
1
1
4
3
3
2
1
3
4
2
1
1
1
3
2
0
1
2
4
1
1
5
2
2
193
203
204
223
185
214
164
158
167
228
146
212
203
212
209
214
240
151
214
235
221
179
189
243
193
214
158
227
27
2
4
4
2
4
4
3
5
1
2
1
2
1
2
8
17
2
0
2
2
1
2
5
4
1
2
1
1
1
2
1
2
2
1
2
1
4
2
1
4
2
1
3
4
1
5
5
1
2
1
1
2
4
3
5
1
4
2
2
2
3
4
1
2
2
1
2
3
2
2
2
1
1
3
1
3
4
4
1
0
4
1
4
1
3
4
3
3
3
2
1
3
3
2
3
3
2
12
2
1
2
27
2
2
2
4
1
2
12
3
7
1
2
2
1
1
3
10
2
4
2
1
2
259
173
181
263
170
198
242
134
167
225
175
182
226
111
150
175
203
159
176
173
196
191
195
211
217
213
179
208
2
8
2
0
2
4
12
3
1
2
2
1
0
6
26
3
1
0
2
1
1
10
2
15
2
1
2
1
1
2
3
5
1
1
1
1
2
1
3
4
1
0
6
1
1
6
4
1
1
1
4
1
1
7
5
1
1
1
2
0
1
4
7
1
2
1
1
0
1
3
3
1
1
2
1
1
2
5
4
1
1
2
3
1
1
3
2
1
6
1
0
5
2
0
2
4
9
2
7
1
1
5
1
1
1
0
2
2
1
1
7
0
1
1
1
1
7
10
5
2
3
2
0
258
279
220
257
187
163
197
268
191
257
166
165
197
226
238
194
178
218
173
260
190
202
125
150
225
161
162
210
6
1
2
2
1
2
2
4
2
2
2
0
3
5
1
8
3
3
1
2
1
2
4
11
3
1
1
1
1
1
0
6
12
0
3
4
5
2
2
6
1
1
2
0
1
1
5
8
2
1
1
9
2
3
8
2
3
2
1
3
1
0
7
4
4
3
1
1
2
1
7
4
2
1
1
4
2
0
3
6
2
2
7
2
2
2
5
1
5
1
1
6
1
0
6
8
5
1
1
4
1
3
3
2
0
3
1
1
2
2
3
13
2
1
1
2
1
1
6
4
0
5
218
174
157
154
155
165
110
173
171
171
174
190
98
176
160
146
174
129
256
222
278
106
219
266
102
219
95
102
3
1
4
2
0
3
2
2
5
2
1
3
3
12
2
13
1
1
2
1
0
1
0
1
3
1
1
1
0
5
2
16
6
2
1
2
0
4
2
4
4
4
1
1
2
2
1
2
3
2
2
1
1
1
3
3
3
3
1
3
0
2
2
2
14
6
1
3
1
2
2
2
3
3
2
1
1
2
3
1
4
5
3
4
1
6
7
2
2
2
7
2
0
1
4
4
5
1
2
1
1
1
1
8
5
0
6
2
3
2
3
0
6
0
11
2
2
4
3
3
6
147
93
151
197
143
102
168
132
138
191
120
149
148
95
100
80
129
85
168
145
111
149
163
149
209
119
151
117
3
1
0
1
2
3
1
3
4
1
1
1
4
1
4
3
2
1
1
2
3
0
4
5
6
2
1
3
1
0
4
2
4
1
11
1
3
4
2
1
1
3
2
1
1
2
5
4
2
2
1
1
1
10
5
4
1
5
1
1
0
6
6
7
1
1
5
1
2
3
10
6
1
1
3
1
1
2
2
2
1
2
3
1
6
0
2
8
3
2
2
1
1
1
2
4
1
2
1
1
2
7
4
4
1
1
1
2
1
1
2
2
1
1
5
2
4
9
11
2
103
119
89
51
98
94
137
119
236
180
183
97
144
121
106
153
139
214
228
217
98
142
195
87
136
108
187
138
1
2
2
4
5
4
3
5
2
2
2
1
1
2
5
3
2
1
3
1
2
1
1
7
1
6
1
0
3
9
1
2
1
3
0
1
3
2
2
1
4
4
1
3
4
2
4
0
0
1
2
0
8
6
4
1
3
2
0
1
3
3
3
0
5
2
2
1
1
1
7
1
3
6
1
1
5
9
4
1
3
2
3
2
2
6
20
0
1
5
1
3
3
1
3
1
0
1
1
4
3
3
2
1
2
1
1
0
1
1
5
2
1
1
1
5
11
3
2
169
258
214
246
237
263
231
143
200
150
143
167
156
190
250
232
274
241
186
187
214
225
251
278
235
253
245
275
10
3
6
1
1
2
2
2
6
0
19
3
1
2
1
2
9
1
3
2
3
0
1
2
5
1
0
1
0
1
0
10
4
0
3
1
1
2
11
9
2
2
1
1
1
1
2
13
2
1
2
2
1
1
6
1
2
12
1
1
3
2
4
6
5
4
1
2
5
2
3
7
2
1
1
1
1
4
3
1
3
14
3
1
2
1
2
2
6
1
1
1
1
2
2
1
5
5
2
1
1
2
3
3
1
2
0
1
2
1
3
4
2
3
1
2
1
4
229
196
253
229
218
258
276
228
220
240
234
237
232
227
276
204
213
219
285
210
225
267
227
218
230
261
231
256
7
4
1
2
4
1
6
12
4
9
1
0
2
0
3
1
3
2
2
3
0
1
4
9
3
3
1
3
2
0
2
2
5
13
1
4
1
3
6
3
1
1
1
2
2
2
1
3
5
2
1
1
0
2
1
6
2
2
1
1
3
2
11
2
3
0
1
1
2
3
3
2
3
1
2
1
3
2
4
8
5
1
4
1
0
1
8
3
2
4
8
1
3
2
13
4
1
3
1
1
3
2
14
4
3
1
1
2
1
1
42
9
1
1
2
0
1
159
180
197
194
187
150
141
162
210
228
207
139
187
201
176
194
153
133
213
237
150
176
200
140
191
155
176
159
24
3
1
3
3
1
7
6
18
0
3
1
2
1
2
4
2
2
1
2
0
1
1
2
3
1
1
1
1
1
8
5
12
0
3
1
3
5
9
2
1
2
2
2
3
6
1
5
1
1
4
3
1
1
2
8
2
1
0
3
4
1
4
3
3
1
2
1
1
9
4
4
0
1
1
5
1
3
7
2
3
4
1
1
0
2
5
2
1
5
2
3
4
4
4
3
3
1
0
1
1
1
3
4
1
0
1
2
1
15
1
2
1
1
1
0
183
165
222
227
217
185
217
197
232
199
188
212
232
193
205
185
200
230
263
200
176
226
217
176
209
179
195
215
1
3
2
3
4
9
20
6
1
6
0
2
4
1
1
2
0
2
1
5
4
3
2
3
1
3
1
2
3
1
3
10
3
1
1
3
7
6
3
1
10
0
6
2
2
10
1
0
2
3
1
6
1
2
3
2
2
3
0
2
5
5
5
3
2
1
3
2
2
3
1
4
1
2
5
3
8
2
2
1
4
1
2
1
2
2
2
3
4
4
1
7
8
4
1
2
0
2
17
3
2
4
6
0
1
2
3
2
6
2
1
2
1
1
1
190
154
201
174
218
197
205
194
211
250
250
242
219
157
215
197
253
236
157
223
190
187
240
296
271
247
234
279
9
6
6
0
0
1
3
3
2
1
2
1
2
4
1
4
4
2
2
0
1
2
0
1
2
1
0
1
4
1
1
7
2
2
1
2
0
1
6
5
4
2
1
0
0
1
4
14
1
1
0
7
1
2
3
5
3
1
1
1
2
1
14
1
9
3
1
2
2
1
2
6
3
1
1
4
1
2
9
2
3
0
1
1
1
1
4
6
1
1
1
3
2
1
7
4
7
3
1
0
0
2
5
2
3
1
2
2
1
1
9
2
6
1
193
213
177
220
186
271
202
248
172
248
243
246
289
159
224
220
266
233
211
157
186
178
226
250
253
240
277
227
24
7
1
2
0
1
1
2
5
2
2
1
0
1
3
1
9
1
0
1
1
1
7
2
3
2
5
2
1
0
12
3
2
3
0
1
1
4
4
3
1
1
0
0
1
1
3
4
2
2
2
2
1
1
2
2
2
1
1
1
1
4
1
2
4
0
1
6
0
1
3
2
3
1
2
1
2
17
5
2
1
0
7
5
2
1
1
2
4
0
3
0
2
2
15
3
7
0
1
1
3
1
4
8
5
1
0
2
1
1
3
3
2
123
199
172
223
247
132
182
198
194
152
141
152
152
184
179
155
131
181
159
147
169
169
211
112
164
92
150
157
2
1
2
3
0
2
9
3
9
2
0
2
1
2
4
4
3
1
2
4
1
3
4
2
3
4
8
1
5
3
8
10
2
1
1
3
0
4
16
6
2
0
2
6
1
5
11
13
1
1
1
1
1
4
3
3
3
1
4
1
1
1
4
3
2
1
3
3
1
2
1
5
2
1
3
2
1
2
1
9
1
0
4
1
2
2
1
5
1
1
3
2
3
4
9
2
1
1
6
4
1
3
3
6
2
4
1
1
4
5
2
4
126
150
201
112
82
108
151
169
130
176
140
192
155
151
155
110
140
175
112
80
108
139
142
167
137
189
146
169
2
2
2
5
4
2
4
3
1
1
2
4
4
4
1
7
1
2
1
1
1
3
1
2
3
4
1
2
2
8
11
1
2
3
1
1
5
6
2
1
2
3
6
1
1
7
3
0
1
1
1
2
1
5
4
2
2
3
1
1
1
2
3
3
1
2
1
0
5
7
3
2
2
4
1
2
0
3
2
2
3
1
1
3
2
3
3
3
13
3
2
7
2
6
2
2
2
6
2
1
1
4
2
3
2
2
1
3
3
5
1
208
279
101
152
143
136
168
192
144
158
96
124
159
124
154
135
126
179
115
48
89
119
162
204
177
184
107
131
5
1
10
1
1
1
1
4
7
4
3
0
1
2
1
1
1
1
3
0
3
0
1
2
0
5
2
0
2
1
5
5
4
0
1
4
1
0
8
1
2
1
2
1
1
1
11
2
2
1
1
2
0
2
2
5
5
1
3
0
1
0
1
1
5
1
1
3
4
1
2
1
1
1
1
1
1
1
4
1
3
1
1
6
1
2
3
1
4
1
3
2
3
2
5
1
3
0
1
2
1
1
2
3
4
2
3
2
1
1
214
225
217
137
142
253
87
195
271
151
177
212
93
204
130
136
221
88
146
197
209
101
114
162
122
170
132
101
4
15
2
3
2
1
4
8
1
2
1
0
2
0
3
1
3
7
1
0
4
4
4
2
16
11
0
1
3
4
2
2
9
1
1
4
2
9
2
1
2
0
1
1
3
3
5
2
6
1
0
1
1
2
3
1
5
1
4
5
5
5
8
1
3
3
2
2
2
6
2
2
2
1
2
1
1
2
8
4
3
1
2
3
1
4
1
5
2
1
0
0
3
10
8
1
7
2
1
3
3
4
2
3
6
0
1
0
2
126
157
165
162
180
153
119
119
207
137
172
200
132
153
186
166
157
102
169
241
241
178
182
184
143
218
160
149
1
1
3
1
1
2
3
2
7
0
0
1
1
1
2
1
2
1
0
4
1
10
2
4
5
2
2
4
3
4
4
2
2
1
1
1
3
5
5
4
0
4
0
1
1
1
1
8
0
0
1
5
6
4
12
7
3
0
1
0
1
3
2
2
2
2
2
6
3
3
3
5
2
1
1
1
4
3
3
1
1
3
1
2
1
4
7
9
1
0
2
1
1
5
7
1
1
1
1
3
1
4
10
7
2
0
4
1
184
121
139
147
152
151
134
86
149
171
211
158
120
94
88
89
92
97
94
125
94
105
174
215
97
153
111
109
1
2
5
2
3
2
4
5
2
1
1
2
1
2
3
2
5
4
2
1
1
1
10
6
2
3
2
6
0
1
13
2
1
6
1
2
0
0
5
2
2
2
5
7
2
4
4
3
2
2
7
6
5
5
6
2
2
1
5
0
1
4
4
1
3
2
3
6
4
1
19
2
4
1
3
0
13
3
4
2
2
3
3
3
3
2
7
5
1
8
3
3
3
1
5
0
4
1
1
4
7
8
7
1
3
1
3
162
146
212
174
119
216
201
176
179
224
97
194
210
200
201
152
177
206
231
133
213
246
107
211
237
101
131
244
1
2
2
2
0
2
0
9
3
2
1
0
5
1
0
4
4
1
2
1
3
1
1
6
1
1
2
0
1
2
22
6
3
2
0
1
1
2
5
8
4
2
7
1
1
0
9
5
2
2
2
3
0
0
3
5
2
1
4
1
1
1
5
6
2
1
1
1
1
2
2
1
1
0
2
1
1
0
2
3
8
1
1
1
1
1
4
1
4
2
0
0
1
1
25
7
2
0
1
0
2
2
4
2
3
2
282
197
226
229
210
207
227
204
240
236
231
211
211
188
208
245
217
160
198
215
213
239
228
191
183
221
179
214
3
3
3
1
2
1
2
1
2
6
5
7
1
2
4
6
6
6
1
4
3
2
4
0
1
2
1
5
3
6
1
1
5
4
1
1
1
1
1
2
2
2
1
1
1
1
4
1
2
2
2
3
2
3
2
2
3
0
1
4
2
1
4
2
3
4
3
3
6
9
3
0
2
6
4
2
2
1
4
2
1
0
2
2
1
2
3
1
6
3
1
2
3
0
8
3
2
1
1
1
2
3
1
1
3
130
184
154
170
148
127
129
151
104
148
212
160
159
194
233
163
172
184
197
116
131
158
169
185
215
198
162
215
8
0
0
2
4
2
2
11
5
1
2
3
2
1
5
15
2
3
1
1
3
6
2
1
4
0
2
1
4
3
5
2
4
1
2
3
1
5
6
2
2
2
1
5
2
6
2
5
2
1
1
1
2
8
1
7
3
1
2
3
1
6
17
6
4
3
2
1
7
13
13
6
1
2
1
4
8
3
5
4
8
0
7
2
5
1
5
3
3
1
2
2
1
1
0
3
4
2
1
7
4
2
1
5
191
203
149
165
142
46
125
180
157
221
111
20
150
191
177
238
102
160
185
144
51
174
133
40
164
105
122
75
0
1
2
3
0
4
2
3
1
3
1
1
1
2
2
4
1
3
1
0
5
1
7
3
1
1
3
1
4
2
0
3
1
1
2
2
2
7
2
1
5
1
2
3
4
3
7
2
1
0
1
0
3
6
5
2
2
4
1
2
6
3
10
1
1
1
4
4
2
3
1
1
1
4
3
3
1
3
3
2
18
8
3
1
5
3
4
1
5
0
1
1
8
3
2
2
1
1
1
1
1
8
2
152
210
224
233
248
186
216
123
133
124
163
150
153
141
191
208
193
185
197
200
140
190
225
189
178
210
201
152
4
3
7
3
2
3
1
1
0
0
0
1
1
1
1
6
1
3
2
1
0
2
12
1
1
1
1
2
2
1
3
2
1
1
4
2
1
4
5
2
1
1
2
2
1
2
4
3
2
3
2
1
2
1
2
1
1
2
5
3
3
2
1
1
2
6
4
2
1
1
6
1
1
0
3
2
4
1
0
3
0
3
2
2
4
1
3
2
2
1
5
1
1
0
4
1
2
2
4
1
2
1
207
137
133
126
172
209
174
199
181
169
236
239
245
227
181
217
159
215
217
247
171
211
245
179
192
205
215
203
21
4
1
0
1
2
4
3
2
2
1
1
0
1
9
1
24
3
0
0
0
5
4
1
2
0
2
0
0
3
1
2
1
1
1
2
0
4
10
4
13
1
1
1
2
10
5
11
3
0
1
2
1
3
1
3
1
2
3
1
3
4
2
0
5
2
5
3
1
6
2
3
1
1
2
6
2
6
2
8
9
4
1
1
0
7
4
1
1
1
1
0
0
8
5
3
4
0
3
2
1
133
127
128
139
130
96
90
184
117
137
140
139
96
135
140
168
148
128
150
201
84
61
174
134
95
104
75
121
14
3
1
4
2
4
2
10
1
1
2
1
2
2
1
3
1
1
1
1
2
1
5
1
1
1
1
1
3
2
2
2
1
2
2
3
1
6
4
5
2
3
1
1
1
1
6
6
1
1
1
2
4
1
2
2
0
1
0
2
1
3
2
2
2
1
2
2
9
1
3
4
1
6
3
3
2
1
4
8
3
1
3
2
2
2
2
3
1
1
1
1
2
9
8
7
2
2
3
2
128
172
111
181
159
153
231
151
80
165
163
121
130
80
238
151
123
180
88
101
121
120
170
124
174
177
177
169
1
1
2
1
5
6
5
6
2
1
1
1
7
4
2
1
2
1
2
2
5
4
5
1
2
1
1
2
1
4
3
2
1
1
1
1
4
7
9
2
2
1
1
3
2
4
8
2
1
2
4
2
2
7
4
1
2
1
1
1
1
3
4
1
3
1
2
1
1
7
3
2
2
2
7
2
3
12
22
5
0
1
6
2
2
2
3
2
2
1
1
2
3
5
1
2
1
2
4
166
150
167
141
132
166
141
136
220
187
146
163
134
168
134
204
203
216
229
140
159
138
108
142
106
182
209
171
5
3
2
1
1
1
1
4
2
1
4
2
1
1
1
0
2
4
2
1
1
0
5
1
1
1
2
0
4
0
6
2
2
1
2
0
3
3
11
2
4
3
1
0
1
1
10
2
2
1
1
2
2
2
9
3
1
2
2
4
2
2
7
3
1
1
5
2
3
1
1
3
4
3
1
8
4
1
7
6
9
2
1
1
3
1
4
3
2
1
2
2
1
2
1
2
3
2
115
91
116
140
113
135
160
106
220
208
185
226
180
146
136
134
130
134
253
236
198
201
242
236
242
188
190
218
6
7
3
2
0
2
1
3
2
2
2
4
1
1
5
1
3
1
1
2
2
3
5
7
1
2
1
2
2
2
3
10
3
1
3
1
7
4
2
6
2
0
2
2
2
3
7
7
1
1
4
2
1
2
2
2
0
1
2
1
7
3
2
3
1
1
3
1
1
2
3
6
2
1
3
1
1
2
14
4
10
1
1
2
1
2
1
2
1
1
2
1
2
4
9
4
2
165
199
137
241
170
243
200
179
133
147
169
150
160
142
174
189
185
181
140
184
153
196
140
226
161
160
189
179
1
4
1
1
0
1
0
3
1
1
1
0
1
4
1
0
0
1
1
1
5
5
11
2
1
1
1
2
2
6
5
3
0
1
1
1
3
1
4
2
1
0
1
3
2
2
6
2
3
2
1
1
3
3
3
4
2
2
1
2
6
1
3
1
0
1
1
1
3
2
5
2
0
3
0
1
2
5
5
8
1
1
1
3
1
2
5
2
1
1
0
4
2
14
5
3
28
103
111
90
88
132
125
81
81
134
78
79
101
119
121
106
129
140
135
137
168
161
119
137
152
174
113
151
1
1
1
1
1
1
3
2
1
3
0
1
5
6
6
2
2
2
5
2
2
5
2
1
2
2
2
1
15
5
2
1
4
1
2
0
2
3
10
1
1
3
1
1
2
3
7
1
2
1
8
3
3
7
10
1
2
2
2
13
3
8
2
2
3
1
1
2
2
1
4
4
3
1
4
3
4
12
2
2
1
2
1
1
2
6
3
1
1
0
1
2
11
6
5
171
96
130
146
150
154
119
95
123
116
129
159
154
83
101
145
120
105
135
96
226
138
123
163
107
131
80
147
1
9
4
2
8
1
1
1
1
3
1
1
0
0
2
11
1
6
7
1
6
1
7
11
2
3
3
3
1
2
1
6
2
2
6
2
3
5
4
8
0
1
0
2
3
0
2
2
2
2
2
1
3
1
3
6
3
3
1
8
19
4
2
8
5
1
1
5
2
1
3
5
3
0
1
1
4
1
5
4
0
0
1
1
2
0
2
4
2
2
1
5
3
2
241
106
250
150
234
167
151
93
267
149
256
205
130
109
95
83
115
161
150
246
206
158
158
125
153
184
107
132
29
2
2
9
7
15
2
2
6
1
1
0
4
1
2
0
6
4
1
1
12
1
21
28
5
1
1
2
1
6
6
11
4
0
1
0
7
2
2
3
5
3
1
1
1
2
8
4
3
3
2
4
2
5
15
27
8
5
6
7
3
4
9
3
4
1
2
3
2
2
3
1
1
2
1
1
6
1
2
2
2
1
1
0
1
1
2
1
3
2
4
3
1
153
151
194
247
74
214
186
149
169
174
77
150
186
159
157
93
191
210
151
87
169
160
43
185
184
105
95
172
12
2
8
12
1
2
1
3
2
1
2
1
2
5
2
4
1
1
1
2
3
4
6
3
2
1
5
3
2
0
2
25
1
1
2
4
2
2
1
3
1
2
2
2
2
5
13
7
1
0
4
2
9
12
15
4
1
1
7
1
1
19
3
8
2
4
1
4
4
3
4
2
2
1
1
1
1
2
10
4
1
1
1
2
1
4
2
1
2
0
2
5
150
151
196
169
184
168
87
106
155
156
111
118
117
192
235
189
192
85
172
171
161
92
168
182
118
171
81
84
4
0
4
1
1
1
3
4
1
1
0
3
2
1
5
1
0
1
3
2
10
8
4
1
2
2
2
0
1
6
11
1
2
3
1
2
2
7
4
1
0
1
1
1
3
6
2
1
3
1
2
9
3
4
4
1
8
1
2
0
4
3
14
1
2
1
3
4
8
1
2
0
1
2
1
2
7
3
4
0
0
1
1
1
2
1
5
2
1
1
1
157
193
219
137
179
186
269
167
204
192
215
169
168
188
175
132
222
164
160
188
216
233
169
157
134
152
209
201
3
3
1
2
0
1
1
1
2
1
1
1
1
1
5
1
1
5
4
9
1
4
4
0
2
3
3
6
1
2
1
1
1
3
2
1
2
2
5
2
3
1
2
1
1
1
1
5
3
4
6
2
2
3
12
2
2
6
4
3
1
4
1
8
3
1
10
2
3
3
2
1
1
2
4
2
1
1
3
2
1
3
1
2
4
4
2
2
5
2
212
206
248
257
196
208
187
173
237
224
214
208
164
210
232
226
234
248
247
232
267
205
214
241
216
258
201
223
12
4
3
7
2
1
2
2
3
2
2
1
3
14
1
2
7
2
4
12
9
5
5
4
2
2
1
11
4
3
11
14
6
1
5
3
2
8
2
3
4
4
3
1
0
3
10
5
4
5
3
3
2
5
13
11
9
1
2
1
0
2
3
3
0
4
1
1
1
1
1
3
3
2
4
1
3
7
1
1
1
2
1
1
4
4
1
3
3
212
268
280
200
237
255
245
242
205
198
192
201
223
208
210
221
212
263
193
194
240
188
203
229
245
231
238
220
4
1
1
2
1
3
3
1
3
3
1
3
5
1
1
5
3
5
2
3
2
1
4
7
7
2
2
6
3
4
6
3
1
2
3
4
3
1
3
4
3
3
3
2
5
8
5
1
2
4
5
6
7
4
7
4
1
3
1
5
0
3
3
15
0
6
4
1
4
1
2
3
1
1
1
2
0
5
1
7
2
4
4
6
1
2
3
9
187
189
92
174
172
156
178
206
149
162
227
232
146
102
207
189
179
214
101
116
157
93
166
138
175
169
139
163
2
1
0
1
2
2
4
1
2
2
1
1
0
7
13
4
2
4
1
1
2
2
20
1
2
4
16
0
2
2
4
1
2
2
2
1
1
2
2
3
6
2
1
0
6
4
8
0
1
1
3
4
15
7
4
1
2
2
3
1
2
3
2
1
1
1
1
1
1
1
11
0
1
2
1
1
6
3
4
1
1
0
2
0
1
2
5
101
137
61
54
55
138
107
108
80
160
127
115
171
35
106
108
198
178
83
74
82
87
135
97
148
98
166
154
5
8
1
1
2
0
2
12
3
2
1
2
1
2
2
4
4
3
0
3
3
1
1
5
3
1
4
2
2
1
8
4
7
6
3
1
2
10
1
4
1
3
1
3
1
6
2
3
5
5
1
3
1
1
3
4
2
8
2
7
2
4
2
1
4
1
1
1
2
2
6
3
2
6
2
1
0
0
4
8
8
4
3
3
2
1
170
142
216
146
116
145
172
114
159
185
143
182
185
175
136
138
130
121
188
133
138
177
222
124
237
121
178
131
0
1
1
1
1
1
2
1
1
10
3
2
2
2
3
1
1
5
21
12
3
1
2
1
2
3
2
5
2
1
2
1
1
10
4
2
5
0
1
0
1
3
2
2
5
1
1
2
1
4
2
1
2
1
2
0
3
7
1
3
4
1
2
1
2
5
13
6
6
0
4
2
1
7
1
2
5
2
1
1
1
10
4
5
1
219
203
200
189
186
212
138
178
191
185
210
199
130
169
168
183
214
135
317
241
223
242
228
218
265
212
173
198
8
1
2
2
18
2
5
1
0
1
2
2
2
9
4
3
1
0
1
1
1
3
28
8
0
1
1
0
3
5
10
4
0
0
1
1
2
7
4
3
0
0
1
1
16
6
6
2
3
2
1
1
1
9
5
8
0
9
3
2
7
5
10
3
2
1
5
1
2
1
2
2
1
2
2
1
5
2
1
16
0
0
1
13
156
149
156
156
178
195
174
199
207
236
143
160
159
233
198
150
168
171
196
128
150
143
119
129
139
226
187
185
1
2
5
5
1
3
2
0
1
0
4
4
2
6
5
0
2
1
2
5
1
2
3
1
2
1
3
1
3
2
15
1
1
1
1
3
2
4
2
3
2
1
2
3
1
3
3
3
2
2
2
1
7
4
2
2
1
0
2
3
2
4
4
1
0
0
4
1
3
2
2
0
2
0
1
5
3
4
14
2
1
0
2
257
154
105
260
266
294
219
211
113
206
225
256
163
101
132
157
187
132
117
121
137
118
220
248
172
243
197
205
6
6
0
1
3
2
1
4
6
1
0
2
1
1
2
2
6
1
1
0
0
0
3
2
5
3
0
3
1
1
4
2
2
3
0
1
0
4
0
2
5
1
1
1
1
1
2
1
3
1
0
1
2
1
2
2
7
2
0
3
1
1
1
0
2
3
0
2
0
2
4
9
0
1
0
1
1
1
3
1
1
2
144
119
187
116
144
201
163
107
135
103
103
124
116
151
196
210
160
218
130
135
206
153
198
155
213
170
230
164
3
0
1
1
1
2
2
10
2
1
1
1
1
1
6
10
3
0
0
4
1
0
1
2
2
0
1
1
4
0
3
4
2
1
1
2
1
2
2
11
2
1
1
9
2
3
3
2
0
0
0
2
2
0
1
3
2
1
1
0
0
1
21
2
2
1
1
5
2
1
7
1
1
0
2
0
1
3
4
0
1
91
195
124
200
207
112
116
135
90
121
115
99
91
102
142
140
78
102
153
116
93
112
164
99
106
96
120
99
1
1
1
1
3
2
2
3
0
1
3
3
1
1
5
3
0
0
0
2
6
1
2
1
1
1
3
3
1
0
3
2
0
6
2
2
2
2
4
5
1
1
2
3
1
0
2
3
1
1
1
3
1
1
1
2
1
1
2
1
3
1
2
2
1
2
4
1
1
2
3
3
0
0
2
1
2
1
3
3
168
216
235
213
186
185
213
167
188
173
163
189
174
202
166
205
149
167
307
344
172
286
299
153
320
140
281
154
3
3
2
1
1
2
2
2
0
1
5
1
2
1
1
1
2
1
3
4
3
1
1
5
2
9
3
3
1
1
1
1
2
2
4
1
1
1
3
3
1
2
3
2
1
1
1
6
2
1
3
2
4
1
2
1
3
3
1
4
1
2
3
2
3
1
8
2
1
0
2
2
2
4
2
1
1
1
2
144
289
195
107
283
114
102
138
178
99
131
181
129
210
109
269
109
99
110
178
115
116
123
96
92
97
80
116
6
1
1
2
1
1
5
2
2
2
2
5
1
1
1
1
4
3
2
3
1
2
1
4
4
6
2
2
1
1
12
5
7
2
1
3
3
2
2
1
2
5
5
1
1
1
8
5
1
2
2
1
6
1
0
3
2
5
4
5
3
2
0
4
1
2
1
2
0
1
1
5
13
2
1
3
1
1
251
245
328
134
246
143
114
243
257
156
220
173
116
275
133
206
165
130
141
252
164
137
111
147
104
139
132
136
3
3
2
1
3
1
0
1
1
1
1
0
1
0
0
0
0
3
1
3
1
10
6
9
4
1
1
0
0
0
1
6
1
1
1
0
2
5
3
1
1
1
1
0
2
2
6
2
3
3
2
0
4
3
2
3
2
1
2
1
1
3
2
2
4
2
1
0
1
1
10
1
0
2
0
1
4
141
112
131
116
225
247
194
246
239
200
181
189
172
232
212
158
116
145
180
183
157
187
178
116
145
249
237
181
3
1
1
45
8
3
24
19
1
2
1
1
2
1
4
11
2
0
8
2
2
1
3
3
0
0
1
1
3
1
4
5
1
3
2
1
7
5
35
3
1
6
5
3
2
27
7
5
0
1
2
2
7
4
1
4
2
3
2
2
1
4
3
6
0
1
1
3
1
2
0
20
2
0
1
2
246
221
291
239
294
216
202
227
283
247
275
251
230
232
248
216
243
309
278
237
224
217
217
279
221
215
187
219
6
3
4
3
1
3
1
1
7
2
2
0
1
1
4
2
1
3
5
1
0
2
2
10
11
2
2
4
1
2
5
9
2
3
4
1
2
3
2
4
8
0
5
1
3
1
2
8
3
2
2
1
2
2
2
1
3
5
1
1
1
1
2
1
1
1
3
1
2
2
1
4
1
1
3
297
152
192
187
235
223
236
173
189
216
257
291
295
183
195
171
171
184
165
168
160
170
199
219
217
227
274
303
5
2
1
3
0
1
6
10
5
4
4
2
2
2
3
1
8
5
2
1
1
1
5
1
3
2
3
1
1
0
8
4
2
4
2
1
1
0
2
1
4
1
9
4
1
1
0
4
17
3
3
1
3
1
4
13
13
7
1
1
1
2
2
3
3
7
2
2
2
2
3
6
1
6
121
192
162
198
243
209
177
110
102
123
143
124
111
256
245
222
276
259
232
186
211
245
212
229
242
258
205
240
1
1
0
1
2
2
3
28
2
1
0
2
2
7
3
7
1
1
0
0
1
1
1
3
2
1
6
2
1
2
2
4
4
1
1
2
2
2
1
1
3
1
2
0
0
3
2
6
4
1
4
1
1
5
1
15
4
0
3
3
1
3
2
8
4
1
2
1
1
4
3
11
2
140
134
150
182
152
85
137
250
210
196
246
115
203
211
175
208
103
199
232
231
109
207
214
106
183
116
194
119
2
0
3
9
2
1
2
10
0
0
1
4
2
2
2
10
1
3
1
2
2
2
2
9
0
2
1
2
2
6
5
2
0
1
2
2
7
3
9
6
1
1
2
2
1
3
1
7
0
1
1
1
1
1
1
2
0
2
1
4
2
2
1
11
1
4
1
1
3
1
3
24
135
232
148
241
231
172
227
137
129
144
150
236
144
135
256
206
164
238
171
186
166
155
245
192
236
180
201
187
2
5
2
2
1
2
0
8
9
7
6
1
1
1
2
8
7
1
8
2
1
1
1
4
6
6
6
4
1
1
1
11
11
4
5
1
4
1
0
3
4
2
5
1
5
9
1
13
2
2
2
2
2
4
6
8
5
2
2
2
3
1
1
6
3
5
22
4
4
2
0
179
175
173
132
168
182
173
193
187
165
169
206
179
245
253
223
233
207
233
252
223
211
216
229
217
193
199
235
24
5
1
2
2
8
6
1
17
19
1
1
4
2
1
10
3
2
1
0
5
3
2
3
4
3
2
28
1
1
8
6
10
1
1
3
3
15
1
7
5
13
2
3
1
6
4
5
1
1
1
8
1
1
1
3
5
2
0
2
1
0
2
3
1
6
1
1
1
2
171
108
158
228
131
126
197
173
203
211
138
154
256
144
138
115
122
162
207
153
134
235
168
159
245
138
157
187
11
1
2
2
5
0
1
34
27
8
0
7
6
2
1
1
4
1
1
2
0
1
25
9
10
1
1
2
2
19
10
23
12
1
15
8
2
1
8
1
12
1
2
3
16
7
4
3
2
2
3
3
1
1
2
6
5
2
2
1
1
1
2
2
8
1
1
1
3
104
190
122
194
165
164
120
103
96
96
142
92
68
112
221
160
177
119
102
168
74
104
165
180
126
122
127
96
3
1
1
1
5
0
11
4
4
4
1
2
4
3
2
3
3
2
0
1
7
2
6
16
1
1
3
3
10
9
8
3
1
2
3
1
3
4
12
3
1
1
4
1
10
12
3
7
1
1
4
0
1
3
5
10
1
1
0
1
1
3
3
12
8
0
1
4
99
114
174
184
206
151
206
123
101
96
83
117
80
176
127
122
148
122
178
177
211
175
187
157
167
141
204
143
8
4
2
1
4
1
1
4
5
4
5
1
1
1
3
5
1
4
3
3
1
0
1
8
2
7
0
1
1
1
2
4
3
5
1
1
0
5
2
4
2
9
4
1
2
1
1
4
3
6
2
0
1
1
3
4
1
6
1
1
2
1
2
2
3
2
3
214
219
222
157
156
193
177
316
229
177
175
193
199
216
152
150
178
169
198
182
191
202
228
210
247
198
218
197
16
5
1
2
1
0
1
3
13
1
1
1
2
1
0
2
13
4
1
6
1
0
2
9
6
5
2
6
1
3
3
3
2
2
2
2
1
1
1
5
1
6
1
1
0
1
2
8
3
8
2
2
2
1
1
1
2
1
1
2
2
0
2
3
5
5
164
238
193
192
181
143
247
216
247
230
166
179
207
206
265
183
150
258
211
152
184
188
169
168
237
162
210
170
7
1
1
2
5
2
3
2
9
4
1
1
1
1
3
15
4
3
3
1
1
2
2
3
2
1
1
5
2
4
3
6
1
1
0
2
4
1
1
0
5
1
3
1
3
2
3
9
7
2
1
2
1
1
3
1
1
3
1
2
2
5
9
5
3
210
218
156
212
198
233
262
240
152
174
199
208
201
121
206
220
164
207
122
127
186
141
241
168
211
159
224
217
2
1
1
4
3
4
13
14
5
1
1
2
2
2
1
6
2
1
2
3
2
1
16
2
2
4
6
2
5
4
30
22
0
1
2
2
2
3
2
2
2
2
1
1
0
2
2
1
2
0
2
1
0
1
1
2
1
1
1
2
2
1
2
5
198
169
248
215
175
198
177
183
214
217
193
189
196
159
140
140
232
118
226
193
200
202
199
167
234
148
174
130
5
9
18
5
2
3
5
6
13
13
4
2
5
3
2
8
2
1
2
3
1
1
4
2
8
3
2
1
1
1
2
5
13
1
31
1
2
6
2
7
2
3
0
3
1
0
2
2
6
4
2
1
0
0
2
3
5
1
4
1
1
2
4
178
150
156
135
199
251
164
120
134
129
149
136
143
178
210
206
192
225
179
180
157
186
192
170
249
237
195
189
10
2
1
2
3
2
2
4
1
2
1
2
2
3
1
1
1
3
4
2
3
2
2
5
4
5
1
7
4
2
2
1
2
1
2
2
1
0
4
1
1
0
2
2
7
2
1
15
2
0
1
1
1
1
6
1
22
1
1
1
2
3
228
174
224
86
155
142
162
268
285
122
225
192
232
243
128
216
182
206
129
199
197
226
94
159
119
177
231
210
37
2
2
1
2
11
4
3
12
1
2
1
2
2
5
16
5
3
6
0
1
9
2
19
4
2
4
6
2
3
6
3
11
2
7
2
1
10
3
4
1
0
2
4
1
1
4
2
1
1
2
2
1
8
3
9
24
1
4
1
1
159
140
100
163
136
155
153
227
110
217
149
189
182
107
202
143
184
166
122
110
101
144
159
242
160
130
163
131
3
3
2
6
2
4
3
2
5
4
4
1
2
3
4
8
4
1
1
2
8
3
23
3
4
5
8
11
2
3
8
4
4
10
4
8
4
2
2
1
3
3
5
1
2
3
4
7
2
4
1
2
1
4
1
5
3
3
1
1
94
136
128
104
150
136
75
165
224
109
185
145
214
205
105
223
170
145
95
184
125
185
98
106
85
175
153
106
5
3
2
4
1
3
4
4
3
3
3
1
3
0
1
7
3
1
2
1
1
3
2
9
2
3
1
1
6
1
1
2
7
8
3
5
3
0
1
2
1
2
2
1
2
1
2
7
2
2
1
1
1
1
2
0
2
1
2
218
177
218
182
245
218
253
168
185
186
198
195
195
193
182
151
201
156
201
216
240
206
189
201
193
220
250
221
3
3
2
1
3
2
4
22
4
7
2
7
1
0
5
4
5
13
4
1
2
1
11
2
4
5
1
3
4
2
1
6
6
7
12
2
1
3
2
1
4
3
2
3
1
1
4
3
1
5
3
4
2
1
2
2
3
10
142
182
224
193
125
234
139
164
145
168
87
165
86
234
183
134
259
175
195
155
262
174
138
192
139
182
151
159
5
1
0
2
2
4
2
2
1
1
1
0
3
1
5
2
6
0
4
4
2
2
1
3
3
1
1
1
4
1
9
5
5
2
6
1
2
2
6
2
5
2
4
1
1
3
3
0
0
3
2
1
8
1
4
13
3
108
139
153
102
197
159
116
180
165
132
138
116
154
189
135
145
139
162
137
215
156
170
162
134
104
221
133
126
2
1
1
1
1
6
3
1
2
3
11
1
2
4
6
4
2
7
6
3
5
3
3
3
1
4
2
1
3
2
3
4
3
2
2
0
1
2
2
5
4
3
6
3
2
4
1
3
3
1
4
4
3
1
4
7
241
204
290
249
217
260
233
230
255
204
252
254
202
210
199
274
222
191
235
238
270
239
205
243
236
222
180
218
7
4
4
1
3
3
2
3
2
3
2
7
1
1
1
11
4
1
2
1
4
1
1
7
4
3
5
1
1
2
1
1
5
2
1
1
2
2
1
6
8
3
2
1
2
1
0
6
8
2
2
2
5
2
1
145
213
186
220
175
132
214
245
193
223
239
166
216
192
284
280
151
272
224
221
175
215
249
139
310
173
245
186
5
2
1
3
1
1
4
4
2
4
3
4
1
1
9
1
1
3
2
1
2
2
1
5
2
1
1
2
1
3
6
1
2
2
1
2
5
0
5
3
5
1
2
2
1
0
7
2
2
6
1
2
2
1
189
174
178
183
185
203
198
255
198
199
207
235
204
172
193
192
206
188
182
223
210
192
160
190
171
217
212
222
3
2
0
3
1
0
1
3
7
1
1
1
1
2
2
3
2
3
1
6
1
1
2
3
3
0
1
8
1
1
1
15
1
1
0
1
1
2
2
3
1
2
3
1
1
5
5
3
5
1
1
2
3
174
231
226
201
167
162
217
226
191
179
127
179
158
213
203
130
195
167
173
131
179
160
149
178
171
160
186
144
1
1
2
1
4
13
3
2
2
2
1
1
3
4
3
3
1
2
0
7
0
6
2
1
2
2
2
1
2
1
2
2
3
2
2
3
4
3
2
2
0
2
1
1
2
5
2
2
1
1
1
5
192
249
188
232
193
282
174
249
267
223
152
205
225
218
196
168
224
213
205
148
197
215
208
236
206
220
142
181
19
1
1
4
3
2
0
20
6
2
3
0
1
0
1
2
4
1
0
2
2
3
1
3
5
4
3
7
2
1
0
4
6
4
1
2
0
0
1
4
4
1
0
4
2
1
1
1
3
3
5
264
306
209
253
264
118
237
257
245
253
202
112
229
228
251
249
120
224
242
195
118
212
250
121
265
125
248
234
6
3
2
0
1
2
20
6
5
2
3
4
1
1
19
6
1
2
1
2
2
1
1
9
6
5
3
3
1
0
3
24
2
1
1
2
1
2
3
1
2
3
1
2
2
3
1
2
0
1
262
188
235
199
163
165
204
230
245
204
163
194
216
252
206
152
227
194
203
146
213
199
177
207
246
148
188
198
7
2
3
5
2
1
3
6
1
1
2
4
1
5
6
5
2
2
2
1
2
2
3
2
12
1
1
2
2
3
8
9
11
4
2
1
1
1
2
5
2
3
1
3
3
2
5
4
4
142
174
144
135
161
143
202
160
148
206
186
197
180
160
125
150
123
228
150
143
185
181
167
190
195
184
167
140
0
1
4
3
6
1
4
3
14
1
2
4
10
5
6
4
1
2
0
4
0
3
3
4
0
1
3
1
2
2
3
3
0
1
1
1
2
2
1
2
1
6
3
3
4
2
2
13
25
100
125
100
100
133
81
30
22
58
44
54
158
112
235
221
175
90
122
111
105
75
236
186
96
179
95
90
3
2
2
0
1
1
5
2
12
5
4
1
1
1
1
6
9
2
1
1
9
3
3
3
5
1
1
1
1
3
3
4
4
2
1
1
1
1
1
4
1
3
2
1
0
2
2
57
106
101
103
39
33
96
100
119
138
158
117
119
203
173
83
92
115
223
100
95
132
131
104
138
110
117
97
5
6
5
3
4
3
2
26
2
2
3
5
8
5
4
16
2
5
1
1
2
2
5
6
2
2
1
2
1
2
4
11
4
2
1
3
1
2
4
6
1
4
1
2
3
7
167
109
150
145
161
138
43
143
187
219
195
205
58
119
127
145
135
9
201
209
211
50
190
236
40
211
54
48
4
3
1
4
2
10
1
14
7
0
2
2
2
12
8
3
9
3
3
0
2
13
2
3
1
1
2
2
0
3
2
6
1
2
2
0
2
1
1
2
5
5
1
1
3
87
78
114
88
109
95
38
131
67
117
130
126
28
82
139
153
181
66
97
116
72
77
205
143
61
131
55
34
0
8
10
2
14
4
3
5
0
4
4
3
2
6
5
11
0
5
1
0
5
10
1
3
1
0
2
2
1
3
4
2
2
1
1
2
1
6
1
3
1
1
2
1
124
90
62
139
117
91
81
114
97
158
173
93
101
4
101
145
106
9
132
127
27
164
198
76
95
112
41
15
3
2
4
2
4
1
6
5
2
1
1
3
0
1
2
3
5
4
2
1
2
0
2
1
4
1
3
3
2
3
2
3
1
6
1
1
4
1
2
4
4
0
20
11
87
58
41
68
76
62
104
105
98
111
134
95
100
123
130
139
159
147
100
124
125
110
120
153
119
135
131
5
2
0
5
12
5
10
7
7
2
2
1
4
2
2
6
14
5
1
4
2
3
1
6
1
5
4
2
6
1
1
2
1
3
3
4
1
1
2
1
3
3
90
84
79
76
93
78
65
144
172
186
161
149
191
128
147
147
137
140
164
110
130
188
180
186
238
139
151
179
3
1
2
6
3
1
4
5
4
1
1
3
2
1
6
1
22
1
1
1
5
2
2
4
3
0
1
2
3
1
9
1
4
5
0
2
1
5
2
2
2
80
43
73
44
39
11
75
105
138
126
84
20
122
135
148
87
83
129
139
108
7
141
98
35
128
9
149
80
2
2
3
4
4
8
2
1
1
1
4
2
3
1
5
3
1
4
2
1
3
1
3
4
1
3
2
4
1
3
2
4
1
1
1
4
5
1
4
1
178
251
149
221
200
116
138
198
196
225
214
134
185
156
242
222
129
162
193
169
115
122
193
112
125
143
177
209
6
11
7
2
15
3
3
1
10
14
26
0
5
1
8
1
4
3
3
2
1
2
0
8
4
3
3
1
0
1
1
2
1
5
6
1
1
1
3
166
97
185
198
170
122
221
89
151
160
139
103
162
63
128
182
125
85
148
147
108
177
214
178
173
194
157
114
9
10
3
18
24
6
0
1
4
4
2
6
2
1
11
6
2
1
1
4
2
3
2
0
4
3
1
8
1
2
2
3
3
8
2
2
3
4
180
185
149
152
146
74
148
170
154
145
131
64
156
136
162
150
83
126
127
118
43
142
155
88
127
94
108
82
6
0
12
29
7
2
3
3
1
0
3
4
5
3
5
4
1
1
1
3
0
2
3
12
3
1
1
3
1
2
2
4
4
2
2
2
2
98
127
114
94
122
131
83
156
129
74
161
97
59
183
89
167
117
76
79
151
118
75
83
111
81
102
45
80
4
6
1
5
2
6
6
2
1
2
4
2
2
2
2
2
1
1
2
2
1
2
9
1
1
3
1
6
3
14
2
2
1
3
2
1
159
132
112
172
234
102
116
148
199
234
188
182
114
150
166
145
136
112
187
132
206
100
194
190
129
112
131
116
3
8
9
5
5
4
1
2
4
18
10
1
9
1
1
6
2
3
3
1
5
3
1
2
8
0
1
4
1
1
2
1
2
1
13
254
164
210
212
232
173
234
192
258
251
217
195
238
220
250
186
147
206
268
272
200
218
220
177
230
162
231
216
16
5
0
3
6
1
2
3
4
28
2
2
2
1
1
1
1
1
1
4
1
2
1
1
1
2
4
3
0
3
1
1
1
6
195
189
196
169
152
194
178
183
180
172
156
201
156
202
162
151
199
178
162
170
182
187
203
199
217
177
171
189
27
1
6
2
18
5
5
2
9
3
1
2
1
2
1
6
1
1
1
2
2
0
2
3
4
3
1
1
1
1
2
3
13
177
159
188
193
186
170
218
142
156
158
140
189
160
178
217
167
195
171
161
169
167
182
170
172
173
173
192
176
0
8
3
3
1
2
1
2
1
1
1
3
1
1
1
1
3
1
3
4
1
3
2
3
2
1
3
3
2
7
1
23
117
171
105
150
148
118
172
129
138
116
109
163
148
138
202
186
141
163
132
112
131
100
246
179
160
161
154
175
2
1
4
2
5
4
4
3
2
1
2
2
2
2
1
2
7
1
0
1
1
2
2
3
5
2
5
1
1
1
2
137
120
105
108
182
172
153
158
104
87
130
150
141
142
57
103
140
150
61
92
96
127
138
90
107
131
133
160
8
3
2
6
1
1
7
2
2
1
2
2
1
3
4
4
7
4
2
3
1
1
2
4
1
5
1
1
1
3
177
250
135
137
56
118
161
224
161
121
74
158
166
130
121
76
127
188
163
29
155
98
44
147
101
46
49
111
3
3
2
8
1
8
8
3
3
0
1
1
1
1
3
13
3
2
2
0
2
1
2
3
1
2
0
1
1
105
141
146
207
226
109
125
94
90
125
124
116
111
183
172
159
104
103
170
162
85
84
238
128
133
129
143
129
0
3
3
4
7
2
0
3
2
1
2
3
5
5
2
3
1
1
0
1
2
3
3
4
2
2
2
8
168
144
89
2
79
35
96
130
102
2
106
81
79
104
0
91
83
95
59
115
117
124
69
92
45
108
94
90
2
24
2
1
2
1
2
4
2
1
4
0
1
1
1
11
3
0
1
1
1
0
1
4
3
1
3
109
15
121
43
104
95
117
81
120
97
188
133
164
80
86
89
110
104
76
145
126
145
111
90
110
142
174
221
9
11
2
4
1
2
5
3
2
3
0
3
1
1
2
1
0
2
1
3
1
1
2
3
2
6
88
147
83
160
176
78
146
86
97
81
101
99
97
74
137
164
75
140
74
72
87
77
169
82
128
79
140
89
7
1
4
2
2
4
1
3
2
2
2
4
2
3
3
2
2
1
4
1
3
13
4
5
1
108
64
179
82
79
86
98
95
112
86
106
85
92
79
23
110
55
83
85
83
103
92
75
126
75
86
104
75
1
0
1
2
3
4
1
5
2
4
4
3
3
2
1
6
2
4
2
3
2
4
1
10
269
188
200
79
289
191
278
220
192
76
292
226
259
230
87
182
230
203
84
183
220
189
69
97
81
192
284
210
9
2
2
2
0
2
2
9
1
1
4
1
1
0
1
11
4
3
7
6
0
12
3
307
138
173
139
217
157
251
119
150
123
233
140
264
167
99
110
160
146
83
113
160
140
114
109
150
124
241
134
2
2
3
1
1
3
1
2
4
1
1
2
1
1
1
4
1
2
3
3
1
1
127
234
114
125
225
203
95
119
100
123
128
142
112
108
115
272
224
80
81
91
83
79
125
112
92
242
62
79
3
1
1
1
2
1
3
3
2
0
1
2
2
1
12
8
1
1
5
5
1
215
237
121
113
233
119
104
244
124
118
207
120
111
110
120
231
117
102
198
99
182
155
80
194
170
91
75
171
3
1
1
0
1
3
7
1
1
2
1
2
2
6
10
0
1
0
1
1
148
165
112
163
130
137
111
139
137
155
126
138
139
124
160
198
215
125
119
137
131
140
159
158
138
208
124
112
1
1
3
4
1
1
2
7
6
1
3
2
2
2
1
1
1
4
3
116
196
177
178
175
157
261
136
154
140
223
96
135
268
198
167
184
198
231
193
166
211
203
181
194
131
188
146
12
20
1
2
1
2
6
2
3
3
3
1
4
1
2
6
4
3
157
188
95
128
146
209
226
141
122
154
168
147
148
82
112
148
196
217
124
88
92
87
140
129
133
145
153
223
7
3
2
2
1
3
1
5
2
1
2
1
1
2
3
4
1
165
153
141
151
135
147
129
142
147
207
114
155
124
237
132
163
170
188
141
140
169
193
114
172
146
133
165
170
1
1
1
1
2
3
2
2
2
3
2
3
16
1
4
7
188
187
313
158
306
245
181
239
203
163
225
185
161
199
201
193
169
156
148
298
223
161
148
134
137
282
200
162
2
1
2
2
0
1
1
9
9
1
4
1
5
3
1
60
152
151
109
157
109
80
90
107
159
69
117
171
219
159
240
197
121
183
171
198
150
128
202
212
156
105
185
4
8
0
1
2
1
7
1
2
5
1
1
1
2
141
157
68
134
160
85
104
123
83
109
114
104
139
76
162
160
77
89
104
87
117
62
149
77
87
63
83
122
2
1
1
1
2
0
1
3
2
0
2
1
0
57
136
81
130
114
33
147
13
168
111
56
225
32
85
110
134
15
141
161
92
134
62
120
120
87
74
90
24
2
1
1
3
1
9
8
4
0
3
0
2
167
163
126
238
132
141
240
122
166
148
192
207
209
99
140
105
106
173
117
226
218
130
127
132
219
334
128
139
5
3
1
2
1
1
0
4
1
3
1
153
96
108
109
101
189
95
152
198
186
158
208
128
184
153
132
123
116
164
138
151
162
228
141
135
134
113
122
7
3
2
3
2
1
3
2
4
4
66
126
307
126
84
227
71
79
77
94
219
75
70
139
146
81
143
117
130
82
240
72
104
140
111
89
70
80
2
2
1
0
0
1
7
1
3
170
141
156
169
130
117
144
193
217
163
166
95
135
188
147
166
89
115
170
194
107
145
160
168
218
111
153
180
4
2
1
1
1
0
3
1
153
166
223
225
232
208
201
182
179
153
151
211
144
205
186
220
213
167
224
244
227
206
282
212
297
212
251
172
2
1
6
2
2
4
2
192
175
146
189
192
191
180
154
174
224
179
249
176
160
175
237
137
162
225
164
185
154
214
220
171
147
183
159
11
2
1
3
2
2
134
286
127
139
158
270
280
131
239
210
220
121
120
133
139
163
236
297
206
266
138
130
190
128
131
154
150
227
3
5
1
1
2
204
249
280
209
231
201
223
197
224
180
203
207
174
281
205
203
160
230
226
206
207
222
186
158
220
178
215
141
2
3
2
3
189
160
198
184
192
87
175
108
113
137
123
74
110
169
146
180
75
161
184
196
87
217
192
105
177
92
167
125
6
3
1
203
162
240
224
224
258
173
159
217
294
279
209
243
176
213
198
195
258
239
243
244
184
284
243
248
237
213
189
8
1
183
248
199
199
184
175
193
205
311
178
165
180
183
222
191
170
201
204
189
179
191
199
221
210
215
184
195
263
3
156
239
98
163
143
190
158
160
100
185
126
135
186
99
148
188
224
164
120
81
94
117
108
126
153
211
166
178
