157
28
70
51
114
48
67
78
128
132
204
98
151
162
132
5
12
6
5
12
4
7
1
3
1
6
1
5
8
6
1
2
10
0
11
6
3
12
11
2
5
2
2
0
4
0
6
5
2
2
1
4
1
2
2
6
3
5
2
6
7
14
7
21
2
18
1
3
3
10
1
2
1
2
6
3
5
2
3
2
1
1
3
4
2
5
1
2
1
1
1
1
1
3
1
2
1
7
2
4
5
4
1
1
1
4
3
4
1
1
1
1
4
1
1
1
0
1
1
4
1
4
0
0
3
1
0
2
1
13
8
3
2
3
1
1
2
2
2
4
2
5
3
2
1
3
4
2
14
3
2
3
1
3
1
2
1
1
1
3
5
10
4
5
1
2
3
5
1
165
78
89
64
102
74
86
62
110
33
51
92
35
85
68
12
3
13
4
13
26
8
2
5
6
5
7
10
4
3
3
15
0
9
6
8
11
16
13
4
1
9
2
16
17
3
6
5
3
5
5
3
2
4
7
24
12
3
3
10
0
0
13
5
6
7
10
22
23
9
2
6
10
11
4
3
6
4
3
10
9
3
6
10
5
11
2
4
17
2
2
8
1
4
2
5
7
26
6
11
1
4
5
5
11
3
8
1
3
6
4
11
13
2
1
3
8
2
5
4
3
5
5
5
1
1
3
3
13
10
8
3
2
6
13
1
18
5
4
12
4
7
2
4
10
5
4
8
6
7
6
12
14
3
5
2
3
4
7
4
3
6
2
19
5
3
4
5
74
51
25
77
41
78
64
94
53
80
55
40
41
49
96
4
13
18
13
22
13
5
15
9
3
4
8
4
7
1
13
0
9
12
11
10
21
9
6
4
6
5
10
11
3
10
10
4
2
6
2
5
3
17
11
13
5
8
3
16
0
26
8
17
4
7
13
18
8
4
8
4
11
8
3
5
8
3
3
4
19
7
7
12
3
1
7
7
3
2
4
3
3
2
3
17
17
6
28
3
5
7
3
5
6
7
2
8
3
3
1
9
5
3
6
1
3
3
4
3
5
5
1
3
4
5
4
20
10
7
8
5
6
7
8
7
7
4
12
3
9
3
5
6
4
5
4
8
6
4
8
4
7
4
7
5
4
3
6
5
5
3
6
5
3
3
3
10
136
186
155
11
12
5
17
141
152
153
80
180
26
77
2
16
7
6
15
13
5
5
2
1
4
8
1
14
11
6
4
6
0
11
5
5
2
3
2
2
6
4
2
4
1
2
1
4
1
3
3
11
7
7
6
9
8
13
0
7
4
17
2
2
9
4
7
2
2
3
2
1
1
4
3
0
3
4
2
3
2
3
5
2
3
0
1
2
5
1
2
1
1
6
4
2
4
5
2
9
6
4
5
3
1
2
4
2
1
2
1
0
0
2
0
2
1
1
1
2
3
0
1
1
2
10
1
1
0
8
5
2
3
4
3
1
6
8
4
4
3
3
1
2
3
2
4
4
9
0
3
1
6
1
3
1
4
3
1
3
2
3
1
3
1
51
66
66
11
21
98
75
58
70
80
65
77
12
35
75
23
9
9
9
6
5
7
4
5
8
7
4
7
8
12
17
8
14
4
12
14
7
7
7
7
7
15
10
6
6
3
3
6
3
2
4
12
3
3
14
8
14
8
0
15
12
8
4
5
4
10
6
11
3
6
5
2
2
8
21
5
3
6
7
2
9
4
4
4
2
4
6
2
2
4
5
6
1
4
4
1
8
1
2
2
5
6
7
4
1
7
8
7
5
3
8
2
1
6
6
2
5
1
4
2
3
3
2
3
3
8
4
3
6
4
8
12
4
3
7
3
5
4
12
17
3
9
1
4
5
2
3
4
4
4
4
1
4
2
3
3
4
1
3
3
1
14
12
26
14
19
39
23
21
16
24
29
27
41
18
19
33
20
22
13
23
6
11
4
15
7
3
5
13
8
8
12
15
0
23
13
10
16
8
15
9
17
5
4
13
0
8
13
7
3
3
5
2
3
4
20
12
7
5
12
8
4
21
13
21
22
14
3
20
12
21
11
14
4
11
2
3
6
7
3
7
3
3
2
5
6
1
1
5
3
6
2
4
4
6
4
3
3
11
2
10
2
5
9
6
5
6
2
4
6
11
4
5
4
4
2
4
12
3
4
3
1
3
4
7
4
3
5
4
13
6
3
4
3
5
15
5
2
8
3
14
16
10
10
4
13
7
1
6
8
9
9
10
2
4
2
7
4
9
1
4
3
2
3
7
3
4
7
6
81
146
318
95
152
104
73
124
57
132
104
94
81
188
74
13
13
1
2
13
4
2
12
1
2
6
5
0
5
3
16
11
22
7
3
2
6
4
5
15
5
5
4
6
5
5
1
2
2
26
5
8
5
7
4
13
0
14
8
10
12
4
12
9
2
11
9
11
10
4
4
8
8
4
2
5
7
8
7
7
4
3
2
2
2
3
5
8
1
2
3
12
7
9
2
3
5
13
10
17
7
4
1
6
1
5
1
9
2
3
2
8
1
7
5
2
2
4
3
3
2
2
2
12
7
10
6
8
2
3
3
23
8
13
2
1
4
5
7
10
1
6
4
4
7
3
8
7
3
1
3
3
3
5
5
4
5
3
2
3
4
6
1
93
56
90
74
109
85
94
79
84
82
85
53
70
87
59
10
5
9
6
6
2
5
6
3
6
6
0
0
10
0
17
20
7
1
5
8
4
10
12
6
18
4
2
8
4
5
4
4
17
6
5
3
9
7
23
0
7
10
13
11
6
10
10
6
3
7
9
14
5
4
5
8
2
5
9
5
5
7
6
7
2
3
5
10
3
7
2
3
3
4
22
9
3
14
6
6
6
3
17
6
8
6
7
5
2
3
10
4
4
5
2
7
6
4
5
8
4
3
3
2
8
1
16
9
12
17
9
3
6
4
8
9
2
5
1
4
5
6
5
5
3
5
7
5
8
5
3
4
5
8
10
4
5
3
3
5
4
7
3
5
10
7
76
81
101
95
77
72
59
84
86
70
82
81
101
88
113
7
10
4
4
4
11
8
10
3
11
0
0
8
10
12
12
11
3
11
6
7
7
22
2
5
15
3
8
5
2
5
3
15
4
8
4
3
11
5
17
7
2
5
6
3
10
19
5
11
13
4
7
7
4
3
6
1
4
11
2
3
10
4
4
6
3
4
12
4
5
11
3
4
8
9
10
7
10
7
12
2
6
9
4
11
9
3
7
5
9
5
6
2
4
8
6
9
6
1
8
9
6
4
5
6
2
17
8
9
14
3
3
9
3
5
9
4
11
7
1
5
11
4
7
13
5
7
21
11
7
5
4
7
12
1
2
1
3
7
9
2
9
8
3
8
8
177
253
274
229
334
182
174
154
186
262
249
263
209
297
240
8
4
1
1
1
9
2
3
2
0
0
17
7
6
2
2
0
8
3
1
3
3
4
4
8
0
2
4
0
1
1
3
1
4
4
10
3
0
0
5
5
2
7
1
3
4
3
3
9
1
4
0
1
2
8
0
1
4
0
1
3
3
1
1
1
1
1
0
0
0
1
1
2
1
1
2
1
8
1
4
2
1
1
1
1
2
1
2
1
2
1
0
2
1
1
1
1
0
1
0
0
2
1
0
0
2
1
1
1
7
2
8
1
3
3
1
3
2
1
3
2
1
1
1
1
5
4
4
1
2
1
1
4
1
1
0
3
2
3
1
0
4
1
3
1
98
66
56
8
35
91
25
22
41
80
31
52
25
96
18
6
5
1
6
7
17
6
5
0
8
2
6
6
14
5
3
3
6
7
12
5
7
9
11
4
9
5
3
12
7
8
10
4
2
11
17
0
11
6
7
6
7
2
17
5
2
4
17
5
12
2
0
1
11
4
16
9
7
4
15
4
1
5
2
1
4
0
10
1
2
2
4
6
5
3
5
3
5
1
9
3
2
6
2
5
5
3
0
5
7
3
3
3
5
2
8
3
3
2
2
5
4
3
6
2
4
4
5
2
11
5
2
2
10
0
6
1
3
3
5
2
4
3
4
3
11
4
11
1
1
4
4
7
12
2
4
1
3
6
9
2
7
4
8
19
43
14
43
21
33
67
53
82
9
85
22
66
60
64
2
5
7
2
4
9
4
0
8
10
5
13
9
6
5
2
2
6
9
0
6
6
5
5
5
3
3
4
4
5
6
3
2
5
8
3
0
6
6
6
3
4
7
2
3
2
5
3
5
0
0
2
6
3
1
4
3
2
7
7
3
2
2
1
1
1
1
3
2
2
3
3
7
3
2
6
2
10
11
1
2
3
1
3
8
4
4
4
1
4
7
5
3
1
2
2
4
2
4
4
2
3
4
7
3
2
8
6
8
7
6
3
2
3
8
3
3
2
1
4
2
5
3
1
3
6
3
6
1
3
4
4
3
2
3
2
1
4
2
2
1
3
2
184
147
189
151
252
134
207
176
242
124
190
153
165
237
185
1
1
1
2
1
5
0
6
1
7
2
4
2
2
1
1
1
3
4
3
2
4
2
8
1
1
2
1
4
4
3
1
3
2
0
20
2
1
6
2
4
4
10
0
1
1
5
8
1
2
2
2
1
3
9
3
1
3
0
1
1
1
6
2
14
12
3
1
9
0
1
14
7
5
0
2
1
2
1
0
0
2
1
1
0
1
5
1
4
1
0
1
1
2
3
3
1
3
2
4
2
1
8
1
3
1
2
1
2
1
0
5
2
2
0
1
1
2
6
5
1
4
1
5
1
2
5
1
1
2
1
1
1
3
4
4
3
3
1
0
1
1
69
97
137
38
124
96
101
79
70
100
81
116
103
173
16
34
1
3
4
1
8
11
3
3
4
7
8
7
0
3
2
3
2
6
2
1
0
20
2
1
1
2
2
4
2
1
2
2
4
0
6
3
4
2
1
3
6
1
2
2
1
4
2
3
0
3
0
5
3
15
5
3
2
5
1
5
2
14
1
2
0
9
6
2
3
11
3
5
0
2
1
2
3
1
1
2
1
3
2
3
2
3
6
8
1
3
2
3
0
3
4
4
0
2
1
2
9
7
3
5
2
3
4
4
1
4
1
7
1
2
2
6
6
6
3
7
1
2
1
5
8
3
2
2
1
0
2
3
11
10
3
3
1
3
4
3
25
11
36
13
36
11
29
17
35
12
55
5
13
68
17
11
4
3
6
0
0
1
4
10
19
6
8
2
6
6
18
9
3
5
5
3
8
2
2
3
3
10
14
6
0
3
3
0
0
7
3
8
9
2
13
6
2
4
2
5
11
3
13
3
4
4
6
4
1
5
5
2
4
3
1
2
3
3
8
3
3
8
3
7
20
5
5
2
2
4
8
3
1
5
0
3
9
5
4
6
2
3
13
3
1
4
3
9
14
5
4
1
3
3
10
4
3
2
4
1
6
2
4
1
1
6
7
1
2
3
2
4
7
6
4
6
4
6
6
1
1
2
6
5
5
3
3
4
5
5
4
4
4
4
3
252
100
239
179
179
118
266
219
171
133
88
82
205
164
142
16
3
2
0
4
1
7
12
1
3
2
5
3
2
0
2
2
4
4
3
4
1
4
1
7
8
2
2
7
23
5
11
0
5
3
7
1
3
3
4
3
2
7
4
2
1
1
3
5
4
2
2
1
1
1
3
2
1
1
1
4
1
2
9
6
4
4
6
1
4
3
3
14
10
4
0
2
0
1
4
2
2
2
2
4
2
1
1
3
2
4
1
1
0
2
3
3
1
4
2
3
1
0
5
7
3
1
3
1
3
0
0
4
2
2
5
1
1
3
4
13
4
5
0
0
3
3
4
1
2
1
3
4
6
0
7
2
1
3
294
234
308
304
243
277
301
292
278
239
224
276
277
249
228
3
1
4
8
4
5
1
9
4
3
3
6
6
7
4
2
18
5
1
7
3
3
9
5
2
1
4
2
2
11
5
0
5
5
8
6
2
3
4
0
7
10
2
4
2
1
4
4
4
16
4
5
4
2
5
5
1
3
2
2
4
3
2
12
6
2
2
2
2
4
1
6
9
3
1
4
1
6
2
1
1
0
3
2
3
3
8
3
2
11
1
3
2
3
1
5
1
2
4
2
1
3
3
4
7
13
3
2
3
3
0
7
3
1
5
1
1
2
10
2
14
4
3
2
2
4
0
1
0
4
4
3
2
5
5
3
4
3
9
18
36
76
125
47
6
81
47
29
41
13
10
41
82
7
0
21
2
8
6
12
8
3
3
4
3
3
0
5
6
3
2
5
1
1
1
1
6
2
5
5
3
4
7
0
10
3
5
6
3
7
6
4
7
2
3
4
3
3
2
3
7
4
2
10
2
2
4
1
4
5
1
1
3
2
4
3
3
0
4
8
3
6
3
1
4
3
3
2
1
1
4
11
3
5
2
3
9
3
4
2
3
2
2
2
3
1
7
3
3
2
4
4
5
7
6
5
10
23
1
1
1
11
6
4
6
3
4
6
5
5
1
3
4
4
5
5
2
6
8
2
5
6
1
3
4
7
7
8
6
2
92
209
227
245
267
125
117
104
114
295
263
256
252
232
300
16
14
11
19
7
22
8
4
7
5
2
8
10
10
4
4
2
2
7
1
1
5
8
11
4
3
10
5
0
0
19
13
13
26
7
8
10
3
3
10
4
6
1
2
1
5
1
4
7
2
3
4
2
1
0
2
8
4
2
3
3
3
3
7
6
5
10
3
3
4
5
5
13
10
3
2
1
6
6
2
7
3
1
1
1
2
3
3
1
2
6
2
1
4
1
1
6
2
2
2
2
4
5
3
7
6
2
9
4
3
3
4
8
5
5
2
6
12
1
2
4
3
1
3
2
2
1
2
19
8
2
3
6
3
3
5
0
0
0
87
0
0
0
0
0
0
0
0
0
0
0
0
14
0
0
0
0
0
7
6
0
0
0
0
6
6
0
0
0
0
4
2
0
0
0
0
8
11
0
0
0
0
24
20
0
0
0
0
5
9
0
0
0
0
4
7
0
0
0
0
5
6
0
0
0
0
6
5
0
0
0
0
6
4
0
0
0
0
2
13
0
0
0
0
5
1
0
0
0
0
7
3
0
0
0
0
8
3
0
0
0
0
2
1
0
0
0
0
3
3
0
0
0
0
14
6
0
0
0
0
6
3
0
0
0
0
5
7
0
0
0
0
9
5
0
0
0
0
12
5
0
0
0
0
13
9
41
0
117
79
114
0
24
33
23
0
0
0
97
129
99
13
29
11
0
19
7
11
11
12
0
11
10
6
8
11
0
9
8
4
3
21
0
13
9
5
12
0
0
16
16
22
17
6
0
13
12
5
9
5
0
4
3
3
6
2
0
6
13
9
15
9
0
3
8
5
5
6
0
9
6
2
3
10
0
5
16
3
11
3
0
24
8
3
3
8
0
3
3
4
3
3
0
7
8
2
9
9
0
8
8
2
3
6
0
10
8
7
5
10
0
11
8
6
9
7
0
6
7
6
16
11
0
12
13
6
17
11
0
8
11
2
5
8
0
7
7
7
5
7
0
12
12
5
5
199
141
36
266
192
108
41
170
132
39
139
223
45
43
190
0
6
12
4
18
12
8
1
15
7
6
12
4
2
10
1
2
1
6
10
14
2
11
11
3
14
0
11
15
3
25
2
14
5
15
8
6
3
6
0
4
5
13
1
2
3
12
1
10
6
8
1
9
1
7
2
3
2
3
1
5
7
6
0
16
3
8
11
12
6
5
2
3
4
5
3
4
2
1
1
3
2
3
4
1
5
5
2
5
1
1
2
4
5
3
2
3
15
11
3
6
6
4
2
5
9
14
4
5
8
3
8
9
2
7
4
5
1
6
3
4
4
5
0
12
3
5
1
3
8
13
6
3
0
0
0
0
0
92
0
97
150
0
286
120
0
0
118
0
30
0
6
11
6
0
10
0
8
9
3
0
3
0
1
2
2
0
14
0
13
10
15
0
0
0
21
21
18
0
14
0
12
8
25
0
15
0
5
4
11
0
7
0
7
5
6
0
3
0
10
2
6
0
3
0
5
3
2
0
7
0
7
5
6
0
8
0
2
1
1
0
12
0
3
5
4
0
6
0
3
1
3
0
4
0
7
2
4
0
3
0
4
1
2
0
11
0
2
4
8
0
6
0
3
6
8
0
3
0
10
9
13
0
12
0
3
4
12
0
4
0
3
3
6
0
3
0
8
8
7
59
75
46
90
137
38
115
51
134
34
51
61
63
89
79
14
8
4
7
4
3
15
13
6
12
4
3
4
5
4
6
2
10
14
8
11
11
11
19
16
18
11
20
24
2
17
11
9
6
9
2
11
1
4
9
3
1
6
3
3
7
4
3
14
1
5
20
1
1
10
5
1
8
4
3
11
5
5
6
14
9
6
3
4
2
1
2
8
4
3
11
1
2
4
8
1
8
2
1
4
4
1
6
0
3
5
11
2
3
3
2
11
5
4
9
1
2
12
8
5
15
5
5
3
7
14
8
5
5
8
2
6
7
4
1
5
1
9
2
2
4
5
11
6
14
3
74
44
89
94
114
23
89
84
80
14
25
70
117
96
101
16
8
6
9
4
18
8
6
6
5
7
6
5
4
4
3
26
20
9
6
6
7
30
18
12
18
19
7
9
12
11
6
7
13
9
11
6
5
4
9
4
3
8
5
13
10
7
3
1
9
4
5
6
6
3
7
4
6
10
16
3
4
4
4
13
3
9
8
17
8
7
8
1
8
18
4
7
4
6
4
6
6
3
4
3
4
3
2
3
2
14
5
4
6
11
4
5
4
7
9
10
22
1
8
9
9
8
12
4
9
8
4
8
7
9
9
3
15
9
7
2
4
8
7
7
4
19
9
9
5
53
63
47
66
205
104
20
138
58
30
80
45
31
50
49
9
4
3
5
14
11
3
7
6
6
3
7
4
2
5
12
11
6
5
11
11
9
13
18
15
9
15
11
7
16
7
8
6
6
10
5
4
2
8
2
5
6
5
5
10
12
3
3
9
9
15
6
9
6
8
6
4
5
9
3
6
4
7
2
3
4
4
13
6
6
4
2
2
6
8
6
1
2
5
8
6
7
3
4
6
3
2
4
3
10
8
5
4
4
7
6
4
9
10
8
5
1
11
5
9
11
8
11
10
5
8
4
5
4
7
4
12
3
2
4
11
3
12
10
10
4
4
4
7
24
108
15
72
76
41
40
77
28
52
74
59
72
77
85
4
6
4
5
3
2
8
3
3
7
3
2
4
4
6
10
8
3
10
5
3
13
6
2
6
7
3
4
2
4
3
3
4
3
3
2
2
5
1
1
5
7
9
11
4
5
1
7
3
4
8
12
1
3
4
2
3
5
2
9
4
5
4
4
2
2
3
1
2
3
2
3
4
3
3
4
1
3
3
6
3
7
4
10
1
3
2
6
10
4
3
4
3
1
3
4
5
7
7
3
1
1
3
17
5
3
2
5
4
9
6
2
2
3
4
8
1
2
1
4
3
5
6
5
1
3
6
3
303
189
147
84
211
200
169
74
213
202
74
196
70
197
83
8
5
3
0
1
2
1
5
2
3
1
2
2
14
4
3
9
5
4
11
0
8
7
8
11
11
3
9
8
3
8
3
2
1
2
4
4
3
4
5
1
0
2
2
1
1
1
1
1
3
0
2
1
1
1
3
1
1
3
1
4
7
3
1
3
3
1
8
4
3
2
1
1
2
0
4
5
0
1
2
0
2
0
1
1
2
0
6
2
1
1
9
4
8
4
2
2
3
5
12
1
5
2
7
3
6
2
8
10
9
3
3
0
3
2
2
1
1
2
2
1
2
2
7
4
2
4
77
61
28
34
79
84
75
59
92
43
34
59
79
172
85
17
7
9
5
9
4
7
4
4
5
5
4
13
3
5
2
8
9
10
0
3
1
11
8
2
2
10
3
12
7
2
3
4
2
6
4
7
6
1
5
5
3
11
11
7
6
2
1
6
4
11
19
7
8
6
1
3
12
4
2
11
3
6
9
4
1
7
4
4
1
5
3
7
3
4
8
3
9
1
3
4
4
4
4
7
1
3
9
3
3
3
4
1
2
2
6
5
5
6
6
8
5
6
9
3
4
3
12
30
6
1
2
2
4
3
3
3
5
6
2
5
5
14
8
6
12
79
77
75
107
87
86
95
99
85
184
76
60
85
73
77
3
1
4
6
5
1
2
3
1
3
7
3
3
6
1
5
8
0
0
3
2
6
7
1
2
2
1
5
3
2
1
1
1
1
3
2
3
6
1
2
3
3
13
22
7
3
3
6
2
10
4
3
5
1
2
3
4
1
16
2
2
1
2
1
2
6
1
2
4
2
3
2
2
3
3
6
6
1
3
1
3
2
6
5
2
2
2
2
4
3
3
4
1
0
4
5
12
1
4
3
4
5
7
2
4
2
8
7
3
3
2
3
3
4
2
2
3
1
14
3
3
3
9
6
20
82
43
23
96
79
74
48
106
83
85
76
83
73
75
101
17
4
4
5
13
4
5
6
5
1
9
11
10
2
5
6
12
0
10
4
9
7
6
11
12
5
1
5
3
6
4
4
1
5
2
5
4
6
3
5
4
4
3
8
4
2
2
7
3
7
4
1
6
6
8
14
1
7
8
6
6
3
4
5
3
7
4
10
10
5
4
1
3
2
4
3
3
6
3
3
0
2
3
3
13
8
6
7
4
6
7
4
5
22
9
12
2
6
3
4
8
4
9
14
2
3
4
4
9
13
5
4
3
3
2
4
6
2
6
8
4
7
1
3
52
0
24
20
11
0
86
101
78
0
0
0
101
53
91
5
10
7
5
9
0
4
12
3
18
13
0
10
9
6
20
0
0
5
9
6
8
8
0
6
7
5
10
12
0
4
6
4
4
3
0
9
8
3
6
3
0
5
6
2
11
1
0
6
8
2
7
6
0
13
10
2
10
3
0
5
8
3
4
5
0
2
9
4
9
2
0
9
7
1
8
4
0
6
3
4
5
2
0
8
13
6
12
1
0
6
8
6
7
3
0
6
6
1
11
4
0
12
8
6
8
2
0
6
6
7
7
2
0
12
5
4
9
3
0
8
14
2
115
142
44
103
162
180
57
166
171
75
179
226
52
87
201
12
9
3
2
1
1
5
1
9
2
1
4
6
6
9
0
2
9
8
7
4
3
10
1
5
8
2
4
0
1
3
4
3
2
2
1
3
1
3
3
2
4
8
4
1
1
6
1
8
0
4
1
3
3
6
3
10
1
3
5
5
1
3
7
6
1
7
1
1
1
3
4
8
1
1
2
2
1
6
2
2
2
6
2
4
2
3
6
5
2
5
4
2
12
2
2
7
5
1
4
2
1
6
5
5
4
1
0
8
2
1
4
3
2
4
3
3
1
3
4
9
2
73
75
71
78
68
87
97
93
118
77
115
90
80
110
90
10
2
3
3
4
3
5
7
3
2
3
12
7
8
0
3
6
10
8
6
5
2
2
2
7
3
7
3
2
5
13
3
3
4
3
3
4
4
5
2
4
2
3
4
6
4
3
5
5
4
5
1
5
3
7
9
4
4
2
4
1
4
8
3
9
5
2
3
2
3
4
5
1
1
1
2
2
5
3
2
2
3
4
3
4
3
10
14
5
4
6
2
3
4
3
5
5
4
3
2
8
3
4
8
6
2
4
2
2
2
2
3
5
3
1
2
5
3
4
5
4
85
106
95
64
110
93
163
50
103
111
119
121
79
123
97
1
2
1
2
3
4
7
3
3
3
4
6
0
7
4
4
3
3
2
2
8
3
4
4
4
2
2
2
1
4
8
3
5
2
2
3
2
1
2
8
1
1
1
3
1
4
3
1
4
2
2
4
1
2
2
2
2
3
1
2
4
3
6
8
2
2
6
2
3
10
1
2
2
3
1
3
2
5
4
2
3
3
4
5
2
3
10
4
1
3
5
4
0
1
6
5
4
2
1
3
2
3
5
1
2
2
4
7
3
2
4
5
2
2
2
2
1
5
5
5
194
195
288
285
158
198
190
182
156
222
193
152
276
161
151
1
2
1
1
1
8
1
1
2
2
3
2
0
5
4
8
3
8
1
4
2
2
3
3
1
2
3
1
2
0
2
3
2
1
2
6
2
0
1
2
2
1
2
3
1
3
1
3
7
5
1
2
1
1
1
2
1
2
0
1
3
2
1
4
1
1
1
0
1
2
3
4
2
1
1
3
0
0
0
9
1
3
3
1
2
2
4
2
4
2
2
1
5
2
4
3
2
5
2
2
3
0
1
1
1
5
3
0
0
1
5
2
3
2
1
1
3
2
1
165
131
134
183
196
113
134
262
162
182
121
168
135
159
199
2
2
2
3
5
5
7
1
2
2
5
13
5
1
6
3
4
4
4
1
6
5
2
1
3
4
2
6
3
8
5
7
2
4
3
1
3
3
9
1
3
3
6
4
3
4
2
4
17
6
3
3
7
3
0
0
1
1
1
9
1
5
9
1
7
5
3
3
3
3
2
7
2
2
2
1
3
5
3
4
6
1
1
2
1
1
1
0
1
6
1
3
1
1
4
11
6
6
3
4
5
3
3
5
2
2
1
6
2
2
3
3
7
2
1
1
1
4
217
160
115
131
211
125
116
100
168
162
157
130
120
120
113
1
3
1
8
2
6
4
4
5
0
10
6
4
3
3
2
9
3
1
1
3
6
3
2
1
3
1
1
3
2
1
2
2
1
2
1
1
2
3
2
4
3
1
2
1
5
7
2
4
1
5
3
1
2
3
2
3
0
2
1
9
2
6
1
1
1
3
2
1
4
1
2
3
1
1
2
1
8
2
4
3
1
2
3
1
3
7
5
6
3
2
3
3
2
1
3
7
2
1
1
1
2
4
1
4
1
3
0
2
1
1
4
4
0
3
1
2
226
209
215
314
278
210
266
204
268
282
223
226
205
267
251
1
3
4
1
2
1
3
2
0
0
4
3
4
2
0
5
7
1
1
3
1
3
2
1
7
2
0
3
1
2
0
2
3
1
1
2
1
1
2
1
1
3
2
1
2
3
2
4
1
12
3
1
0
1
1
2
1
2
6
2
1
1
0
2
2
2
3
1
1
5
2
2
0
2
1
2
4
2
1
1
2
1
3
3
0
1
1
3
0
1
2
1
2
2
1
1
0
4
5
2
1
1
2
3
1
1
1
2
1
1
5
3
2
4
3
4
234
237
196
232
250
246
238
235
280
232
221
265
191
229
244
1
2
2
2
0
1
3
3
0
7
1
1
4
5
5
4
2
2
1
1
3
2
4
1
1
1
27
2
4
0
3
2
2
2
1
6
2
4
2
5
1
3
2
7
3
3
4
1
3
3
2
1
2
2
1
3
1
2
1
2
3
1
3
2
1
2
6
2
2
1
3
1
1
3
1
13
4
3
3
2
5
7
2
1
1
5
2
1
1
2
4
2
2
1
2
3
4
3
2
7
7
1
4
11
5
2
5
1
1
4
4
2
3
1
3
129
346
213
298
207
129
137
129
121
210
259
198
189
162
264
4
1
3
1
10
3
4
0
5
2
3
5
1
5
5
1
5
6
1
3
2
1
3
2
0
1
2
2
2
3
2
4
4
1
7
1
1
1
15
9
13
4
2
3
4
1
1
2
1
7
3
1
1
1
1
3
1
13
2
2
1
1
2
5
2
3
3
1
3
3
11
7
2
2
3
4
1
2
3
2
9
4
0
4
1
3
2
2
7
2
2
4
2
2
2
2
4
8
1
1
2
3
3
2
3
2
1
1
2
1
7
5
2
12
26
80
90
61
48
82
28
53
56
80
85
97
79
60
102
13
11
19
7
14
24
19
7
14
19
20
9
11
7
13
4
12
20
15
1
4
3
11
3
4
12
9
1
10
7
2
1
6
4
3
4
4
2
10
4
2
9
5
6
9
3
4
5
3
4
9
5
3
6
8
1
2
5
2
2
1
4
6
6
7
5
5
1
2
1
2
5
1
11
9
4
4
3
5
7
13
8
9
7
12
5
9
5
5
8
4
1
7
4
6
6
5
7
5
6
7
2
4
11
10
6
8
6
3
5
7
10
10
108
94
30
66
50
101
30
84
78
63
113
106
17
20
206
9
6
9
7
2
0
13
6
9
3
18
8
11
3
2
5
4
10
6
8
1
2
2
3
7
10
4
7
1
5
2
5
3
4
2
4
2
6
2
1
1
10
2
6
2
6
3
2
5
6
8
5
7
4
7
2
3
2
1
4
4
3
3
1
3
2
5
1
1
2
2
2
16
9
4
3
7
2
3
5
4
8
8
11
4
5
3
2
4
8
6
8
2
2
3
3
8
5
2
2
1
2
2
8
5
2
2
3
3
9
7
3
141
127
86
54
111
129
111
88
113
88
87
116
129
157
104
2
2
6
4
0
17
3
2
11
11
3
8
2
3
11
13
1
3
3
3
3
3
4
5
7
3
4
3
2
2
3
5
3
4
2
1
6
7
3
8
5
3
6
2
10
3
4
5
5
3
4
1
2
4
0
6
5
3
1
2
2
4
5
8
1
4
5
2
3
3
1
11
8
12
8
4
3
6
3
2
3
12
3
4
2
3
7
8
4
9
5
5
4
4
8
2
3
5
4
2
3
4
3
4
8
9
6
2
2
3
4
91
141
154
151
110
109
129
112
130
144
170
113
180
126
139
26
3
0
12
3
2
11
5
3
4
8
2
2
4
5
3
1
2
6
3
2
1
3
5
1
4
6
3
1
0
1
7
0
1
4
1
2
4
13
3
0
3
3
5
4
7
4
2
3
1
3
5
2
5
0
2
1
0
3
2
2
1
1
1
2
4
2
0
1
0
2
1
1
1
7
7
7
4
3
5
2
1
10
4
3
3
3
4
2
2
2
5
3
4
0
1
1
7
1
1
1
0
2
4
2
2
5
4
4
3
137
84
85
78
97
118
149
72
160
91
62
88
74
208
77
17
7
0
11
4
16
24
3
5
20
4
6
5
2
10
2
1
10
15
4
2
4
1
7
7
2
3
6
4
7
3
1
2
3
4
3
2
3
4
2
3
6
4
5
2
5
1
7
2
5
5
5
3
3
1
4
2
4
3
8
2
1
2
3
1
5
1
1
2
25
1
6
10
3
7
16
4
5
6
2
12
6
5
3
4
4
5
4
2
4
3
7
4
4
1
6
5
3
3
6
3
4
2
2
2
12
6
8
7
174
28
133
117
123
7
137
95
136
87
38
11
112
142
88
0
14
12
14
2
2
4
3
10
4
10
4
9
4
2
3
2
3
8
1
4
2
1
4
7
4
1
4
1
1
0
2
6
4
1
1
6
4
2
4
5
4
10
4
3
3
2
1
4
3
10
15
4
1
2
1
6
5
1
0
3
2
2
9
2
0
7
1
7
8
2
2
5
3
15
6
2
5
3
6
3
10
4
4
4
5
4
5
5
1
6
6
1
1
1
1
2
2
3
3
1
1
2
2
2
8
2
2
0
0
0
0
0
91
73
158
108
51
138
86
94
91
158
10
7
19
18
0
12
12
7
20
5
0
10
13
2
5
3
0
2
1
2
6
5
0
11
3
1
4
14
0
1
5
1
7
1
0
17
6
2
9
4
0
13
3
10
11
11
0
5
4
3
6
3
0
2
1
0
7
3
0
3
3
2
3
2
0
4
1
4
8
3
0
11
2
4
5
8
0
6
10
7
3
11
0
13
3
2
6
9
0
13
7
1
4
3
0
5
4
0
9
6
0
3
6
5
4
3
0
0
95
0
92
0
0
0
0
0
0
102
0
0
0
0
26
0
0
0
15
21
14
0
0
0
7
12
9
0
0
0
4
9
12
0
0
0
9
9
6
0
0
0
4
10
9
0
0
0
7
36
9
0
0
0
3
6
8
0
0
0
3
10
2
0
0
0
7
12
8
0
0
0
6
21
4
0
0
0
7
8
22
0
0
0
5
8
8
0
0
0
7
17
9
0
0
0
19
22
10
0
0
0
5
8
6
0
0
0
4
10
3
0
0
0
7
19
6
0
0
0
131
115
97
140
91
174
160
140
130
150
122
110
106
111
95
7
24
16
7
10
10
4
3
20
9
8
6
3
4
7
3
4
4
8
4
6
7
2
3
8
11
7
9
5
3
23
3
2
10
18
5
14
3
7
8
3
9
5
6
5
6
3
8
3
7
5
9
3
1
4
5
4
5
3
2
7
2
2
4
1
7
6
6
10
6
4
5
3
4
6
9
11
2
10
4
5
8
14
6
10
6
12
12
8
6
4
3
7
6
2
7
5
9
12
8
8
4
5
7
3
113
110
126
55
53
146
165
87
77
269
114
80
124
85
52
5
14
3
9
12
8
4
12
2
6
1
2
4
12
6
1
5
6
2
11
6
3
1
3
6
3
1
1
2
2
1
4
6
2
1
6
5
6
9
4
5
5
3
2
6
4
5
1
3
2
2
0
1
3
6
1
2
3
1
4
1
1
1
1
9
4
2
12
7
4
13
4
4
9
2
5
2
2
4
5
13
1
1
5
7
9
3
7
1
1
5
2
4
3
2
3
18
5
7
1
4
5
2
3
94
85
102
78
82
55
157
123
141
86
96
69
163
115
102
33
8
17
26
7
5
18
10
14
3
3
3
10
2
7
6
5
1
10
12
5
2
5
1
4
2
2
4
5
1
5
11
5
11
14
2
13
8
8
6
5
2
2
5
7
4
3
1
2
3
3
9
2
1
3
6
9
2
5
1
6
2
2
21
4
1
6
10
6
6
4
2
14
3
7
3
8
3
4
9
2
8
9
3
11
7
13
4
4
3
12
2
3
4
1
2
10
8
5
9
8
5
8
34
114
106
101
82
66
45
105
78
175
132
154
117
130
98
9
16
5
10
3
13
2
5
4
4
2
10
2
8
10
17
3
4
6
4
2
5
1
3
1
2
16
3
2
4
4
6
3
10
1
19
4
7
2
9
1
3
3
9
2
3
2
4
2
4
1
3
1
3
2
3
3
2
1
4
3
1
3
6
1
7
5
4
5
6
2
8
2
13
4
11
3
8
13
14
6
7
10
15
12
8
3
4
2
10
2
6
1
5
13
11
4
7
2
10
1
11
168
71
231
236
179
82
171
179
180
58
72
92
228
171
189
9
4
1
1
3
7
5
2
3
0
1
0
5
11
2
2
3
1
1
2
1
3
3
4
3
2
2
5
2
4
6
2
1
0
4
4
1
1
3
2
3
1
3
2
3
5
4
1
1
1
1
1
2
1
2
1
2
1
0
2
2
6
10
5
3
1
2
13
1
2
3
6
4
6
4
1
1
5
2
7
3
2
2
3
4
3
3
1
7
1
3
1
2
9
1
1
3
2
0
1
1
64
43
55
67
60
88
85
65
78
69
51
73
115
128
76
8
6
9
5
4
6
5
2
4
5
3
5
3
5
6
9
2
1
3
4
11
5
3
3
3
2
4
3
4
15
7
10
3
2
7
3
9
1
5
4
1
6
2
7
2
1
2
5
2
3
14
4
4
3
8
4
3
4
6
3
10
5
2
3
1
4
12
7
2
6
6
10
4
5
4
6
8
2
3
5
7
4
5
2
3
2
2
12
2
4
2
12
6
2
2
3
2
5
4
8
17
14
10
24
39
22
28
21
48
215
27
129
40
131
49
7
4
8
10
6
6
3
2
15
1
1
5
3
5
12
18
6
8
2
2
10
2
1
6
3
6
7
13
8
1
9
3
9
2
2
8
7
4
1
3
2
7
0
6
5
3
3
3
3
2
7
7
3
6
1
1
4
5
1
12
14
2
4
10
1
9
5
7
7
16
7
5
9
3
9
9
1
5
4
4
5
7
4
6
4
1
9
3
1
4
6
9
10
4
13
5
3
3
8
168
187
187
177
79
148
136
176
79
264
238
108
224
113
102
4
4
1
1
1
1
3
12
4
1
3
2
2
4
3
2
1
1
1
1
0
1
1
1
2
5
0
0
1
4
6
1
5
2
12
2
2
10
6
2
1
2
3
3
1
1
2
3
2
1
1
1
0
2
1
1
2
1
4
1
2
2
15
2
4
3
2
6
1
1
1
2
3
4
3
2
1
1
2
4
2
2
1
1
2
3
5
2
3
3
4
2
2
1
4
4
2
2
24
46
3
3
6
92
125
3
90
58
5
9
3
155
2
3
3
5
3
1
6
5
2
5
1
0
3
3
6
5
2
5
3
5
3
2
2
0
1
0
5
3
5
5
6
5
5
4
3
2
4
1
2
2
1
2
6
4
1
2
2
7
2
5
2
4
1
1
8
1
5
1
3
2
4
2
2
3
5
5
3
7
2
23
1
2
4
2
5
2
2
1
3
3
7
1
1
1
4
3
4
2
2
13
4
2
3
3
2
5
9
3
106
174
85
87
110
92
101
95
64
46
91
111
54
60
48
7
1
2
2
8
3
2
13
2
1
5
4
3
2
4
1
3
5
1
2
5
3
3
5
5
5
4
5
9
8
13
3
4
5
10
3
4
2
6
0
6
2
5
1
4
2
5
2
2
3
1
1
5
1
1
1
10
2
6
3
3
4
4
1
8
3
3
3
6
3
6
4
5
0
1
6
16
4
5
6
1
1
7
3
2
2
2
2
5
12
4
1
4
3
13
4
398
309
319
311
342
308
12
4
6
1
2
1
5
8
7
1
1
7
3
1
1
1
2
1
5
1
3
2
1
8
7
5
4
1
2
3
2
9
5
3
5
5
3
1
1
18
3
0
4
0
1
3
4
2
2
2
7
2
2
1
2
20
5
5
3
1
1
3
1
3
3
6
17
8
4
3
2
6
4
2
5
2
2
3
3
4
8
3
4
2
3
1
3
7
4
1
9
3
1
3
4
237
146
240
165
181
122
8
6
2
3
3
2
10
1
2
2
2
2
1
1
3
3
2
3
2
2
2
1
9
9
7
8
5
4
4
2
7
2
5
2
5
6
1
2
7
2
3
3
1
1
4
2
3
2
2
9
1
2
2
1
8
6
5
7
9
4
3
7
6
6
5
9
2
2
3
2
6
4
10
11
2
9
2
5
3
1
5
6
5
6
1
6
6
6
3
2
2
7
2
2
285
240
198
217
220
193
2
3
3
1
6
5
3
3
2
2
1
1
5
4
2
7
3
1
3
1
4
5
5
5
3
0
2
3
7
2
2
4
7
1
1
3
2
6
0
1
4
2
2
5
1
5
5
7
8
2
2
2
2
4
8
12
5
2
2
1
1
1
2
4
11
0
1
1
1
2
5
2
6
1
3
2
2
2
14
3
3
5
2
1
5
3
1
2
4
0
1
2
1
255
229
278
212
225
254
1
1
2
5
2
2
3
2
2
2
0
2
1
6
3
1
1
6
1
1
1
8
8
1
1
2
5
2
1
1
3
1
1
4
1
1
7
7
2
3
0
1
2
2
4
2
2
1
3
1
1
2
3
3
2
3
2
1
3
2
0
3
2
2
5
1
1
2
1
8
2
3
1
5
3
1
5
1
2
2
1
1
1
2
4
7
2
3
1
1
1
0
336
325
319
373
367
361
10
4
4
1
4
3
3
9
2
1
5
3
3
1
2
4
21
1
2
1
2
2
2
0
2
2
4
3
2
2
4
7
1
1
2
1
1
1
1
2
2
2
2
0
1
4
1
1
4
1
1
4
1
3
2
6
4
13
4
0
1
3
2
5
1
6
4
4
2
2
2
1
11
8
3
0
1
1
4
2
1
1
3
8
2
1
2
4
5
4
1
313
248
366
204
322
235
8
2
7
5
3
5
4
3
3
9
1
4
2
1
3
3
2
1
4
8
1
2
3
1
8
2
7
1
2
1
7
3
1
1
4
1
2
3
6
2
2
1
1
2
1
3
4
2
1
3
5
2
2
4
5
7
8
4
2
1
3
10
9
4
2
3
6
2
4
1
2
4
9
3
1
2
0
2
8
2
4
1
1
4
4
3
5
4
4
3
208
267
247
226
222
244
2
0
2
1
2
5
2
3
3
0
1
2
1
5
2
1
3
3
6
7
2
1
1
6
1
0
0
2
7
7
1
11
5
1
1
0
2
1
1
2
2
1
3
4
1
2
1
1
4
1
1
3
4
1
4
10
3
1
1
2
4
2
1
8
3
2
1
1
3
1
1
3
3
2
3
2
3
10
2
1
2
1
0
1
6
3
5
20
3
131
218
176
171
240
229
1
2
1
2
2
5
1
2
4
1
2
2
3
2
12
10
1
3
3
3
1
10
5
10
1
1
2
3
1
1
2
2
6
1
4
4
1
2
4
4
0
5
3
4
1
5
6
0
4
2
5
2
1
3
3
3
1
1
2
6
1
1
7
1
4
3
16
6
2
3
5
6
3
3
2
3
1
4
2
4
8
1
3
2
2
2
4
17
91
80
88
113
156
102
7
3
3
8
10
1
2
4
5
2
3
5
1
2
3
7
5
8
3
4
4
3
3
3
2
4
3
3
5
2
2
6
3
1
1
2
2
2
2
4
4
2
3
1
1
1
1
5
4
5
3
2
8
2
4
1
11
2
6
2
2
3
3
5
2
3
4
5
5
5
1
1
7
2
3
1
4
0
5
4
8
4
7
1
4
3
6
123
119
124
98
90
110
11
4
4
3
4
1
5
4
8
5
1
5
5
2
4
21
1
2
1
5
3
0
2
3
3
2
1
4
3
3
6
2
11
5
1
1
2
2
3
10
5
2
5
2
4
1
3
9
6
8
1
2
4
2
0
8
11
4
3
2
5
2
3
10
11
14
1
12
5
2
2
9
1
6
1
4
1
6
3
8
7
4
1
4
8
2
109
79
98
84
88
107
14
1
8
3
5
4
3
18
9
1
4
5
5
3
4
2
9
1
4
3
3
4
2
3
2
1
4
2
5
5
6
10
7
1
5
4
7
2
9
10
12
2
2
3
2
1
3
3
3
2
2
3
4
1
3
5
3
1
2
9
3
3
6
11
5
1
3
3
3
2
3
9
3
2
3
3
4
1
4
8
7
0
2
3
5
118
182
97
116
85
113
8
17
2
7
3
5
7
5
3
2
4
15
5
8
2
7
2
4
3
1
4
2
2
2
3
6
3
3
3
6
6
9
4
3
4
7
2
6
3
4
2
4
2
2
11
7
2
5
3
3
5
4
4
6
2
9
5
4
8
2
4
11
6
2
3
8
3
5
11
5
8
12
2
3
3
4
2
12
6
5
3
5
5
4
82
53
103
134
119
104
3
2
4
3
2
2
2
6
2
3
2
2
2
3
3
2
3
6
1
3
2
3
1
13
3
3
6
2
2
3
4
6
1
2
1
1
4
5
1
5
2
1
1
4
2
5
3
7
6
8
7
4
2
6
6
2
2
7
3
5
1
1
3
6
3
2
2
1
3
3
2
3
1
3
3
3
5
2
1
5
3
4
4
123
101
91
174
126
152
19
10
2
3
8
6
5
3
6
2
2
5
2
4
1
1
1
2
1
2
4
2
1
4
0
6
1
2
2
4
2
1
4
5
1
4
2
2
3
2
3
12
5
10
1
1
2
4
3
2
1
5
1
5
0
7
17
3
3
4
2
6
2
8
9
11
3
2
2
6
4
6
1
3
1
2
7
2
5
17
2
5
148
184
172
115
128
168
20
1
2
6
1
1
5
4
9
3
3
2
7
1
1
3
2
0
0
1
1
2
4
4
3
2
1
1
3
2
1
2
9
1
8
2
1
10
3
6
6
3
1
1
2
2
2
3
2
0
2
1
5
1
4
7
3
1
2
2
3
1
3
5
16
0
1
2
4
5
14
1
5
0
1
1
1
2
8
2
10
111
124
109
102
91
154
5
7
3
3
3
6
3
3
2
7
2
4
1
3
2
5
1
5
0
1
3
3
2
4
3
3
2
3
4
6
2
3
2
5
5
4
3
4
4
7
4
1
2
2
2
4
3
2
0
4
3
2
1
3
2
8
2
2
2
4
2
17
5
6
1
3
2
4
5
9
4
15
1
1
2
2
2
9
3
3
40
47
41
163
122
179
3
7
9
1
2
2
2
2
13
3
3
0
5
3
1
1
1
3
2
2
1
0
2
3
1
1
1
1
1
3
2
5
6
5
3
2
1
4
3
10
2
6
6
1
1
4
1
4
5
1
6
2
1
4
2
3
4
2
4
5
3
4
1
17
3
3
2
3
2
2
1
7
3
3
3
2
4
2
2
210
154
190
176
227
200
4
4
1
9
3
4
2
5
1
3
1
5
1
1
3
1
2
3
1
1
2
3
1
9
3
7
1
2
1
10
1
7
2
5
1
1
1
1
5
2
2
3
2
3
3
3
1
2
4
6
2
4
4
3
6
10
6
3
1
2
2
3
4
3
3
2
2
1
1
2
7
20
20
11
1
3
1
3
173
162
144
153
160
141
3
2
2
13
3
2
12
2
2
0
2
1
1
1
1
3
3
4
1
4
4
3
4
10
19
0
3
4
11
2
12
5
2
1
7
1
3
6
5
5
6
2
1
5
1
1
6
4
8
0
2
2
3
2
13
3
3
2
2
1
2
10
4
2
5
1
1
2
2
5
10
20
6
1
3
1
6
88
175
140
91
85
131
1
2
2
5
4
8
1
3
1
3
2
2
2
1
3
6
3
2
2
4
4
5
3
3
1
3
3
4
2
5
3
19
1
3
2
3
4
4
4
4
2
2
2
2
0
3
7
17
1
5
6
2
2
6
5
6
1
4
5
3
5
8
3
6
3
2
1
8
2
2
5
13
1
1
2
5
166
105
112
111
119
97
7
5
7
1
2
1
5
2
27
6
5
2
0
2
1
4
2
2
6
1
1
1
1
2
4
1
4
1
3
2
2
5
2
1
1
2
1
0
1
1
1
1
5
1
6
1
5
2
3
1
5
4
1
3
5
7
7
6
5
1
1
1
3
1
2
2
4
2
1
1
2
5
3
5
5
149
130
111
138
122
162
13
4
4
4
4
1
3
10
6
3
3
2
4
1
5
2
1
2
2
2
4
1
2
2
7
7
4
7
3
2
2
4
2
5
1
3
3
0
6
4
6
3
2
4
3
5
1
6
3
7
2
12
10
2
9
8
4
3
3
3
2
2
3
4
5
2
9
3
18
3
7
6
3
14
120
135
116
154
171
149
13
3
10
2
3
1
2
1
7
3
7
1
3
3
1
1
2
1
0
3
4
2
5
3
10
1
10
3
2
3
8
3
3
1
4
3
5
4
1
1
1
1
5
1
3
1
2
7
3
2
13
7
2
3
9
5
18
2
2
1
5
1
8
1
6
0
5
3
1
3
3
5
22
152
164
141
137
138
169
2
3
0
1
2
3
6
2
8
3
4
0
2
2
2
1
3
3
6
1
1
4
2
4
1
3
1
2
2
12
6
1
2
1
5
1
1
1
3
1
0
3
4
2
1
2
2
2
4
2
2
2
0
2
12
13
3
3
2
5
1
3
5
3
2
4
4
0
3
6
6
21
279
362
239
298
180
233
9
7
6
1
4
6
4
2
4
4
4
1
4
7
5
5
3
3
1
2
2
1
2
4
3
7
7
2
3
2
1
11
9
9
3
4
3
3
3
7
6
3
6
4
2
4
5
2
5
3
1
2
5
5
6
4
3
3
3
5
2
2
5
2
1
4
2
1
5
8
3
161
135
216
131
195
143
9
23
1
2
2
5
0
2
4
1
1
3
2
6
5
4
4
8
2
3
5
3
7
8
3
13
3
2
4
4
11
7
8
8
4
1
4
3
3
5
6
7
1
4
2
1
13
16
4
4
3
7
4
4
14
5
5
5
3
1
3
3
8
15
6
13
3
3
3
5
217
249
231
242
280
276
2
1
4
11
2
1
1
0
1
1
2
2
4
5
3
1
2
2
4
2
2
2
3
1
2
1
1
2
1
7
5
5
7
1
3
2
2
2
7
3
7
0
1
2
1
7
1
4
3
3
4
3
3
4
1
2
3
1
3
3
3
6
2
4
9
2
3
2
5
220
271
322
211
245
286
2
5
5
4
6
2
2
2
2
2
2
6
5
1
12
4
2
3
4
2
3
9
2
5
3
1
3
1
7
9
4
5
3
4
5
3
2
5
3
4
3
4
4
4
6
15
3
2
3
4
3
1
2
4
6
3
5
4
3
2
4
5
6
9
3
3
6
4
244
285
275
224
299
236
1
7
3
2
2
4
0
3
1
3
7
1
1
1
1
1
2
1
1
2
1
2
1
1
2
2
1
4
1
4
1
4
2
7
2
1
3
2
4
1
3
3
3
1
0
2
5
1
3
3
1
1
0
2
1
2
2
4
4
1
2
1
1
1
1
3
1
287
174
282
169
268
167
3
3
7
1
4
1
1
2
1
1
2
1
3
2
1
5
2
9
1
2
4
2
2
1
3
2
6
3
3
3
2
1
2
1
5
1
3
3
2
4
8
1
3
1
6
5
6
3
11
3
4
1
2
5
1
2
2
4
2
2
3
4
2
7
1
12
165
217
118
142
175
111
9
2
6
2
5
7
11
4
3
2
2
1
3
2
4
6
4
1
6
2
4
1
5
4
1
4
5
3
4
2
4
6
3
2
7
3
7
4
4
10
4
4
5
7
6
2
9
12
4
2
4
1
2
2
4
3
3
3
2
6
2
6
5
13
5
104
138
208
161
90
124
1
0
1
3
6
4
2
5
1
1
1
2
2
4
2
2
2
2
2
2
1
1
1
1
4
6
3
5
4
6
6
2
1
3
1
5
2
1
13
5
3
3
2
3
3
6
4
5
3
3
3
3
0
1
6
5
2
1
2
3
2
3
2
3
111
170
302
160
124
182
3
4
4
1
3
2
1
3
1
0
0
3
1
2
1
3
1
1
2
0
1
3
1
5
9
4
3
4
2
2
5
4
7
4
5
2
3
2
2
1
3
1
1
1
3
3
4
3
2
2
1
2
2
0
2
8
5
2
3
2
2
3
2
165
209
151
166
172
135
3
1
0
2
3
5
4
1
2
1
0
1
2
3
2
1
2
1
1
5
1
0
5
9
2
2
2
2
3
2
2
1
2
3
1
2
2
1
3
4
2
1
1
3
3
2
3
1
1
4
1
4
2
1
1
2
3
1
2
1
3
4
202
162
186
152
263
138
3
1
1
1
8
3
0
0
1
0
1
3
4
2
3
5
1
1
1
2
1
8
3
2
6
2
6
3
2
2
3
4
2
1
2
1
1
3
3
2
1
2
1
3
3
2
2
2
2
1
3
1
1
3
2
1
3
1
1
1
1
113
133
143
142
171
168
0
4
1
2
8
3
3
0
1
3
1
3
2
3
1
4
2
8
3
0
2
2
3
1
2
1
3
3
2
5
1
13
0
1
2
3
3
1
3
8
4
1
2
2
11
3
2
4
3
1
1
2
2
3
3
7
3
2
1
0
196
209
173
336
175
179
4
3
5
0
4
1
1
4
1
1
1
1
2
5
2
5
2
2
1
3
1
2
3
6
5
4
3
0
1
3
2
1
7
3
2
2
1
2
2
2
6
2
3
1
1
2
3
3
2
3
2
3
1
1
2
1
2
3
4
98
143
119
219
212
228
5
5
3
2
1
2
2
2
3
2
1
3
3
1
2
2
3
2
6
5
4
2
3
1
8
2
2
4
2
2
1
4
3
6
5
2
1
3
4
4
2
3
4
2
3
3
2
3
1
2
1
2
1
3
2
2
6
1
148
162
111
139
109
98
2
1
1
2
5
2
2
2
1
2
6
2
2
1
2
2
2
2
6
5
5
1
5
3
6
3
4
9
4
0
6
2
7
5
1
4
6
0
10
2
4
5
5
2
2
6
1
2
1
3
2
4
4
1
3
3
5
178
162
142
195
163
148
1
4
3
4
2
3
6
2
2
2
6
5
2
1
1
13
8
4
7
3
1
4
10
8
0
4
0
9
0
8
1
8
2
7
2
11
0
4
4
3
2
4
2
5
0
3
11
4
0
9
2
5
1
9
6
3
227
235
295
166
203
252
1
3
3
1
3
7
2
5
3
7
6
1
2
3
1
10
4
7
6
2
1
7
2
4
4
4
9
1
1
1
4
6
2
2
3
2
2
2
5
3
3
3
7
2
4
1
4
7
3
2
6
0
2
3
2
246
250
180
262
229
209
21
5
1
1
3
3
4
4
1
1
1
3
3
1
2
5
5
3
1
2
2
2
2
8
3
3
0
0
3
1
1
3
9
5
2
1
2
1
3
3
5
2
2
2
2
2
1
4
4
3
0
1
4
2
260
327
337
235
287
313
9
1
3
6
4
1
5
3
4
1
1
1
1
1
3
1
1
1
2
3
6
2
1
1
4
1
1
2
2
4
3
5
12
4
2
1
5
1
1
2
4
3
1
1
7
1
13
9
17
1
3
1
1
281
266
253
265
211
182
1
2
7
5
2
4
8
2
1
6
3
7
3
2
8
2
3
2
2
6
1
2
4
1
0
1
3
1
5
5
2
4
3
2
3
7
10
2
3
6
2
2
3
3
3
5
10
4
1
4
1
6
247
313
307
273
288
343
2
1
1
4
2
2
1
2
0
2
1
3
3
1
1
1
4
4
4
6
2
3
3
2
3
3
2
2
2
1
3
1
6
6
6
0
1
2
6
2
2
3
2
1
2
1
1
6
4
3
3
284
236
189
251
152
153
4
4
1
1
3
4
2
2
4
3
3
3
3
1
2
3
3
2
1
1
1
7
1
1
10
2
4
2
3
1
3
10
6
4
1
1
2
4
2
2
2
2
1
0
3
1
2
4
4
11
269
247
356
247
271
253
21
2
3
3
2
3
2
9
1
7
1
3
2
4
2
5
2
2
5
9
6
2
2
5
2
1
4
3
2
3
2
7
2
2
5
3
1
6
2
2
2
1
3
3
2
0
2
2
2
255
149
247
147
301
142
1
6
2
2
4
21
8
3
6
3
3
1
1
2
4
0
1
4
2
4
2
1
2
1
4
3
8
5
2
5
4
9
1
5
2
5
4
3
2
4
3
2
6
2
1
1
4
11
96
107
85
162
85
93
8
3
6
1
2
1
3
6
5
2
4
1
1
4
5
3
1
1
6
1
1
1
1
3
2
3
2
1
1
1
1
7
6
2
4
1
2
2
2
2
1
1
4
2
3
1
2
100
106
78
127
96
106
9
5
2
2
6
8
4
3
4
5
3
3
3
3
2
3
3
5
0
1
3
5
3
12
2
4
1
1
2
3
3
9
5
9
1
3
5
5
2
7
6
3
2
1
2
4
121
74
87
78
105
80
7
5
3
8
8
5
3
7
11
1
3
3
2
2
2
2
10
1
2
3
3
1
8
2
3
1
1
2
3
11
10
10
6
1
3
5
7
5
6
10
5
2
1
2
1
110
105
102
107
106
114
9
7
9
10
6
1
9
2
1
1
2
4
3
3
3
5
0
0
3
3
5
0
5
5
3
1
3
2
3
2
5
6
2
4
2
10
1
1
3
3
1
1
4
3
38
79
129
127
85
103
8
3
3
1
3
1
1
2
3
5
2
0
3
2
3
0
4
2
1
1
1
1
10
3
4
3
5
1
1
1
2
4
1
4
3
0
1
2
1
4
3
4
5
155
84
190
90
180
95
26
4
2
2
4
3
1
1
3
2
1
6
2
3
0
1
3
1
2
1
2
4
2
3
3
3
1
2
2
3
3
3
2
1
2
2
4
3
1
2
2
6
132
138
87
108
115
87
6
3
1
3
2
2
3
3
1
0
3
1
4
3
2
5
4
2
3
2
2
1
3
3
4
1
1
2
4
3
4
3
5
2
2
1
2
2
1
5
3
124
130
98
121
101
99
5
1
1
1
1
2
3
2
2
4
2
4
0
4
2
2
1
2
1
3
0
4
1
1
4
4
5
3
2
5
4
4
1
2
1
2
0
3
1
3
68
97
127
96
143
98
8
11
7
2
5
6
4
7
5
9
13
2
7
3
2
6
3
10
2
2
5
14
4
11
3
4
6
4
1
2
6
8
2
3
11
2
4
4
4
149
169
124
157
91
99
10
5
2
3
5
2
6
8
3
8
0
3
2
6
11
5
3
4
2
7
1
7
2
4
5
3
2
3
1
3
4
3
3
5
3
1
5
1
171
158
175
130
178
149
16
2
3
4
2
1
5
5
6
1
7
4
2
3
6
2
5
2
5
1
3
2
10
4
3
4
8
1
10
3
1
2
16
1
3
1
2
187
202
125
277
175
163
2
3
2
4
4
5
14
4
1
4
4
2
6
6
9
4
1
3
4
1
5
8
5
2
1
6
6
1
3
3
5
3
3
2
3
2
75
107
129
72
85
147
5
8
7
2
5
2
2
3
3
1
1
4
7
4
1
4
2
2
4
2
3
1
2
4
3
1
3
2
2
1
2
4
3
3
2
197
223
181
159
188
148
8
6
2
1
2
1
3
3
5
6
4
2
2
2
0
2
4
7
2
2
0
6
15
4
2
2
5
1
2
2
4
2
3
2
88
196
231
103
106
233
7
3
2
1
5
3
6
4
10
6
5
3
5
3
8
5
9
4
6
4
10
3
4
5
5
6
2
4
8
4
7
4
3
145
127
157
93
159
111
0
2
1
6
1
8
2
7
4
1
4
2
0
7
14
2
2
5
6
5
2
4
2
4
2
2
2
5
1
3
2
4
159
102
142
106
138
223
8
3
2
0
2
1
1
3
2
1
1
2
1
2
1
3
3
2
2
3
2
0
1
3
3
1
1
1
5
2
1
156
132
136
174
179
181
5
23
2
4
5
2
3
2
5
11
1
6
3
2
5
3
10
7
2
5
2
2
4
3
3
6
1
4
4
2
134
139
154
112
128
134
8
1
3
4
4
1
4
7
1
2
5
4
2
5
3
5
2
3
5
3
4
3
2
4
6
2
2
4
3
96
103
94
108
89
120
1
5
4
3
2
14
7
7
4
10
8
3
3
6
10
14
2
2
3
3
4
7
6
11
2
7
4
5
153
156
155
111
179
130
1
5
1
5
1
1
4
5
3
3
3
0
0
0
3
3
1
1
1
1
3
2
1
7
3
0
2
116
138
185
120
121
169
4
12
3
3
6
4
3
10
10
8
2
2
2
12
3
2
1
2
1
1
2
3
1
2
3
6
129
154
157
150
152
197
5
1
4
2
7
3
11
12
6
1
3
5
1
6
3
2
4
2
2
3
2
13
6
3
4
121
169
89
125
90
81
3
2
5
2
2
2
4
7
4
1
3
5
3
3
2
3
4
1
3
3
6
4
10
3
65
96
95
86
74
89
2
5
3
5
8
5
7
3
2
1
5
1
2
3
1
11
4
11
4
3
3
5
4
142
106
155
104
157
102
8
3
2
7
2
12
2
7
1
6
2
2
1
1
10
21
6
4
7
2
2
2
35
113
80
36
39
81
7
3
3
3
11
1
2
3
2
1
3
2
2
6
11
16
10
1
4
5
3
64
51
7
79
25
7
20
9
12
5
13
4
13
9
1
4
3
4
2
4
12
13
0
5
4
3
135
138
141
103
116
150
8
14
3
7
0
3
1
1
2
3
3
3
1
4
2
4
2
3
2
97
90
85
128
94
109
23
7
5
1
2
6
3
2
1
1
6
11
2
3
9
10
5
5
109
141
148
104
116
136
22
3
4
2
7
1
6
2
2
6
5
4
1
2
3
3
6
85
125
96
84
65
77
2
8
1
5
6
7
4
4
4
1
3
5
3
4
2
15
78
115
74
76
81
40
3
2
9
1
2
1
4
2
1
12
8
2
3
1
1
90
119
87
100
89
94
6
14
3
1
2
5
4
1
7
2
1
2
4
6
119
84
49
61
64
104
25
4
3
3
10
1
2
3
2
1
2
4
2
83
107
85
76
94
44
4
9
5
9
2
7
4
5
2
7
4
3
112
174
125
97
111
121
4
2
5
0
2
2
3
2
6
4
5
83
94
97
86
83
181
11
12
1
1
2
3
2
2
9
7
94
125
177
94
86
99
5
1
2
4
1
0
3
2
2
92
110
69
90
57
95
2
12
2
2
2
10
6
2
208
198
210
287
322
343
10
10
5
4
2
1
5
157
245
244
160
153
300
17
6
5
3
4
1
257
270
315
283
290
309
11
3
5
1
4
219
159
275
173
212
160
7
4
5
3
169
299
164
153
305
154
4
3
2
81
90
157
247
70
75
21
2
121
131
120
238
149
182
4
301
357
244
339
273
291
