143
27
58
78
107
42
55
86
120
125
187
94
172
144
137
2
8
2
5
4
5
5
7
3
4
1
4
2
19
4
1
2
11
11
10
6
9
8
6
8
4
2
2
2
1
6
4
2
1
1
2
2
1
1
1
7
4
9
7
3
2
14
5
4
4
15
2
4
2
11
2
4
2
4
3
3
8
2
1
0
1
3
2
1
1
2
1
2
1
1
1
2
0
1
4
3
0
5
1
4
5
1
1
4
1
3
3
5
1
4
1
2
3
1
1
1
1
1
2
0
3
3
3
1
2
0
1
1
1
7
2
2
1
2
1
2
3
6
4
5
4
2
0
3
2
3
3
2
10
2
2
3
1
1
2
2
4
1
0
2
2
4
3
1
2
2
4
3
3
123
21
54
56
45
28
72
52
62
14
24
70
29
34
70
9
3
3
5
11
11
13
3
7
5
8
6
8
2
5
5
9
24
12
2
19
9
17
7
3
2
6
2
8
8
3
5
4
4
8
4
2
3
2
12
12
9
4
3
9
8
23
8
4
4
4
4
12
14
7
5
4
10
3
4
2
2
3
1
6
3
4
2
8
1
4
3
2
9
2
1
7
4
3
4
1
2
9
2
3
3
3
3
5
7
5
4
2
1
6
3
4
4
4
2
3
5
6
3
1
3
3
3
6
1
3
3
2
15
7
3
4
0
3
3
3
1
1
2
4
4
3
7
4
7
5
3
14
2
5
2
4
2
3
4
8
2
2
4
3
2
1
3
6
4
4
3
4
19
34
14
14
42
79
82
71
28
83
96
81
74
18
94
5
7
6
5
19
9
3
13
8
5
4
5
2
4
1
4
22
8
6
12
8
8
11
18
6
3
4
3
7
4
6
1
8
5
10
4
7
1
8
13
9
1
5
2
10
16
10
5
7
5
5
6
12
0
6
3
4
2
8
2
1
2
1
2
6
14
2
8
5
2
2
4
2
3
1
3
5
3
3
3
13
6
6
11
4
3
6
2
2
4
9
2
4
2
5
1
3
1
4
1
4
2
3
2
5
2
2
2
1
5
5
2
17
7
6
5
5
3
2
1
4
2
5
2
2
2
3
4
5
4
8
4
6
4
5
3
3
6
4
4
2
1
2
5
3
2
7
2
3
2
2
5
6
131
173
125
21
6
7
13
157
141
137
87
167
74
95
7
9
3
3
8
5
4
3
2
3
3
6
1
4
1
7
6
4
12
17
7
5
2
2
3
2
3
5
2
1
4
3
2
1
1
1
2
5
7
5
7
6
6
8
14
12
6
5
3
4
11
8
6
3
6
3
3
2
2
3
5
1
0
3
2
2
3
4
2
1
4
0
1
2
4
1
3
0
2
5
3
2
1
3
3
7
5
1
10
1
0
1
1
3
0
0
4
1
1
2
1
1
1
1
0
2
2
0
1
1
0
3
1
3
1
6
2
2
2
4
6
1
6
9
3
0
2
1
2
4
4
1
3
4
4
2
3
2
8
2
3
1
2
2
1
1
2
2
3
2
1
12
83
62
12
16
9
22
15
28
58
33
51
9
20
66
20
3
5
7
2
9
6
0
2
2
2
3
3
5
9
13
5
14
3
6
9
1
19
9
1
3
2
5
6
3
1
1
1
2
1
3
2
3
7
11
7
14
13
10
4
5
9
7
1
3
4
2
2
6
1
3
1
5
3
14
4
3
1
6
1
6
3
4
2
4
2
4
3
2
5
5
3
5
5
5
1
4
2
4
5
4
2
7
3
2
3
2
5
3
3
2
1
1
4
4
2
2
1
2
1
2
2
5
3
3
2
5
2
2
3
6
9
7
3
3
9
4
1
4
4
7
5
2
1
2
4
10
4
3
2
2
2
5
3
2
2
3
1
3
3
2
3
5
2
4
75
38
47
69
24
60
49
51
24
24
58
43
31
18
14
11
11
2
3
8
4
2
2
4
5
8
7
26
18
8
10
10
16
18
11
3
11
4
5
6
13
1
17
2
5
6
2
0
6
4
6
7
11
4
6
8
12
9
10
5
12
6
3
15
9
5
9
8
2
6
4
1
7
5
6
3
7
1
3
7
6
3
6
3
6
3
2
2
4
4
4
2
2
6
5
3
1
4
18
15
5
2
3
8
2
6
11
5
3
1
2
2
7
1
2
2
1
1
1
1
2
3
2
5
7
2
2
9
5
15
8
3
3
2
2
7
2
4
3
3
10
1
2
3
5
2
5
8
5
2
1
9
2
3
2
4
5
4
2
6
7
1
8
4
86
135
285
114
229
115
85
131
82
150
123
141
109
229
101
7
10
2
19
3
3
1
6
1
2
1
9
18
4
3
8
5
10
5
4
3
1
2
8
3
4
6
2
2
4
4
1
2
2
22
7
10
2
7
6
7
0
12
2
11
10
5
2
6
4
5
2
2
9
3
2
2
5
1
2
4
3
2
4
2
1
1
3
4
3
1
5
3
3
2
1
3
4
6
5
4
1
3
2
5
1
2
3
2
7
4
3
5
1
2
1
0
2
4
2
6
3
2
4
1
1
1
1
18
4
2
2
1
5
5
3
5
4
5
2
1
2
3
7
5
1
4
3
3
3
2
3
2
2
2
6
3
1
4
2
6
8
3
3
3
4
3
2
42
41
70
21
88
61
62
50
43
73
76
9
39
58
18
10
6
8
4
7
1
3
8
2
5
4
0
9
9
8
15
8
4
2
8
6
2
1
5
1
3
3
1
5
5
6
4
5
12
3
8
7
14
9
8
13
8
8
13
3
7
14
12
2
6
2
4
10
4
4
3
2
2
5
5
5
3
2
4
3
1
2
3
3
8
4
3
5
3
2
11
3
4
5
6
2
5
7
5
2
7
21
2
4
6
8
15
3
1
1
4
2
6
2
4
2
3
3
1
1
2
2
6
4
3
12
1
5
2
4
7
5
2
3
2
3
6
5
5
4
3
2
4
7
9
7
5
3
2
5
2
1
3
3
4
2
5
2
2
3
4
3
48
52
90
78
60
36
27
88
31
50
74
52
84
82
84
8
17
3
4
3
7
8
5
3
15
24
6
10
14
10
12
12
8
4
8
1
9
10
3
9
5
3
5
5
3
9
12
9
11
10
3
8
9
10
19
18
16
6
6
2
10
14
9
6
8
8
6
8
5
3
5
4
7
9
5
5
10
3
5
5
7
7
11
4
4
7
3
5
8
8
6
7
5
13
9
2
6
6
6
8
8
3
9
4
5
6
6
2
3
2
4
6
6
2
11
8
7
3
5
4
3
13
6
9
5
5
12
2
5
3
9
6
6
3
6
5
11
1
4
6
14
3
8
4
4
3
5
6
8
4
5
3
2
3
9
1
5
6
2
7
9
193
246
283
227
335
177
182
156
173
242
223
253
207
290
228
2
5
1
2
2
8
1
2
3
5
5
4
2
2
8
2
1
8
2
1
1
3
3
3
2
0
2
2
0
1
0
3
2
5
8
18
6
2
9
5
10
1
5
1
5
4
5
1
4
0
4
0
1
3
5
0
3
1
1
2
4
1
2
0
2
1
0
0
2
0
3
2
1
1
1
0
1
19
2
4
2
1
1
1
0
1
2
1
1
2
1
0
1
4
1
1
1
0
0
0
1
0
0
1
0
2
1
1
1
5
2
3
1
1
0
0
2
1
1
3
5
1
1
1
1
1
2
2
1
1
1
3
2
1
1
1
3
2
1
0
1
2
1
5
1
82
74
79
42
78
85
41
12
58
95
13
71
19
110
10
13
2
7
6
6
15
3
6
13
5
4
7
6
8
7
1
2
2
1
4
2
4
11
6
2
6
4
8
10
6
2
7
5
5
3
12
3
8
9
1
6
3
1
10
2
3
10
3
2
4
1
5
2
2
2
9
5
2
7
3
2
4
2
2
3
2
2
3
0
2
5
1
1
3
5
3
2
3
1
6
4
2
3
3
3
5
2
2
2
2
2
3
5
3
2
3
1
4
2
1
5
4
1
11
4
7
2
5
4
10
9
9
1
4
2
4
1
3
4
6
3
3
1
4
6
5
3
4
1
1
5
4
3
5
1
9
1
3
2
3
3
17
3
3
40
113
23
90
23
76
81
71
80
32
108
42
88
51
84
1
2
5
2
5
5
3
3
7
3
6
4
4
3
3
3
3
1
3
6
6
6
7
2
4
2
2
2
2
2
2
6
4
8
9
2
0
5
6
5
5
1
4
2
5
1
2
4
6
1
3
2
7
5
1
1
5
1
4
4
2
2
2
1
2
4
1
1
6
1
2
2
3
2
4
3
2
5
5
0
2
1
4
5
3
3
8
1
1
3
2
5
4
1
2
2
2
1
4
2
1
3
2
2
5
0
4
1
5
3
16
0
2
2
2
1
3
5
2
4
2
1
3
1
0
7
2
3
3
1
4
2
1
2
3
0
2
3
1
1
7
1
3
185
162
188
165
240
137
192
169
243
131
174
162
162
231
210
2
3
1
2
1
1
0
7
0
4
3
4
2
3
2
2
1
5
2
1
2
1
1
14
3
1
4
1
1
2
5
1
2
3
3
14
3
1
4
4
4
4
2
1
1
1
3
1
1
7
0
2
0
5
12
2
2
2
1
2
1
1
7
1
7
4
3
3
1
1
1
19
4
7
1
2
2
3
1
1
1
2
0
4
0
2
4
1
2
1
0
1
2
1
1
2
1
5
0
2
1
0
4
2
2
4
0
1
1
3
0
7
2
3
0
2
2
2
2
6
1
1
1
1
1
1
12
1
4
4
0
1
1
2
4
4
5
3
1
1
2
1
79
78
115
46
98
106
118
79
75
88
80
98
104
120
40
10
3
0
3
2
8
7
2
1
3
10
4
14
1
1
1
2
3
2
2
3
2
10
3
1
1
3
4
7
9
2
1
5
3
0
6
1
4
1
2
5
5
1
2
1
1
3
3
3
0
3
1
6
3
3
6
2
2
3
1
4
6
4
2
5
0
4
3
0
1
17
2
2
2
1
1
4
0
3
0
1
0
2
3
2
2
8
6
2
1
3
0
2
0
3
4
6
1
1
1
2
4
10
6
3
2
2
3
4
1
3
2
2
0
1
2
2
1
4
3
4
1
1
2
2
5
4
2
2
1
1
1
3
3
4
2
5
1
1
1
1
19
6
75
12
65
10
11
18
54
18
87
9
33
84
14
16
3
3
2
7
5
1
1
14
11
17
3
3
2
4
3
7
2
4
2
3
6
1
1
1
2
5
9
12
3
3
5
8
18
8
2
7
3
4
10
5
1
3
1
5
5
4
15
1
4
2
4
2
3
2
4
2
7
1
2
3
3
2
4
3
3
2
4
3
10
6
3
1
2
1
8
1
1
3
3
3
3
9
5
2
3
7
3
2
3
2
2
2
8
4
4
3
2
5
4
6
3
3
2
1
6
4
5
1
2
3
3
0
1
2
3
6
10
2
8
2
3
5
3
2
1
2
3
2
3
4
1
2
5
4
8
3
3
1
2
249
110
246
187
168
122
254
224
161
152
95
82
186
157
133
14
5
1
5
6
2
12
12
1
2
2
8
3
2
2
2
1
3
2
1
3
1
6
4
1
6
1
4
3
12
4
9
4
6
3
4
4
2
2
2
2
3
7
1
2
1
1
3
4
5
4
3
1
1
1
4
1
1
1
1
10
1
1
13
3
2
2
3
1
2
2
1
10
9
3
0
2
0
0
4
1
1
5
2
1
2
2
3
2
1
2
2
1
0
1
1
3
1
2
2
2
1
1
4
4
1
1
0
0
3
0
2
3
4
4
2
1
1
3
4
6
3
5
0
1
1
4
1
1
1
1
1
1
2
1
3
1
1
3
266
227
260
287
230
252
257
263
256
204
215
274
244
221
224
2
1
4
3
1
3
3
2
5
2
9
4
7
2
5
2
13
8
1
7
2
1
5
4
1
2
3
1
4
13
3
9
5
3
7
4
1
2
2
1
6
14
2
1
2
2
2
4
0
18
2
6
7
3
3
15
1
2
1
1
3
2
8
6
7
1
0
1
1
3
2
3
4
2
2
2
1
5
1
3
1
1
1
2
2
2
3
4
2
5
2
3
2
2
4
3
3
4
1
3
2
5
1
8
3
4
1
0
4
2
0
5
2
0
5
1
1
5
6
4
13
4
2
1
4
4
1
2
0
3
1
1
2
2
4
4
2
9
26
56
28
43
100
95
35
104
39
15
88
9
24
4
26
1
22
4
1
5
6
7
4
3
1
0
3
2
6
3
3
1
1
2
2
1
1
1
1
4
13
4
1
3
3
11
7
4
4
3
2
3
5
2
3
1
0
2
2
2
2
4
3
1
2
3
3
3
2
3
3
1
0
1
1
1
5
2
3
1
1
2
2
1
2
1
3
1
2
3
0
1
1
2
4
4
1
4
2
2
3
1
1
1
0
2
3
1
5
1
3
2
5
2
3
2
2
4
7
13
0
1
2
6
1
1
11
2
2
3
5
2
2
1
1
2
3
4
2
3
3
1
1
4
1
1
1
1
3
2
2
1
90
209
205
217
220
126
133
119
109
259
276
230
238
202
258
17
17
9
11
3
16
5
5
2
4
1
3
4
5
1
2
1
4
6
2
3
3
16
8
9
5
6
4
11
18
25
6
17
14
5
5
11
5
1
9
2
9
3
2
1
4
0
4
5
12
3
2
3
2
0
3
2
10
1
5
4
1
1
3
2
4
1
4
1
5
3
7
8
11
2
6
2
5
3
2
2
1
1
2
1
3
3
1
1
3
2
4
0
2
2
1
6
7
1
1
0
4
3
4
4
7
6
6
2
3
2
9
8
2
2
7
0
11
2
4
1
3
2
6
1
3
2
5
14
5
2
2
2
2
1
5
42
42
24
61
0
81
67
89
0
75
70
0
70
0
0
26
7
19
13
0
18
4
11
5
7
0
15
10
2
5
7
0
4
3
7
2
24
0
20
8
3
9
24
0
17
11
18
16
16
0
15
4
8
9
9
0
4
4
3
4
5
0
5
7
3
11
6
0
4
10
10
2
4
0
9
6
5
2
12
0
8
8
3
15
9
0
4
6
6
5
4
0
5
16
11
3
5
0
7
9
3
2
6
0
5
5
2
2
9
0
8
11
2
3
14
0
12
5
13
6
5
0
6
12
9
6
15
0
10
12
3
3
10
0
3
5
10
11
6
0
2
10
8
6
10
0
11
5
7
6
20
110
94
93
83
22
18
25
18
79
127
125
89
92
123
6
17
20
17
17
4
4
11
3
9
4
5
2
4
5
6
4
3
1
5
7
15
18
6
3
6
18
16
16
17
7
13
2
6
5
10
7
12
4
9
5
2
1
6
7
6
6
7
3
9
9
11
2
5
2
1
3
3
6
13
1
2
11
6
4
7
2
2
5
4
5
4
3
5
6
7
2
4
2
2
2
4
3
3
2
5
3
3
2
4
0
3
1
6
13
3
5
7
4
5
4
8
1
8
6
6
2
5
3
5
10
6
9
6
4
11
8
7
4
4
3
4
4
3
5
3
5
11
3
6
9
7
1
7
174
126
95
230
181
106
123
177
135
90
147
223
108
103
185
17
8
14
3
4
7
2
1
6
6
1
3
2
1
6
1
2
2
2
4
7
6
3
12
2
4
0
4
10
6
8
0
8
2
5
4
4
1
5
1
1
9
10
0
3
3
3
1
5
1
8
0
1
2
4
1
2
1
1
3
2
1
4
2
1
12
1
2
4
5
2
2
3
1
6
1
2
1
1
0
2
2
1
3
0
2
1
0
3
1
1
0
1
3
0
1
0
2
18
1
1
4
4
1
3
1
4
6
3
3
1
0
4
2
4
0
2
0
0
2
1
0
2
1
3
7
3
1
3
2
2
5
2
105
168
90
144
83
98
60
85
127
109
286
80
107
30
77
26
17
8
1
16
7
3
6
7
3
7
5
5
6
5
1
4
7
10
10
12
10
16
9
12
22
11
21
18
16
3
13
8
7
14
17
4
14
2
1
5
22
3
4
2
1
4
8
6
5
2
1
3
7
2
2
7
2
7
5
5
5
5
2
6
8
14
8
5
3
5
1
5
7
7
0
6
4
5
4
3
1
4
1
4
6
3
1
1
2
3
2
8
3
3
8
5
7
5
2
5
3
6
5
5
2
10
10
8
5
8
3
8
6
8
11
3
1
5
13
3
4
4
1
7
9
4
3
8
6
9
11
47
97
78
101
133
45
92
78
97
54
81
78
88
90
86
9
10
1
7
2
1
8
8
13
3
2
3
2
2
3
2
3
3
8
7
8
11
7
6
10
13
16
10
16
3
16
8
5
5
7
0
9
2
1
7
4
1
3
6
7
6
2
4
13
2
3
8
2
1
2
6
6
3
3
0
3
3
3
3
2
4
5
2
8
2
1
1
7
1
2
4
2
1
2
4
2
2
1
1
5
3
2
1
0
1
5
6
3
1
2
4
8
2
4
7
2
2
3
11
5
5
5
4
4
2
12
5
7
9
3
3
4
6
4
1
2
1
6
3
2
2
4
11
7
4
2
86
85
101
136
145
44
127
129
91
42
83
93
154
114
142
11
8
7
1
3
12
7
4
4
3
5
2
2
2
5
3
9
20
10
8
5
6
17
14
17
10
13
8
5
11
9
3
7
5
6
7
7
5
3
5
2
4
5
5
6
7
4
2
1
6
11
7
3
5
3
3
4
3
9
7
4
6
4
5
3
3
13
8
20
3
5
2
2
9
16
3
2
5
2
3
4
2
5
2
1
3
2
2
2
2
13
10
6
5
2
4
4
6
8
9
8
9
4
10
2
7
6
12
2
4
4
7
8
6
5
8
2
12
4
3
1
4
7
8
5
6
6
5
7
7
91
77
78
89
163
205
91
195
83
104
155
87
96
75
89
15
3
6
5
9
8
2
4
4
4
5
8
2
2
4
12
11
13
3
1
7
7
17
11
5
12
5
10
5
10
4
11
7
7
6
4
4
2
5
4
9
1
1
3
6
5
3
2
2
8
13
2
6
4
2
4
3
4
5
6
4
5
11
3
4
3
3
2
9
3
4
3
4
4
11
7
3
3
3
2
5
4
3
5
3
1
5
4
1
6
3
2
8
1
3
2
5
2
8
4
6
1
2
2
4
4
3
6
5
3
2
3
2
3
2
3
13
4
2
2
6
3
4
5
5
4
5
1
9
181
168
109
193
193
153
111
195
149
90
158
155
136
139
188
1
2
2
13
2
1
4
1
3
1
1
1
2
1
6
4
7
5
2
6
0
4
11
2
9
5
1
4
3
5
2
2
3
2
2
1
1
1
1
2
3
3
4
5
1
2
1
3
5
8
5
2
1
2
4
4
0
3
2
5
1
1
4
1
2
6
2
1
0
2
6
6
2
1
3
4
1
5
2
4
3
3
3
1
1
3
2
1
3
3
3
2
1
3
1
2
0
5
2
3
0
2
4
2
2
2
2
4
3
3
2
4
4
2
2
7
1
1
2
7
2
3
3
6
2
1
3
2
285
183
133
118
203
193
157
124
214
197
134
174
116
168
154
3
4
4
3
1
2
1
1
0
3
3
2
2
2
2
7
5
10
5
1
0
6
14
10
15
3
5
3
14
3
7
2
3
0
2
8
3
2
12
3
1
0
3
3
2
1
1
0
2
0
1
2
2
1
3
4
2
0
2
1
3
10
5
4
4
6
1
5
1
2
1
1
1
1
0
3
3
1
2
1
0
1
1
0
1
2
0
1
0
1
2
2
11
12
2
2
2
2
7
6
4
6
2
3
3
1
3
7
3
4
3
4
1
2
3
2
2
1
1
2
3
2
0
5
3
2
3
150
124
156
141
157
168
159
148
214
133
130
187
177
193
167
38
1
2
1
4
4
2
1
2
2
2
7
2
8
5
4
3
4
2
0
1
2
5
8
7
5
6
2
3
10
1
4
3
2
6
1
2
12
2
0
4
2
3
13
16
6
2
2
8
2
10
12
6
6
2
2
1
2
1
10
2
12
0
4
1
1
5
3
2
1
1
3
1
1
2
12
1
6
1
1
2
3
8
8
5
3
2
5
3
1
2
7
2
4
1
1
2
3
2
2
7
3
5
5
3
3
6
7
8
6
1
1
3
4
2
1
1
4
6
2
1
3
13
3
4
13
114
172
156
157
175
97
119
116
119
167
93
130
109
168
113
2
1
3
5
8
2
1
1
1
4
4
1
2
6
1
3
3
2
7
4
2
1
4
1
4
1
1
8
2
0
1
1
2
3
1
5
2
1
2
2
5
1
2
2
2
2
3
2
2
0
9
4
10
3
1
2
2
0
2
2
1
1
1
2
1
1
2
2
2
3
4
1
1
2
6
6
3
1
1
1
2
3
4
5
7
2
2
1
4
0
2
2
7
0
6
3
4
1
5
11
14
6
3
1
2
6
5
3
3
7
2
6
3
2
2
2
4
1
7
4
0
2
4
3
7
138
94
86
149
141
104
102
179
141
161
118
150
114
151
169
8
3
1
2
8
4
7
3
8
1
3
14
10
2
9
5
4
8
10
2
7
5
2
8
4
2
2
4
3
10
9
2
1
1
1
0
2
5
3
5
3
2
1
2
4
7
3
2
2
2
2
2
1
2
5
1
2
1
2
1
3
4
2
3
4
2
3
2
8
3
1
2
0
1
3
1
2
2
6
2
0
1
0
1
4
3
3
3
1
1
3
2
1
9
7
4
1
2
2
1
4
6
4
2
1
2
1
2
3
5
2
5
0
2
1
2
3
4
3
3
1
2
1
1
25
21
15
22
16
84
163
154
128
63
40
80
166
116
110
6
7
4
4
4
4
4
1
3
3
8
18
7
2
3
5
14
15
4
4
9
2
6
9
7
4
9
2
4
3
4
2
1
3
3
7
4
2
6
3
1
3
3
4
3
2
3
4
5
1
4
3
3
3
4
6
2
7
2
6
6
3
1
1
3
4
6
4
2
3
1
3
3
5
2
2
2
5
5
2
1
4
2
4
5
3
2
3
2
6
10
2
5
3
5
4
3
3
4
5
3
7
5
2
3
3
2
2
5
7
9
1
1
3
10
3
1
8
4
9
3
3
4
142
162
108
125
177
211
107
188
203
121
211
242
99
116
207
8
3
4
1
1
0
1
2
3
6
7
4
2
5
10
8
4
8
6
3
2
2
3
2
2
2
3
5
1
2
1
2
2
1
1
2
2
3
2
5
1
3
1
1
1
2
2
2
2
1
2
2
1
2
3
2
2
3
1
4
1
1
3
5
2
2
3
1
1
1
2
4
2
1
1
0
0
2
3
1
2
1
1
3
2
2
3
2
6
3
2
1
1
5
3
1
4
2
1
2
4
5
2
1
2
1
1
1
2
3
2
3
3
2
3
2
1
1
1
2
2
2
206
140
163
152
162
170
189
170
205
126
179
155
141
157
164
12
2
2
4
4
2
2
6
2
3
7
7
10
8
10
2
2
6
4
3
2
2
3
3
3
1
2
2
1
3
10
3
4
0
2
1
3
3
4
1
6
1
1
1
1
2
8
3
2
1
2
1
2
3
5
4
7
1
1
1
3
3
3
9
9
2
4
2
3
3
3
2
1
1
2
3
1
1
1
1
3
1
1
2
8
2
8
4
9
1
3
4
1
2
1
7
4
1
1
2
4
2
2
2
4
1
2
1
3
2
5
1
1
1
2
1
2
2
11
3
3
189
229
230
97
212
164
226
36
158
225
102
203
93
216
87
1
2
1
1
2
2
3
5
6
2
6
8
2
6
2
3
1
2
0
3
4
2
7
4
1
3
3
1
1
4
3
2
7
2
2
4
2
3
3
11
0
2
1
1
2
6
3
2
4
1
2
2
1
1
2
1
1
4
3
1
1
2
2
3
1
2
8
1
3
7
2
3
0
1
2
2
3
7
1
1
1
2
2
3
2
2
9
4
0
1
1
4
0
4
2
3
3
1
1
7
1
4
0
2
1
6
2
5
1
1
3
6
1
1
0
2
1
2
4
5
148
223
280
328
216
192
151
146
164
252
226
251
300
219
213
1
4
1
3
1
3
3
7
2
1
1
1
7
6
2
8
4
2
2
2
1
1
2
5
1
2
2
1
1
0
2
3
1
1
1
1
1
1
1
0
2
1
1
1
2
1
5
2
2
5
2
0
1
1
3
3
2
1
0
0
1
0
2
1
3
2
2
0
1
1
1
2
1
2
1
0
0
0
0
9
3
0
4
1
1
3
5
0
1
2
6
1
5
1
1
2
3
2
1
1
1
2
0
1
1
1
2
0
1
1
6
12
7
1
2
1
1
1
2
162
156
145
178
230
121
143
270
155
160
128
172
126
148
177
3
1
2
8
3
1
5
2
4
3
4
6
3
1
3
3
2
4
1
2
3
5
5
2
2
4
1
1
1
6
3
1
2
3
2
1
1
1
3
3
2
2
1
2
4
4
1
3
6
2
2
6
4
3
1
1
2
1
2
3
2
6
2
1
2
3
1
1
1
2
3
2
1
3
1
1
6
1
0
2
2
1
1
2
4
2
0
2
4
3
0
2
1
2
5
5
4
2
1
1
4
3
2
1
3
2
1
2
1
2
0
2
5
2
3
2
2
1
214
218
184
176
188
201
191
133
206
245
183
204
156
169
140
1
1
1
6
3
4
1
3
2
3
6
5
2
7
2
5
3
1
0
3
1
4
3
1
1
1
1
0
4
2
1
4
2
1
2
0
3
4
1
1
4
2
1
2
1
1
2
2
4
2
3
2
1
2
2
2
1
1
1
1
2
5
0
0
1
1
1
1
2
2
2
1
1
0
1
1
2
4
1
2
9
1
2
2
1
1
15
3
3
4
1
1
2
1
1
2
2
2
1
2
2
0
2
1
3
0
2
1
1
2
2
2
4
1
1
1
2
231
191
206
307
247
201
263
224
251
274
208
200
205
238
241
2
2
2
2
0
1
1
1
1
6
4
1
3
1
0
7
3
2
1
2
1
1
1
1
2
0
0
2
1
0
1
1
1
1
1
1
1
1
2
2
1
0
0
1
1
3
2
3
0
10
4
4
0
3
1
1
1
1
1
1
1
0
3
1
2
1
1
1
1
2
2
1
0
1
0
1
0
2
2
1
1
1
1
2
0
1
1
2
0
0
2
1
2
1
1
1
0
1
6
1
0
1
2
0
0
6
0
3
1
0
1
3
3
0
0
2
267
219
182
238
259
240
230
225
289
213
202
247
177
206
221
3
4
2
4
1
0
3
1
0
3
1
2
6
2
9
1
1
8
3
1
2
3
1
1
2
0
22
3
4
2
4
1
5
2
1
2
1
1
2
4
4
3
3
2
2
6
1
1
4
0
1
0
6
1
1
2
1
1
0
2
1
1
7
2
3
2
2
1
2
3
3
0
1
2
1
3
6
2
3
5
2
3
3
0
3
3
2
0
2
0
2
3
1
2
3
2
2
1
1
1
2
3
3
9
4
1
1
1
4
2
2
1
1
1
1
156
281
205
281
196
157
170
166
174
218
239
184
210
174
248
2
1
3
1
3
7
3
0
3
2
2
3
1
4
2
1
4
3
2
1
2
3
1
1
1
5
1
2
1
1
1
4
4
3
2
1
1
2
3
8
10
9
3
2
6
2
3
3
3
18
1
0
0
0
2
2
2
9
0
2
1
1
1
7
3
2
1
1
2
5
4
6
2
4
1
1
1
1
1
4
5
7
1
1
2
2
1
2
4
1
1
1
2
4
2
1
2
7
1
2
2
2
1
1
2
3
0
1
2
3
1
2
0
2
71
91
102
127
111
87
43
79
87
54
107
80
91
109
121
8
13
5
3
12
16
9
16
10
13
11
10
5
15
19
4
8
2
7
6
3
1
6
2
1
4
3
0
5
1
1
1
3
4
3
0
2
2
1
2
2
6
4
8
4
4
7
4
4
4
7
3
3
3
3
3
7
3
2
2
1
1
2
2
2
5
1
3
2
0
1
1
1
17
8
1
2
0
2
8
11
6
4
8
4
3
4
2
5
8
1
2
1
2
7
4
1
6
2
1
9
1
0
9
3
4
6
4
2
6
2
3
3
90
82
60
74
70
81
32
81
58
63
27
42
32
23
193
23
2
7
7
5
10
18
6
5
10
6
10
15
3
2
6
6
7
4
4
0
6
1
5
4
8
3
4
2
4
1
2
4
2
4
3
1
1
3
3
2
5
5
4
2
6
3
3
3
3
7
4
1
2
9
5
2
3
2
2
2
3
3
2
4
2
1
3
1
3
2
1
9
6
1
11
1
2
3
2
1
8
5
3
2
7
4
11
4
2
4
13
2
3
2
5
3
4
3
7
1
3
2
8
2
3
2
4
3
3
4
4
95
66
69
75
50
53
62
46
44
37
26
59
72
86
34
6
7
5
13
0
16
7
10
10
6
7
9
7
6
9
18
3
5
4
3
4
2
5
8
5
5
6
5
7
5
8
7
4
2
12
3
4
6
5
6
4
3
7
6
9
7
5
7
4
9
7
5
3
10
4
7
5
4
2
2
2
6
4
4
5
5
5
2
5
6
5
8
14
5
5
2
5
8
5
5
10
23
14
3
1
6
7
5
3
11
14
4
7
4
5
4
4
5
10
3
6
2
6
5
6
21
4
8
3
2
4
75
142
143
130
81
80
79
75
103
158
169
97
190
119
101
9
6
7
5
3
3
12
11
1
4
4
4
2
8
1
1
2
1
4
2
1
3
5
5
3
2
2
3
3
1
1
2
0
6
2
1
3
2
6
1
3
1
3
3
6
2
2
1
3
1
2
4
2
1
1
2
1
1
2
1
1
2
1
2
1
1
1
1
0
1
3
0
0
2
6
6
4
2
5
3
1
7
4
2
3
2
4
2
2
2
3
4
2
2
0
1
7
14
2
1
1
1
3
2
1
2
6
3
5
1
91
27
20
44
57
62
89
54
93
59
82
50
24
132
30
11
5
15
11
7
4
17
1
9
4
6
5
4
2
8
2
2
2
8
7
4
3
3
4
5
2
2
1
3
1
2
1
3
1
4
3
2
0
2
2
4
4
5
1
5
6
0
0
2
4
7
2
3
1
2
3
3
10
2
0
3
0
2
2
3
1
2
1
2
3
2
1
8
3
11
7
12
1
5
2
9
3
1
3
3
0
3
2
4
1
6
4
5
1
2
2
4
2
4
5
3
0
2
1
4
14
2
2
4
152
30
103
57
120
37
110
23
124
13
23
43
13
125
25
6
5
10
7
8
4
2
4
6
5
5
2
4
11
4
2
3
5
5
1
4
1
1
5
4
3
2
2
3
1
1
2
3
4
2
2
2
1
2
3
4
3
5
2
3
6
2
1
4
6
3
13
3
3
1
1
5
5
3
1
1
1
2
3
5
0
3
4
6
3
1
2
3
7
19
21
4
1
2
4
1
5
2
6
5
3
7
4
3
1
5
3
2
3
2
1
1
1
2
4
2
1
2
1
1
4
7
4
104
26
88
96
89
84
91
181
133
54
138
113
113
103
183
7
7
14
9
14
2
7
10
7
5
9
2
2
1
1
2
5
3
2
4
1
2
3
4
1
4
5
6
1
0
4
1
1
1
3
5
3
2
4
2
6
6
2
8
2
5
1
4
5
4
3
1
2
1
1
4
0
6
1
2
0
1
2
0
1
1
0
6
2
1
1
6
4
3
1
10
4
5
1
2
9
4
2
8
1
2
4
8
2
6
1
4
1
1
5
1
1
0
2
3
2
2
2
6
8
9
5
87
114
0
112
80
75
0
69
31
0
135
86
0
0
95
18
11
10
0
7
14
10
7
5
0
5
13
4
7
5
0
2
4
6
9
11
0
3
9
3
4
5
0
5
6
2
7
27
0
8
40
6
21
6
0
6
9
4
14
10
0
5
7
5
8
8
0
7
9
3
8
6
0
5
8
3
8
3
0
5
5
9
16
3
0
2
7
3
6
7
0
6
13
2
9
12
0
28
19
4
14
18
0
3
9
3
10
7
0
1
3
3
10
13
0
5
7
5
13
10
0
143
128
113
183
111
188
181
149
159
166
151
132
124
130
124
11
14
13
8
8
8
3
6
7
11
7
6
4
5
6
1
2
4
7
4
6
4
2
1
6
10
3
7
2
11
29
3
3
4
12
6
8
4
8
8
4
2
9
11
4
3
2
3
4
9
3
6
4
3
1
4
3
5
2
3
6
2
1
2
2
5
6
2
7
4
3
1
7
7
4
8
6
2
5
6
7
8
9
4
10
10
3
12
4
4
4
5
9
2
3
2
5
8
14
8
6
3
4
5
6
189
181
176
81
81
210
244
85
81
237
91
86
85
85
60
12
9
1
9
8
3
4
6
1
7
1
1
5
9
1
1
2
7
5
12
4
1
0
5
3
1
1
3
3
1
2
2
2
1
2
3
2
5
5
9
9
3
2
2
2
2
2
0
2
4
2
1
2
1
1
0
0
5
1
1
1
3
1
1
8
2
1
3
6
2
3
4
4
5
3
5
3
2
4
5
6
2
2
6
4
7
6
9
1
1
2
3
1
1
2
3
5
5
1
1
5
3
3
8
56
84
77
77
50
62
137
117
92
54
77
62
147
83
70
10
2
9
10
3
4
11
6
11
4
5
3
4
1
2
10
3
1
4
3
3
3
4
3
3
1
4
9
5
9
4
2
2
8
6
1
5
6
3
5
1
2
3
1
7
5
1
1
2
2
2
3
4
2
3
2
5
3
2
1
1
2
2
7
4
2
3
2
11
10
4
1
3
2
4
8
2
6
4
5
2
7
6
9
7
3
9
4
1
2
8
2
3
3
2
8
4
2
4
7
4
3
4
79
119
129
82
79
85
81
95
38
200
99
149
88
122
81
6
4
26
7
4
14
2
3
5
1
5
7
2
5
5
4
1
12
6
5
2
4
1
4
1
3
9
2
3
3
1
2
4
7
2
6
4
12
3
4
2
2
3
5
2
4
2
4
2
3
2
2
2
3
1
1
3
1
2
3
3
2
7
6
0
2
3
2
3
6
3
5
1
11
7
3
5
3
15
7
12
6
7
5
19
4
2
1
1
14
3
3
4
3
5
9
4
3
9
2
4
4
188
84
262
269
207
98
194
220
246
94
94
118
263
218
225
5
1
2
2
5
6
5
3
2
0
3
0
3
2
3
0
2
1
2
2
2
1
1
1
4
1
1
3
2
3
7
2
2
0
4
4
1
1
4
1
4
0
1
2
4
2
1
0
1
0
1
2
1
3
2
2
6
0
1
0
0
6
7
1
2
3
1
6
2
3
3
2
3
1
1
1
2
4
2
4
3
0
2
5
2
15
2
3
6
1
1
2
4
3
2
1
7
2
1
2
1
34
9
30
68
43
89
50
89
85
32
87
77
87
106
94
8
4
7
6
5
4
5
5
2
5
3
3
4
5
6
4
2
1
2
4
4
3
3
4
1
6
4
1
4
4
4
15
2
5
3
5
5
4
4
2
1
9
5
7
2
3
2
4
3
4
2
5
7
1
3
5
2
1
4
3
6
5
2
6
3
2
7
3
3
4
2
6
1
1
1
7
3
2
5
5
3
1
6
1
5
4
3
10
7
1
4
5
2
4
7
8
6
5
3
6
44
74
50
57
35
75
79
69
18
141
100
38
74
57
38
5
1
3
7
9
3
3
1
4
2
1
3
3
8
9
6
5
3
3
3
3
1
1
4
3
4
2
7
2
4
6
3
4
3
2
5
5
4
1
1
3
6
3
2
3
3
2
2
2
1
1
2
2
3
2
1
1
4
1
9
6
2
3
2
2
5
2
1
1
3
5
2
2
3
3
3
3
2
5
2
4
4
5
2
1
1
5
1
1
2
6
8
4
6
4
7
1
2
4
116
143
130
134
40
125
136
133
53
208
219
92
199
96
91
1
5
0
2
1
0
1
5
3
1
2
0
1
2
2
2
2
1
2
1
1
0
1
1
2
1
1
1
1
0
9
2
4
2
4
1
2
1
6
3
2
1
2
3
1
1
1
1
3
2
2
2
1
1
0
2
2
0
2
1
1
1
7
2
2
4
4
2
0
1
1
1
3
1
4
2
1
0
1
1
3
2
1
1
2
1
1
2
1
3
1
0
2
1
2
1
2
2
104
95
99
4
77
134
126
76
94
85
86
39
21
192
4
3
4
4
1
1
4
4
2
3
3
3
1
2
3
4
2
1
1
4
4
1
1
1
1
3
2
4
7
3
3
1
5
5
0
4
1
3
3
4
3
3
0
2
3
1
1
1
0
1
1
4
2
1
1
1
9
2
2
4
1
2
2
5
9
3
4
3
2
4
1
5
2
4
1
2
0
4
1
1
5
3
2
2
2
1
3
2
1
9
0
1
4
5
1
5
3
1
143
162
96
151
85
109
122
111
71
82
135
90
76
59
78
5
0
2
1
6
4
1
10
4
3
1
4
4
2
2
1
4
3
2
1
3
3
3
2
7
2
1
5
5
5
4
1
2
2
1
3
1
1
1
1
1
2
2
0
2
1
2
4
3
1
1
1
1
1
1
0
14
3
1
2
3
2
6
3
5
2
3
2
2
2
3
4
3
1
2
3
7
3
4
6
2
0
3
5
0
1
1
1
3
4
3
1
2
2
2
10
339
307
296
294
334
313
4
1
10
1
1
0
4
7
1
1
2
3
0
1
2
0
1
2
2
1
1
0
2
1
2
4
3
0
2
1
3
4
4
7
4
0
1
5
0
4
2
2
1
1
1
0
1
2
1
1
1
0
0
1
1
6
3
2
2
1
1
0
7
2
1
1
9
0
5
3
0
1
1
4
3
1
1
3
2
2
4
3
3
1
1
0
1
4
1
1
2
1
1
1
1
192
133
222
170
182
109
5
12
2
1
1
2
8
1
3
3
5
4
1
1
3
1
2
4
3
1
2
3
3
3
10
2
2
2
3
4
8
3
2
5
1
1
1
3
3
1
1
2
3
1
4
2
2
1
2
3
1
1
3
2
10
1
3
2
4
3
3
13
6
3
5
6
1
0
2
3
5
6
3
2
2
2
2
2
3
1
6
8
2
1
1
2
5
1
2
4
2
3
1
2
234
253
231
210
255
194
2
1
1
2
3
3
2
2
2
0
1
0
1
6
4
8
3
1
3
2
1
3
3
3
3
2
3
1
1
1
2
3
12
1
3
11
3
3
1
2
1
1
1
3
2
2
4
6
4
0
2
0
1
4
4
5
7
1
2
0
1
1
2
10
5
0
3
1
1
1
4
4
2
1
1
1
2
3
5
4
5
1
1
2
3
0
2
1
4
2
1
1
0
278
221
278
195
226
238
0
1
1
6
4
1
2
1
3
0
0
3
3
5
3
2
1
2
1
1
0
2
8
1
1
2
1
2
0
1
1
3
1
3
2
1
5
2
1
3
1
2
1
1
2
1
1
3
0
0
1
2
1
1
4
2
1
1
2
3
1
4
1
5
0
1
1
1
3
6
2
2
1
0
3
0
3
3
2
2
1
1
0
3
7
7
2
4
0
9
1
2
312
313
308
405
399
397
2
1
9
3
3
1
2
3
1
0
0
1
1
1
0
2
5
1
1
2
1
1
2
1
3
2
2
1
0
1
6
5
1
2
1
0
2
1
0
2
5
1
0
0
0
1
1
3
1
0
0
2
1
1
0
2
1
5
1
1
0
0
1
5
1
5
3
4
1
2
1
1
4
2
1
0
0
1
2
0
0
0
1
4
0
3
1
4
3
2
2
256
250
306
202
285
227
5
2
1
2
2
3
3
2
1
4
2
1
1
1
2
1
1
0
2
1
2
2
1
1
7
3
2
5
2
1
2
2
1
3
2
1
1
1
3
2
0
0
0
1
1
1
2
0
1
1
1
2
2
4
3
5
5
5
3
0
1
2
4
3
2
3
2
1
2
1
1
1
2
2
1
1
1
4
1
1
2
1
1
1
1
2
3
3
4
1
190
242
221
233
249
222
0
0
2
1
1
4
1
5
3
0
1
3
1
5
1
4
2
1
1
4
1
1
2
11
1
1
1
1
2
4
1
7
3
1
0
0
1
3
1
1
1
5
0
0
3
2
1
1
2
0
1
1
3
0
5
5
4
1
1
1
1
1
2
6
3
2
0
1
2
1
1
2
7
2
1
2
2
6
2
2
3
0
0
1
2
3
8
4
1
148
223
175
209
279
266
3
1
2
1
2
14
1
7
2
6
2
1
3
3
12
3
1
3
3
3
1
13
3
12
1
3
2
1
1
1
5
6
1
1
1
2
1
4
1
5
1
2
1
1
1
5
2
1
4
3
1
2
1
3
1
4
1
1
1
1
0
1
7
1
1
6
3
5
2
3
3
16
2
4
1
2
0
1
0
2
3
6
3
1
2
1
3
16
135
115
113
152
189
136
4
0
2
6
3
1
3
2
2
3
5
1
9
2
1
2
1
1
1
6
4
1
3
8
2
5
1
0
4
0
5
8
2
1
1
0
0
0
1
2
1
3
2
2
3
0
0
2
3
1
4
0
3
3
1
4
5
3
4
1
3
2
4
3
4
2
2
1
2
2
2
4
2
2
4
2
1
0
1
6
2
2
4
1
2
2
1
157
150
117
149
90
120
6
7
2
1
2
3
6
6
2
11
1
2
4
1
2
2
4
5
2
2
2
3
2
2
1
5
1
2
2
4
3
5
10
5
1
2
1
4
4
10
2
2
1
1
1
1
1
5
5
5
1
3
3
5
2
8
4
2
0
1
1
2
2
5
15
10
0
7
2
4
12
3
2
6
0
1
1
9
2
8
7
3
4
2
2
1
129
65
88
122
115
111
12
2
3
12
2
1
3
7
3
0
3
2
8
1
2
2
2
0
2
1
1
2
1
1
0
0
2
3
7
1
1
6
5
1
1
2
11
4
4
14
9
1
1
10
7
2
3
3
1
0
1
2
2
1
1
7
3
0
2
5
1
2
6
10
2
1
3
3
2
3
3
3
7
0
2
3
6
2
8
7
8
1
4
2
2
107
141
102
114
118
109
2
13
4
3
1
3
8
4
3
3
3
32
1
3
3
5
2
2
2
2
2
3
1
1
3
6
2
2
2
3
9
7
2
3
5
5
1
10
4
2
1
3
5
4
1
2
3
2
3
4
3
2
1
4
3
4
2
3
1
3
11
8
7
4
1
4
4
5
7
4
4
10
1
3
3
2
3
8
11
4
3
5
2
3
93
90
103
185
129
132
3
0
2
1
1
0
1
3
8
1
3
1
4
2
1
2
1
5
4
1
3
2
3
8
2
6
2
2
1
1
0
2
2
2
2
1
1
1
1
1
1
1
2
6
1
1
5
1
3
2
7
0
3
2
1
9
3
5
2
2
1
3
1
1
4
2
4
0
2
1
3
2
1
2
1
1
2
1
0
13
2
2
2
112
94
86
176
136
181
13
5
0
1
3
1
6
3
10
6
2
2
1
1
0
2
2
0
1
1
3
1
2
3
3
2
3
2
1
1
1
3
3
3
1
1
4
0
1
1
4
17
3
2
2
1
0
4
4
2
1
2
4
3
1
9
12
3
1
5
1
2
2
6
3
2
1
2
3
4
2
1
0
1
3
2
4
5
2
9
2
6
140
187
177
133
143
193
13
2
1
2
1
3
5
2
7
0
0
0
1
4
1
2
1
0
1
0
2
1
1
4
3
1
1
1
1
1
2
1
9
0
3
2
1
3
3
7
2
1
4
1
1
1
4
4
2
0
1
2
3
1
1
9
3
1
0
0
3
2
2
2
10
1
1
2
3
6
7
1
6
1
2
2
4
2
6
1
4
103
126
91
99
85
131
3
4
2
3
1
4
5
1
1
4
1
3
1
4
2
1
1
4
1
2
1
4
2
8
1
3
3
2
2
7
2
2
1
3
3
2
3
1
2
4
2
4
4
2
1
5
2
5
0
1
1
3
0
2
9
13
1
2
1
3
1
2
5
3
1
2
1
6
2
2
2
10
1
2
3
3
2
8
4
0
75
50
29
175
150
221
4
2
1
2
4
3
1
1
12
2
2
1
2
5
0
1
1
1
2
1
1
4
1
1
2
1
1
0
2
3
4
3
2
3
2
1
0
3
1
5
3
5
2
0
1
4
1
2
3
5
1
2
1
3
3
6
4
3
6
6
5
1
4
7
4
1
1
1
3
4
3
8
3
6
4
2
1
4
2
202
153
198
176
237
212
3
2
0
18
17
6
2
9
2
4
1
4
4
2
1
0
2
1
0
2
1
2
1
6
3
4
1
1
2
7
1
3
1
3
0
2
2
3
2
2
7
8
1
2
2
2
1
5
1
4
0
10
1
2
2
17
6
2
1
2
1
1
3
2
5
4
0
1
1
1
4
13
20
8
1
1
2
1
153
143
141
140
180
154
14
4
10
1
6
0
7
1
2
0
1
1
1
0
1
2
2
0
3
1
3
1
4
4
17
0
1
2
8
1
14
5
2
0
2
6
7
0
4
7
4
0
1
1
4
0
2
2
1
0
1
1
2
1
12
2
3
0
3
1
1
11
4
4
5
0
4
4
2
5
11
15
4
1
1
1
2
74
112
107
74
79
113
0
1
5
12
1
5
3
1
3
1
2
3
0
1
1
13
1
1
4
7
5
2
2
2
3
1
0
2
1
1
4
23
0
4
2
2
2
4
6
5
0
6
2
2
1
1
8
10
0
2
4
3
3
1
2
3
1
2
7
3
1
5
2
6
1
2
3
3
1
1
5
7
1
2
2
2
135
117
130
113
116
111
2
6
1
1
1
1
2
0
18
11
4
4
0
2
1
1
0
2
2
3
1
0
0
1
2
1
1
1
1
1
2
2
1
1
1
1
1
1
1
2
1
2
5
1
1
2
2
1
2
3
4
2
0
3
4
11
2
9
1
2
0
1
1
0
1
0
3
1
1
1
0
3
1
3
2
147
142
120
155
126
177
9
9
2
2
3
1
0
6
4
4
1
1
6
2
3
2
1
5
1
2
3
1
3
4
6
3
0
2
1
2
1
2
3
2
1
6
1
1
2
2
1
7
1
1
1
12
1
2
3
2
1
16
1
1
3
13
2
6
0
2
2
2
1
2
1
2
1
3
2
4
2
1
2
10
109
139
100
151
174
146
16
0
7
2
3
2
4
2
5
0
1
2
2
2
1
2
14
1
1
3
3
2
5
3
9
0
2
2
3
2
3
3
4
2
1
2
4
0
2
1
2
0
2
2
7
1
1
3
2
3
9
3
4
3
3
4
5
2
3
3
5
1
3
1
7
0
10
2
6
4
3
2
11
143
150
144
131
116
150
3
7
1
2
2
5
4
2
9
4
1
1
3
2
4
2
0
1
5
2
2
1
3
7
1
2
2
4
1
6
4
1
2
2
1
5
0
3
1
4
0
1
4
4
1
2
9
3
7
4
5
3
3
3
10
8
9
0
2
5
7
2
2
3
5
2
14
3
9
2
2
32
224
283
187
250
153
182
5
2
2
2
2
1
0
1
1
2
1
1
3
1
2
2
1
1
2
2
1
2
1
3
1
1
2
1
1
1
1
6
3
3
1
1
1
2
1
1
2
1
5
2
0
1
3
1
2
1
2
1
1
0
2
2
1
2
4
1
1
2
2
4
1
2
1
0
2
2
1
147
162
198
137
196
148
10
26
2
4
1
4
4
2
1
6
1
2
1
2
3
2
4
1
0
1
3
3
1
5
2
8
0
2
2
2
3
5
6
9
1
1
7
2
1
3
4
9
0
5
3
2
5
6
3
2
1
2
1
2
5
1
6
7
1
2
1
3
7
5
5
10
0
2
1
2
251
258
258
264
315
301
2
2
1
2
2
1
4
1
3
1
1
4
6
2
2
3
1
1
2
2
1
2
1
3
2
1
1
2
2
4
5
2
4
2
1
1
3
1
3
1
3
0
1
2
1
5
1
2
2
1
1
2
2
2
1
2
2
1
1
2
4
3
4
2
8
1
2
1
2
222
302
274
219
230
268
2
1
2
2
3
1
1
0
1
2
0
4
4
2
2
2
1
2
1
1
3
6
2
2
1
1
1
1
3
6
2
2
2
2
4
1
1
2
2
3
1
1
1
2
5
15
2
7
6
3
2
3
1
0
3
4
1
1
0
1
2
1
2
6
2
2
4
1
231
253
270
209
311
230
1
1
2
1
1
2
2
1
2
1
4
1
1
1
1
2
1
2
2
2
0
0
0
1
2
1
1
3
1
4
2
4
1
9
2
2
1
2
2
0
2
3
1
2
0
1
1
3
2
1
3
1
1
2
4
1
3
2
4
2
0
1
1
2
1
1
1
310
173
292
165
266
162
1
3
2
4
4
2
1
4
2
2
2
1
3
1
2
6
2
3
1
3
2
2
2
1
1
0
5
1
5
3
1
2
1
3
2
4
3
3
1
4
18
1
2
1
7
2
5
2
3
2
1
4
2
4
1
1
0
1
2
3
6
2
2
4
2
7
160
227
128
127
180
114
2
1
5
2
3
4
1
1
1
1
1
2
3
1
1
1
3
1
1
3
1
1
3
2
2
1
2
0
4
2
6
2
9
1
2
2
1
2
1
3
2
6
4
4
4
3
3
4
7
1
3
1
2
1
2
1
2
1
5
1
3
8
8
2
3
102
143
225
159
92
136
0
1
1
1
2
2
3
11
2
3
1
2
3
5
1
1
1
4
1
1
2
2
3
2
1
2
1
2
3
2
5
5
0
2
2
3
1
5
4
5
2
2
5
2
1
5
2
7
6
2
1
1
1
1
3
7
0
2
2
4
5
2
3
4
93
171
254
154
111
184
3
4
1
0
3
1
1
1
2
1
0
0
0
2
0
2
0
0
1
0
1
0
1
3
4
1
0
0
0
3
1
7
3
1
3
1
1
1
1
3
1
0
1
1
2
2
2
2
1
2
5
0
2
0
1
5
1
1
3
1
1
3
3
145
177
122
139
128
110
3
3
0
3
4
3
1
3
1
1
0
2
2
3
1
1
2
2
0
4
1
1
2
3
1
3
2
3
4
6
1
1
2
4
1
2
5
3
1
2
2
3
1
1
3
1
2
3
3
8
0
1
3
2
2
2
2
1
2
3
3
6
191
145
174
141
229
135
1
0
1
4
1
3
1
1
0
0
1
3
5
2
3
2
1
0
1
2
1
3
0
6
4
0
3
1
2
1
2
2
10
1
2
2
1
1
1
5
1
0
1
1
2
2
4
2
2
1
1
2
1
2
5
2
5
1
2
1
0
104
135
140
145
163
172
1
1
0
1
3
1
1
1
2
1
2
1
3
2
2
1
0
1
2
0
2
4
1
4
1
1
1
5
2
6
8
5
1
1
2
0
3
1
1
3
3
2
3
1
12
6
1
2
1
2
1
1
1
0
1
3
1
0
1
1
206
201
190
328
185
182
1
2
3
0
0
0
1
3
1
1
1
0
1
1
1
3
0
3
4
1
0
1
1
6
4
2
2
0
1
1
1
0
1
5
1
1
2
3
1
0
4
3
2
0
1
2
2
4
0
2
1
2
1
1
1
1
2
1
2
100
141
114
199
197
224
3
2
1
0
1
1
1
3
3
1
1
2
1
3
0
1
2
3
1
5
3
1
2
3
4
4
5
1
1
1
1
2
2
2
3
1
1
2
1
4
2
2
1
1
2
4
2
1
3
3
1
1
1
2
2
1
3
1
146
157
105
137
102
87
4
1
1
5
2
3
2
5
5
1
2
1
1
2
3
1
3
2
3
1
7
1
5
2
11
0
1
4
4
0
4
5
4
1
1
2
1
0
7
1
9
1
1
1
3
1
2
1
3
2
3
1
1
5
0
1
3
138
132
118
190
167
161
2
1
3
7
2
7
1
3
1
5
1
12
1
4
2
14
0
13
15
4
0
4
2
2
0
2
1
1
1
3
2
5
3
3
2
13
0
3
7
10
0
7
4
7
3
4
3
7
0
3
3
3
2
2
2
2
161
257
245
150
199
252
0
2
1
5
0
1
1
0
5
3
2
1
1
1
2
6
5
1
4
0
1
4
1
0
3
2
5
0
2
0
5
2
1
1
5
1
1
1
3
2
2
1
6
1
0
1
1
3
2
4
2
0
1
1
4
265
246
171
271
197
160
7
5
1
1
1
4
2
4
2
3
1
0
2
2
2
1
3
5
0
1
1
3
0
3
3
2
0
1
0
4
1
4
8
7
2
2
1
1
5
2
2
4
0
1
1
3
1
13
3
4
1
2
1
1
289
349
361
255
276
322
5
1
2
4
3
1
7
5
3
1
1
3
2
2
2
0
0
0
1
2
1
1
1
1
3
2
1
2
3
2
3
10
4
0
3
1
2
0
4
4
4
2
2
1
3
2
8
13
7
1
2
2
3
274
264
257
254
229
194
1
2
2
9
1
9
5
3
1
3
0
3
2
1
2
3
1
1
3
5
0
1
0
1
0
0
1
2
1
17
10
3
0
1
1
3
10
1
2
14
2
1
2
3
3
6
5
2
2
1
2
2
269
331
326
303
300
343
1
2
1
4
2
1
0
1
1
1
1
1
2
0
1
4
3
3
3
1
0
2
1
3
0
9
3
2
0
2
5
1
1
3
2
1
0
1
1
2
2
1
3
1
2
1
0
5
3
2
0
253
204
168
246
151
127
1
3
1
1
5
3
2
2
2
2
2
1
3
4
1
3
3
3
0
2
2
2
1
7
19
2
2
3
1
1
1
7
3
10
0
1
3
4
2
2
2
4
0
1
1
2
2
10
1
7
252
234
307
280
234
243
19
0
4
2
2
0
3
6
1
3
1
2
4
0
2
0
2
1
3
4
3
0
2
5
1
2
3
2
0
0
1
2
2
2
5
1
2
0
4
1
1
0
2
1
2
0
1
1
3
222
175
227
150
249
144
1
14
1
1
2
15
6
3
2
2
2
2
1
0
2
1
0
0
3
3
0
2
2
1
2
1
3
3
0
2
3
6
1
1
3
3
1
1
2
9
0
1
3
1
1
1
2
4
109
142
98
187
96
109
7
1
4
2
2
1
1
7
2
1
2
0
1
2
1
1
2
2
3
0
3
0
1
1
1
1
2
0
2
1
1
5
2
2
3
0
1
1
1
2
1
1
2
0
1
1
1
119
134
94
126
101
111
5
3
3
2
8
9
1
1
3
1
0
2
5
3
1
1
2
2
0
1
6
1
3
8
2
2
2
2
1
3
1
16
3
6
1
1
3
2
2
2
5
1
1
1
1
2
154
87
106
87
105
88
11
5
2
13
9
3
3
5
2
1
1
1
2
1
2
1
4
0
1
2
1
2
4
1
1
1
1
0
2
6
5
10
10
1
2
1
3
3
4
5
3
4
5
1
1
109
107
124
129
123
136
2
5
9
7
4
3
6
4
1
1
1
5
0
1
1
2
0
1
2
1
2
1
1
2
0
1
1
4
1
3
5
7
1
1
3
13
2
2
8
8
1
1
1
2
90
106
143
128
121
138
4
3
2
0
1
0
2
0
3
3
2
0
0
1
1
0
1
1
2
1
1
0
3
0
1
1
1
0
1
3
2
1
1
1
2
0
1
1
2
1
1
1
1
177
91
200
91
186
92
17
3
1
2
2
6
0
2
3
8
0
0
2
2
0
1
2
1
1
2
2
2
2
7
2
4
2
1
2
3
1
5
1
2
1
2
1
1
2
2
0
3
134
140
103
119
91
102
7
3
1
2
1
1
3
2
1
0
1
1
3
1
1
2
4
1
3
2
2
1
1
1
1
1
1
3
4
2
4
7
4
1
3
2
5
2
1
3
1
137
124
109
133
119
111
2
2
2
4
1
3
3
3
0
1
1
4
0
1
4
2
1
1
1
4
1
2
3
4
2
2
3
6
1
3
4
11
0
2
0
1
0
2
1
2
87
89
118
91
158
93
8
5
3
2
3
3
7
1
3
1
3
7
3
3
2
2
1
2
5
1
4
3
3
5
3
3
4
1
2
2
3
3
1
1
6
2
2
3
3
155
187
156
164
105
125
6
9
2
1
2
7
1
7
1
3
0
4
7
10
3
5
2
1
3
1
3
1
4
8
2
5
1
1
3
3
16
5
1
17
2
2
3
4
154
150
201
126
148
156
27
0
1
2
2
1
7
4
6
1
2
3
2
1
5
1
2
0
13
1
1
1
14
2
3
3
3
2
3
0
1
4
4
1
1
0
1
192
164
133
167
146
103
1
8
2
3
1
4
3
4
0
6
0
1
0
5
16
4
0
2
2
1
4
10
9
7
0
3
2
2
2
2
2
4
1
4
1
2
45
98
108
43
82
144
3
6
2
0
2
1
1
3
3
4
2
3
3
2
2
1
3
2
2
0
0
0
1
2
0
0
2
1
1
1
0
2
1
1
1
160
223
156
163
183
140
6
9
2
5
0
5
1
3
2
3
3
3
2
1
2
3
4
3
2
1
2
5
8
1
1
2
1
3
2
1
8
5
2
3
99
176
187
92
114
176
4
1
2
4
4
1
7
3
3
2
2
2
2
1
7
7
8
1
2
0
11
5
4
4
3
1
1
3
2
3
2
1
3
103
149
122
91
107
104
1
3
5
25
2
3
3
6
2
1
2
12
1
16
5
4
3
4
5
8
5
2
3
5
1
3
3
3
2
2
5
4
232
133
189
158
211
223
3
3
2
1
1
0
1
1
0
1
1
1
0
4
1
2
0
1
2
1
0
0
2
6
2
1
1
1
1
2
1
136
117
133
155
198
173
11
13
2
7
0
2
3
6
5
5
1
1
4
2
3
2
5
2
1
2
1
2
3
2
9
7
1
1
1
1
134
132
131
144
139
138
4
1
1
6
4
2
1
1
3
0
2
2
1
4
3
3
2
1
2
2
2
4
7
2
2
1
1
1
0
121
124
93
98
90
112
0
4
2
4
1
4
2
9
0
2
2
4
4
11
2
8
1
7
1
6
4
4
2
6
3
5
1
2
163
201
152
139
171
151
1
2
3
3
2
1
2
2
1
3
4
0
0
1
2
2
0
1
0
1
1
0
0
4
1
0
2
133
176
206
135
148
237
3
3
1
4
2
2
8
4
10
3
3
1
4
4
5
0
0
1
3
1
1
3
1
2
2
1
127
148
138
148
147
201
2
2
1
4
2
0
8
20
6
0
2
1
5
1
2
1
3
6
4
9
1
6
5
7
11
109
171
93
109
97
91
2
4
4
1
1
2
3
10
2
3
5
3
1
3
1
6
2
1
3
1
3
4
5
5
46
66
89
19
61
81
3
7
2
1
2
4
2
2
3
2
1
1
6
1
1
2
3
4
4
0
2
5
2
166
111
158
109
178
102
7
2
1
4
4
4
1
4
2
4
0
2
1
2
9
19
12
3
1
4
2
2
37
119
91
29
45
103
12
9
3
2
4
1
1
2
4
0
1
1
2
0
6
14
4
4
3
1
2
48
35
5
81
14
39
6
4
9
1
7
4
7
4
2
2
2
4
1
3
15
10
1
4
2
3
124
140
126
95
107
136
2
3
1
3
1
1
1
1
0
1
1
1
2
2
1
2
1
1
4
91
86
85
113
90
115
3
4
1
2
0
6
2
1
0
2
6
2
2
1
11
8
1
2
96
142
170
94
117
142
14
2
1
2
3
1
4
1
2
5
5
3
3
3
2
4
2
92
141
104
90
64
80
1
4
1
3
1
2
3
2
4
3
2
5
2
6
4
15
94
132
98
104
90
87
3
3
6
0
1
1
6
3
1
12
18
1
3
1
2
81
101
96
110
94
116
5
8
2
2
2
2
1
6
4
3
1
1
3
1
113
71
42
70
69
120
36
1
2
4
9
1
1
3
2
2
2
1
1
87
89
89
74
91
63
1
12
4
10
1
6
3
5
4
5
1
3
121
155
138
107
125
118
2
2
3
0
1
0
0
3
3
4
4
102
116
106
74
82
177
13
3
0
1
1
1
1
1
7
4
99
132
148
93
97
117
8
2
1
2
1
0
2
1
2
97
120
80
92
57
96
1
3
2
2
1
4
3
3
236
232
231
335
350
344
11
5
2
0
0
1
3
139
259
242
151
157
247
13
4
8
3
2
1
248
252
299
274
281
306
15
2
2
2
4
241
133
237
175
232
166
4
1
2
2
187
291
173
206
307
193
2
2
4
84
84
176
212
75
79
7
3
100
103
100
167
145
172
5
266
357
243
308
265
258
