168
27
65
74
115
74
75
86
140
142
214
103
152
170
135
5
4
2
2
7
7
10
5
1
3
3
2
4
1
6
0
3
5
6
10
4
4
7
11
4
2
1
4
1
1
7
3
6
2
3
1
2
1
1
0
12
4
5
2
3
2
7
11
22
4
14
2
2
3
10
1
3
0
7
3
2
2
1
0
1
1
3
3
0
2
1
1
1
2
3
1
1
2
3
1
2
1
8
1
3
2
1
3
1
1
3
6
5
3
1
1
0
3
3
2
1
0
0
0
1
0
1
1
0
2
1
1
1
0
3
2
1
1
1
2
2
1
3
9
1
2
3
8
2
2
2
2
1
6
1
1
9
1
5
1
1
1
1
3
3
2
8
6
6
3
3
3
5
2
182
85
94
131
112
93
99
124
140
67
94
133
77
88
118
14
3
4
10
11
21
7
2
6
5
9
10
12
4
2
4
2
13
19
1
3
11
11
6
9
1
8
6
3
19
5
5
2
2
4
5
1
7
2
10
10
7
5
1
6
15
0
13
8
5
5
5
10
9
5
5
2
8
5
3
1
6
2
1
3
3
2
5
9
7
5
3
3
7
3
5
9
3
5
4
2
5
13
2
11
5
4
7
4
4
3
7
1
3
2
3
4
5
4
3
3
3
6
6
5
5
5
3
4
1
2
4
3
8
15
7
2
3
4
7
3
1
4
6
9
5
3
6
3
5
6
3
7
1
3
6
7
7
3
4
8
2
5
4
4
2
2
4
5
1
4
3
9
72
94
88
84
101
109
135
129
98
115
133
99
140
119
127
4
11
8
11
13
6
2
3
7
4
2
13
4
4
2
11
21
13
4
6
8
13
13
12
2
3
4
11
8
2
9
4
1
2
6
1
3
1
16
11
17
2
3
2
13
0
15
6
9
5
5
10
14
2
3
5
1
12
4
3
2
5
1
2
6
10
3
3
4
5
3
4
3
6
1
3
6
4
7
4
4
6
6
6
4
9
4
4
7
2
4
3
5
8
9
4
5
4
2
3
3
3
8
2
1
2
6
2
3
3
2
1
6
4
4
4
2
3
7
8
3
4
4
8
1
5
5
5
5
2
6
7
3
5
4
7
4
3
6
8
4
5
3
11
5
3
3
7
6
4
4
5
4
143
196
158
10
14
8
25
169
152
147
87
179
57
83
2
9
7
6
14
10
6
3
1
3
0
3
2
6
6
5
2
4
15
6
6
8
2
2
2
2
5
3
1
4
2
1
1
6
1
2
6
5
6
3
6
10
4
7
0
5
5
2
4
0
3
4
4
2
2
1
8
3
2
1
4
1
2
4
2
1
7
4
2
1
7
0
2
1
9
3
2
1
2
5
4
3
2
3
3
7
4
2
4
1
1
2
5
7
3
1
1
2
1
3
1
0
1
1
1
2
1
0
1
0
1
4
3
0
0
5
1
4
3
2
6
3
5
3
3
1
2
1
1
3
3
1
2
3
3
1
2
1
5
1
3
1
4
2
3
2
1
3
2
3
1
102
138
96
47
93
147
110
82
98
94
78
96
44
67
83
10
1
10
7
3
6
13
1
4
7
2
6
9
2
10
9
10
5
9
5
9
10
7
6
2
2
0
12
6
4
4
2
3
2
1
5
12
2
6
8
6
10
9
0
6
3
11
7
4
7
5
2
2
1
3
2
3
1
9
5
5
1
4
9
1
4
7
6
2
6
1
1
5
1
11
4
4
3
3
5
6
6
1
3
4
5
4
6
4
2
5
2
9
1
2
3
3
1
8
7
2
1
3
4
3
1
1
3
2
1
7
7
2
1
9
11
5
5
3
4
6
4
3
13
2
4
8
1
5
6
1
6
4
4
3
1
1
1
4
3
3
4
1
2
3
4
6
9
3
6
29
36
13
21
15
37
31
16
57
31
8
15
8
17
10
7
11
4
8
6
17
4
8
7
4
3
15
15
13
16
9
7
10
13
10
7
10
9
5
13
13
1
11
3
7
10
5
4
1
2
5
7
4
13
12
11
7
11
12
12
15
13
0
14
24
12
5
8
4
6
1
3
8
6
3
4
4
2
7
5
11
4
3
4
2
3
1
2
7
7
2
2
2
14
4
7
4
5
7
3
7
3
1
3
6
13
6
2
2
1
2
5
9
2
1
1
1
2
2
10
2
1
2
3
12
4
0
3
4
4
8
3
3
6
3
11
10
9
4
6
4
4
1
6
7
4
5
12
5
4
2
7
3
3
3
9
2
3
3
9
8
4
3
4
75
95
255
79
186
90
60
138
58
80
98
83
73
219
82
10
18
3
8
6
9
2
5
2
4
2
3
19
5
5
8
9
9
10
3
2
8
3
8
19
8
7
7
2
2
4
3
2
3
12
3
10
4
8
6
11
0
17
5
19
10
3
7
4
2
1
2
10
13
3
3
1
5
1
2
7
9
5
11
7
3
1
3
3
4
1
5
1
5
4
2
7
11
3
3
2
7
2
4
8
5
4
8
3
3
9
6
4
2
2
2
3
5
5
2
3
2
5
6
3
3
1
1
5
10
6
7
4
3
7
2
11
15
7
5
1
12
4
3
3
1
3
5
5
8
3
4
3
5
3
8
1
6
4
6
4
6
2
1
5
9
7
6
118
76
120
82
121
86
124
94
97
93
90
65
91
94
74
12
6
6
5
6
1
9
8
3
9
6
0
11
4
14
7
8
9
5
3
9
2
16
12
4
10
5
5
4
4
3
5
5
11
3
8
1
10
12
6
0
4
5
6
10
13
15
8
2
8
4
7
5
2
4
2
6
3
5
7
5
8
6
2
4
2
6
4
7
3
7
1
1
3
6
8
5
3
7
2
10
10
5
23
7
4
18
4
10
4
3
5
2
3
4
2
5
4
5
4
3
5
2
2
2
6
1
2
7
6
5
4
8
2
14
5
11
5
4
1
3
6
12
8
3
1
4
3
9
8
3
3
3
3
11
6
4
3
3
2
10
3
7
4
7
11
7
83
83
105
108
71
78
92
103
97
83
88
74
130
92
127
4
18
7
2
3
8
7
19
2
12
15
5
8
15
8
9
16
6
3
13
4
15
7
2
7
16
3
10
9
1
5
7
11
8
9
5
3
10
6
23
8
6
3
8
6
12
19
6
3
6
5
4
11
4
6
11
5
12
8
3
4
18
3
5
9
7
7
22
3
4
6
3
4
8
8
6
7
5
4
10
5
6
9
4
9
8
1
5
5
6
6
9
3
4
8
6
4
7
7
11
7
6
5
9
5
3
15
5
5
15
9
8
10
2
3
13
4
9
4
2
6
10
2
3
6
5
4
15
5
3
5
6
6
13
2
4
4
2
4
9
2
11
6
3
7
13
200
254
296
226
318
191
199
163
216
251
243
255
212
275
227
5
4
3
1
1
3
2
3
1
10
8
12
7
5
2
1
0
6
1
1
1
3
2
3
3
1
1
2
0
0
1
2
1
3
6
9
7
4
0
3
4
1
4
3
7
5
3
5
5
0
4
1
1
3
4
0
1
2
1
1
6
2
1
0
1
0
3
0
0
0
1
1
2
3
1
2
1
4
3
3
2
2
2
1
2
5
1
1
1
2
1
0
1
1
1
0
1
0
1
1
1
0
1
0
1
1
1
0
2
4
2
2
7
1
2
0
1
1
1
4
2
0
0
2
1
4
1
1
3
1
1
1
1
1
3
0
2
1
1
0
0
1
1
2
1
63
35
24
27
32
99
80
43
79
72
14
48
28
122
84
5
7
2
7
1
13
6
5
5
8
1
3
4
10
5
1
4
10
2
9
10
2
9
6
1
6
4
7
5
7
5
5
9
4
6
9
5
9
5
11
8
4
1
10
0
4
4
5
0
2
2
3
5
7
2
2
4
1
3
11
2
8
4
8
5
3
2
5
3
2
2
5
2
3
6
4
9
3
4
4
2
3
2
8
3
4
6
4
2
3
3
7
3
5
2
4
11
2
3
2
9
2
2
5
2
6
8
6
8
10
12
8
1
2
4
4
2
10
2
4
1
4
2
2
5
5
3
4
1
3
4
8
4
4
3
2
1
2
4
7
2
8
5
6
14
48
17
34
22
74
67
69
85
22
72
48
42
25
50
1
3
2
4
3
8
7
5
4
3
9
11
6
5
3
1
3
8
10
6
1
10
13
2
4
1
1
4
4
3
4
2
4
6
10
4
0
1
3
15
3
5
5
3
4
5
5
1
5
1
8
5
3
7
3
2
2
2
9
6
1
1
2
5
3
2
2
5
2
1
1
6
2
1
2
6
1
5
6
2
4
3
5
2
5
5
5
3
1
4
5
4
3
1
2
4
3
3
4
6
1
3
3
2
2
1
5
5
6
7
9
2
3
5
8
3
1
5
3
8
2
0
3
2
4
5
2
1
2
3
4
1
2
3
2
2
9
8
4
3
6
6
5
178
139
174
149
232
130
190
157
227
137
152
136
145
227
161
1
15
1
1
1
3
0
4
2
3
2
7
5
2
2
3
2
6
0
1
4
3
2
20
7
1
3
1
2
2
2
2
2
1
1
15
4
2
8
2
4
2
2
0
2
3
3
7
2
4
0
1
1
3
8
3
3
2
1
2
0
1
6
2
8
4
2
2
1
1
2
11
5
4
0
2
1
1
1
0
1
5
1
1
0
3
2
2
3
1
0
1
2
2
5
3
1
1
1
1
2
1
2
5
3
3
0
3
1
0
2
5
1
3
1
2
0
1
1
5
2
3
1
2
1
3
7
2
2
1
1
2
0
2
5
2
6
4
1
1
4
3
128
136
152
82
147
154
159
82
150
154
96
185
71
202
67
10
3
2
3
3
9
5
1
3
4
5
12
5
1
2
3
5
7
4
3
3
1
9
5
1
1
1
4
11
5
3
1
1
5
0
5
3
2
9
3
5
3
1
3
1
2
4
5
6
1
1
3
4
2
11
3
10
4
4
2
4
1
14
5
4
1
5
1
1
2
8
3
4
0
1
2
3
1
1
0
1
1
1
4
7
2
6
3
10
3
4
1
3
2
4
5
3
0
2
3
1
2
7
3
4
3
2
4
3
1
4
2
3
1
4
5
1
3
9
10
6
3
2
2
1
4
4
1
4
1
3
1
3
15
7
6
9
2
3
2
3
33
20
64
5
83
62
47
49
80
60
82
85
28
87
74
4
5
3
2
6
5
2
9
13
9
12
4
5
12
6
9
0
1
6
4
3
12
5
1
3
5
10
8
10
1
5
8
8
0
11
2
12
4
2
5
12
2
6
6
1
5
3
2
2
4
6
4
5
5
12
10
4
7
4
3
16
7
17
3
5
4
4
5
2
3
5
3
2
5
11
5
4
2
4
3
1
4
5
1
2
3
7
3
3
1
6
9
6
8
4
3
5
5
7
7
7
4
5
7
4
4
7
5
1
5
3
4
5
1
3
5
4
8
6
15
6
7
12
8
11
2
4
12
2
3
3
2
17
11
9
5
5
2
2
8
258
98
247
155
208
107
252
166
186
121
57
89
142
166
117
13
8
2
8
8
3
14
15
1
4
2
5
7
3
1
5
2
3
2
1
3
1
2
2
2
4
2
3
10
13
4
5
0
5
2
2
6
3
3
2
3
11
8
1
1
1
2
10
5
1
2
2
1
0
1
2
3
2
1
0
8
1
5
17
5
5
2
4
1
3
2
3
18
4
4
1
2
1
1
4
2
3
1
1
2
2
1
1
1
1
2
5
1
1
2
7
1
1
2
1
2
1
1
3
22
4
2
0
2
2
2
2
4
5
4
1
0
2
3
6
6
3
3
0
3
1
3
4
1
1
0
3
3
2
2
2
4
1
4
293
251
294
323
269
279
275
293
288
250
236
317
283
258
249
1
1
2
7
3
6
2
9
6
3
1
12
5
4
6
1
9
4
0
4
2
5
10
13
2
1
3
2
1
13
2
0
3
6
8
3
1
6
2
1
5
12
3
1
2
2
2
3
4
14
10
3
2
1
2
14
1
5
4
0
1
2
18
11
23
2
0
1
4
3
1
4
4
8
1
7
2
11
1
3
1
1
1
3
1
3
3
4
1
13
1
4
2
0
3
8
2
3
2
4
1
1
1
9
5
7
1
2
3
5
3
3
5
3
3
2
1
7
10
7
7
5
0
1
3
2
0
1
1
3
4
1
1
4
3
3
3
3
69
95
109
100
164
86
79
82
49
99
112
80
115
96
89
4
11
6
3
9
4
4
14
3
4
6
4
1
6
2
5
9
0
2
1
1
2
1
2
3
4
2
6
3
3
0
5
3
5
8
1
3
2
3
5
2
1
2
5
1
1
3
7
2
3
5
2
8
6
2
9
5
0
2
1
2
6
2
3
2
2
1
5
4
1
3
5
2
3
3
1
0
5
5
5
5
1
5
3
4
6
3
3
1
1
2
2
3
3
3
4
2
1
2
1
3
3
3
19
10
0
2
1
3
3
4
10
5
8
6
5
3
1
3
3
2
4
2
1
4
1
2
4
6
3
2
10
2
4
8
17
7
85
196
200
223
240
117
115
103
103
267
239
218
232
204
269
23
4
12
9
3
15
10
2
10
2
1
5
15
4
3
1
3
3
1
1
1
2
14
7
4
4
7
2
14
0
21
8
15
17
7
7
8
5
1
5
3
4
2
3
1
1
1
2
4
2
3
3
2
4
2
3
4
3
1
3
1
1
0
1
5
3
3
2
5
3
2
1
8
7
1
4
2
7
4
0
1
2
1
1
2
1
3
1
2
2
3
0
1
1
4
1
6
7
1
4
2
4
6
2
4
10
1
3
2
3
2
3
10
5
1
5
3
4
3
1
3
3
1
3
1
3
2
1
8
3
3
3
2
8
4
2
81
69
76
78
0
134
163
197
0
140
144
0
172
0
0
9
6
23
12
0
16
10
6
6
3
0
14
14
9
3
14
0
6
2
3
2
17
0
16
7
9
7
24
0
25
15
24
19
10
0
10
3
5
13
10
0
2
4
4
2
4
0
8
4
2
6
4
0
3
5
9
1
4
0
3
11
2
4
6
0
5
10
3
8
4
0
4
9
3
2
4
0
2
2
7
1
5
0
6
3
4
5
11
0
5
6
2
1
5
0
6
11
2
3
11
0
6
4
9
4
4
0
7
7
8
6
12
0
9
5
3
8
7
0
5
2
3
5
3
0
1
11
19
7
9
0
11
6
9
7
63
112
124
130
113
14
20
20
16
116
146
160
147
143
151
6
11
16
20
23
7
1
12
7
11
5
5
3
5
4
5
12
3
3
3
27
6
9
3
12
6
18
23
20
11
10
12
4
7
11
2
6
12
3
17
3
2
2
7
2
4
8
9
5
10
5
5
3
7
2
8
4
4
9
5
2
5
2
5
6
10
3
4
8
6
7
8
2
4
4
12
3
2
3
8
4
6
5
3
2
6
6
2
5
5
1
2
3
2
6
4
1
3
3
6
6
7
3
12
4
8
4
2
7
4
10
2
7
7
1
7
8
10
5
2
3
3
6
3
3
3
4
7
7
4
10
4
5
6
179
126
36
256
162
107
47
175
133
16
153
194
56
37
170
11
6
6
8
8
6
2
1
6
0
7
8
1
2
3
3
1
1
4
11
5
5
9
11
1
7
0
6
13
5
22
2
10
9
10
3
3
0
7
1
1
3
3
1
2
5
7
0
9
3
7
2
2
2
2
1
2
1
2
2
3
1
3
3
3
4
2
3
3
3
8
1
6
2
13
1
7
1
0
0
2
2
4
2
1
1
3
1
2
2
1
1
2
2
3
2
1
7
6
2
6
5
5
1
6
6
7
2
3
4
2
2
5
2
5
2
4
1
4
1
2
3
1
0
6
5
2
2
6
9
7
6
4
85
56
45
66
113
64
96
63
103
33
259
63
41
48
74
12
18
10
1
7
4
2
12
27
4
5
3
6
4
6
0
2
1
11
7
8
10
6
3
9
0
13
21
13
11
2
9
9
6
2
8
3
10
4
2
2
5
2
2
5
5
4
4
7
8
2
3
3
2
1
4
6
5
3
1
2
3
8
6
5
6
10
6
10
9
5
1
4
5
6
3
3
3
3
3
8
2
2
3
1
3
5
5
1
1
2
3
10
2
0
1
4
10
6
4
2
4
2
4
10
5
3
7
7
3
8
9
4
2
6
4
7
3
3
12
4
4
4
3
2
5
4
6
5
9
18
4
56
89
39
81
130
24
99
16
108
30
45
84
23
75
76
21
11
5
5
3
3
8
0
6
5
3
2
3
4
3
3
2
4
13
3
4
12
10
9
8
12
6
15
14
2
12
10
4
11
4
2
4
2
4
4
3
1
4
6
3
14
3
6
5
2
4
6
4
0
3
8
1
5
2
1
6
2
4
4
3
3
3
2
2
2
1
1
5
2
1
5
2
1
3
5
4
3
1
0
2
6
0
1
2
0
1
7
2
2
4
2
1
7
4
2
7
1
1
17
6
11
4
4
7
3
4
6
4
7
2
2
2
5
2
0
1
1
6
10
3
2
4
17
7
10
3
54
38
72
75
102
16
82
81
76
14
25
52
86
68
78
9
5
4
4
4
9
0
4
7
5
7
1
3
2
3
2
26
23
3
7
6
14
19
12
11
13
13
13
8
12
2
1
5
10
8
6
5
6
2
3
2
4
4
3
3
10
4
2
1
6
11
6
7
3
2
3
3
6
11
4
1
7
1
9
12
2
4
7
8
7
3
4
5
12
11
4
3
2
2
4
4
4
4
1
1
2
0
4
5
1
11
8
2
10
4
4
2
5
3
6
7
7
2
8
9
12
8
7
1
5
4
16
7
2
3
2
2
13
2
3
1
8
4
9
4
2
3
4
7
10
95
155
50
101
202
121
23
94
94
34
106
155
27
44
96
13
0
14
7
24
8
4
7
3
6
12
6
5
4
3
6
8
6
4
3
6
10
19
23
9
16
18
6
10
5
4
4
3
4
8
5
7
2
3
3
7
5
6
9
14
6
7
5
8
1
12
6
13
3
5
3
4
4
4
6
11
2
9
5
4
2
12
4
2
2
4
5
12
6
7
4
3
3
7
3
6
10
4
3
5
4
3
3
3
7
18
4
3
2
6
4
11
2
8
8
8
1
8
8
4
15
12
8
15
3
6
14
3
2
11
5
16
2
3
4
16
12
10
13
9
6
17
4
18
90
136
83
123
108
109
90
114
93
97
108
88
103
119
117
1
5
2
4
4
2
4
3
2
6
5
2
1
2
4
9
4
10
4
5
3
12
4
1
6
3
2
2
13
2
5
2
4
5
5
2
1
3
1
12
4
16
14
14
1
3
3
3
3
3
2
3
3
3
5
1
3
9
4
11
1
6
1
4
2
2
2
3
1
2
4
7
2
2
1
3
1
2
4
2
4
4
3
3
1
2
3
3
8
4
3
2
2
1
2
4
1
3
9
11
1
4
4
6
2
4
2
5
3
3
4
5
2
3
2
12
1
2
2
3
1
3
2
8
3
3
1
2
270
177
136
81
193
187
141
85
182
209
82
192
77
183
84
6
3
2
8
2
4
2
3
1
2
4
1
3
4
3
1
8
8
4
9
0
4
7
11
7
2
2
4
3
1
5
2
3
1
1
7
2
3
6
5
1
0
3
4
2
3
3
0
1
3
0
4
2
1
2
4
0
1
1
0
2
7
2
2
2
5
2
4
2
1
2
1
0
1
1
3
3
1
3
1
1
0
2
1
1
6
0
2
2
1
1
4
9
5
1
1
3
2
4
5
1
8
3
7
2
2
2
6
8
22
2
1
1
1
2
2
1
2
2
3
7
4
0
7
6
4
4
82
32
92
73
91
30
102
78
99
32
28
32
88
158
89
17
5
4
5
9
5
4
2
2
6
2
9
4
5
1
5
8
5
4
0
4
1
8
7
1
4
3
2
6
3
6
3
1
2
3
1
3
4
1
12
3
2
5
15
6
7
2
2
2
5
12
10
7
8
1
1
3
8
4
10
5
2
2
2
3
1
7
3
5
3
1
2
1
5
4
7
4
6
3
3
2
4
3
2
4
1
3
5
2
4
1
6
4
2
1
1
3
7
1
4
9
1
3
5
5
2
5
15
14
4
1
1
2
4
3
3
3
5
7
8
3
3
4
4
5
9
100
94
104
128
106
101
146
137
133
169
100
92
123
127
109
3
4
2
6
4
0
1
3
3
4
1
2
2
3
5
4
5
1
0
2
1
1
3
0
5
2
1
5
2
0
2
1
2
5
2
6
4
3
3
8
2
2
8
9
8
2
7
8
6
16
6
7
2
1
2
1
1
2
3
3
5
1
2
1
1
4
2
3
5
1
1
1
3
2
2
11
3
1
2
2
2
3
3
6
1
2
2
3
1
2
4
10
2
0
6
6
4
1
1
8
3
3
5
2
3
3
7
5
4
2
2
4
2
7
2
2
3
1
5
8
2
3
4
4
6
81
33
32
91
54
56
23
100
37
40
52
47
22
75
69
16
1
5
5
15
7
3
2
2
2
4
11
7
4
5
5
6
0
6
4
4
6
2
6
4
5
3
5
2
7
6
2
1
3
3
5
5
4
4
4
3
4
6
3
4
6
3
8
3
5
6
2
2
7
6
8
1
7
4
4
8
3
8
2
1
7
3
3
10
2
2
7
4
4
2
5
2
5
7
4
1
5
3
3
5
12
4
6
3
6
9
3
3
18
1
7
1
7
1
2
6
15
9
8
1
5
2
6
7
10
4
7
6
3
2
6
7
6
3
13
2
5
1
4
0
21
0
23
12
0
0
0
0
0
80
33
0
0
48
0
14
6
0
5
6
0
8
3
0
16
16
0
10
4
0
0
10
0
18
8
0
7
9
0
9
18
0
9
3
0
7
6
0
4
9
0
11
5
0
2
8
0
15
6
0
3
7
0
6
4
0
8
8
0
6
4
0
2
4
0
16
1
0
3
8
0
14
2
0
2
8
0
12
3
0
4
4
0
5
5
0
1
9
0
14
5
0
2
12
0
12
4
0
4
5
0
6
10
0
4
11
0
8
6
0
2
5
0
15
8
0
2
7
0
11
3
0
7
5
0
14
4
120
146
99
109
172
173
99
175
183
97
176
216
82
109
193
8
5
3
1
1
1
0
3
7
1
2
4
3
3
5
0
4
9
9
4
1
3
2
1
2
3
1
5
2
0
1
3
3
1
1
1
1
2
3
7
4
2
1
8
1
2
5
1
3
2
2
2
2
2
2
6
3
2
3
1
2
3
3
2
2
2
2
1
2
2
2
3
5
2
0
2
1
1
3
1
1
1
1
1
4
3
3
7
3
2
3
1
2
4
2
2
3
12
1
3
1
1
2
1
2
2
3
1
4
2
1
7
1
1
1
1
3
3
3
2
5
1
89
92
71
81
67
83
94
71
109
37
105
82
76
99
81
12
3
5
4
5
4
5
8
5
3
3
10
15
8
0
4
14
12
11
2
7
3
2
5
9
2
9
6
3
3
13
5
8
3
2
3
6
7
9
2
5
4
4
2
7
5
2
3
7
5
7
4
6
3
7
8
6
4
3
6
1
3
4
11
8
4
4
1
5
5
5
4
7
2
3
2
1
4
4
4
2
8
2
4
7
2
13
13
10
4
6
3
3
8
3
9
7
4
2
3
1
3
5
5
7
1
1
3
5
5
7
4
3
3
5
4
4
3
10
5
10
79
84
77
79
83
97
170
74
115
129
144
138
102
144
133
4
3
1
2
7
4
4
2
4
2
6
7
3
4
4
2
6
5
2
5
5
2
6
3
1
4
3
3
1
5
5
2
4
3
3
5
3
1
7
16
1
3
2
3
1
5
3
3
2
2
2
3
2
1
1
2
3
2
5
2
1
7
2
3
2
5
3
2
6
9
3
4
4
3
2
3
6
9
5
3
4
3
2
2
2
3
4
2
2
3
4
5
0
1
4
8
2
2
3
4
2
3
2
2
2
3
3
4
2
1
3
7
2
4
2
2
3
2
6
7
179
205
279
314
184
183
163
173
234
220
211
178
267
165
171
0
10
0
2
2
3
6
2
2
1
4
2
0
5
2
4
3
4
2
2
1
1
5
1
2
2
2
1
2
1
2
6
1
1
2
3
1
1
2
2
6
4
1
1
2
2
3
1
2
2
2
3
1
2
1
1
1
2
2
0
1
1
1
3
3
0
1
0
3
1
2
2
0
2
3
0
0
0
0
7
1
2
4
2
1
4
4
3
2
3
10
0
1
2
3
2
7
1
2
1
2
1
1
5
3
1
3
1
2
1
3
1
3
1
4
0
2
3
2
179
153
158
195
204
118
151
253
178
194
122
188
146
187
211
3
1
5
3
3
3
4
1
8
3
3
11
8
2
6
3
2
6
4
1
9
2
1
6
2
4
2
2
3
6
2
3
1
1
4
4
0
2
6
3
3
3
6
1
6
4
1
4
6
4
1
2
7
1
1
2
2
2
1
2
5
3
2
1
6
6
1
1
2
3
2
5
2
1
2
2
2
2
3
1
5
2
3
2
6
3
1
2
2
2
0
0
1
1
11
7
3
4
5
1
2
6
5
2
3
2
3
2
1
4
1
2
6
4
1
1
2
3
242
180
187
183
253
143
176
141
188
162
144
166
159
173
157
1
3
1
9
4
3
3
2
1
3
9
7
1
3
3
3
3
1
1
3
3
3
4
3
1
1
0
0
2
3
4
1
1
1
0
1
2
0
1
3
3
2
1
2
2
0
4
2
5
2
6
3
3
4
3
5
3
0
1
1
3
2
1
1
2
2
2
2
2
2
0
1
2
1
1
0
1
4
3
1
3
1
0
4
1
0
10
3
3
2
1
2
2
0
1
1
1
1
2
1
2
4
4
1
3
1
2
0
4
2
3
5
4
4
1
1
1
248
217
215
303
245
242
280
245
267
289
229
216
221
242
250
2
1
1
2
0
1
8
1
1
0
1
1
5
5
1
2
7
0
2
1
1
1
0
2
5
1
0
3
1
2
1
1
1
2
1
3
1
3
1
2
1
2
1
2
3
4
1
2
0
11
3
3
1
1
2
0
1
1
2
4
3
1
1
3
1
2
6
1
1
3
1
2
1
4
0
2
1
2
2
2
1
1
2
4
2
2
1
1
1
0
2
3
2
1
1
3
1
1
1
2
0
1
5
1
0
1
0
2
1
1
4
3
2
2
2
2
249
244
206
259
276
231
242
236
281
235
234
262
200
234
267
2
3
2
1
0
2
5
2
0
4
1
3
5
2
3
3
1
6
1
2
2
2
1
0
2
1
17
3
6
2
3
1
3
1
2
1
2
2
3
2
1
4
2
3
2
2
3
1
3
3
1
1
3
5
4
3
2
1
1
4
4
2
2
3
2
2
4
3
3
2
4
2
2
2
0
3
3
5
6
2
2
5
5
2
4
4
6
2
1
2
4
2
0
2
6
4
4
1
3
8
5
1
3
13
3
4
2
0
2
4
1
2
2
3
4
162
351
217
290
228
153
157
155
150
217
258
204
176
171
286
6
1
1
3
5
3
4
0
1
1
1
3
1
3
2
1
3
3
1
4
7
1
0
1
1
2
1
5
2
3
3
5
2
2
2
2
2
1
7
12
18
5
1
3
0
5
1
3
2
3
2
1
1
0
1
2
3
6
2
2
1
1
3
4
2
6
1
1
2
1
1
7
2
5
1
2
2
2
2
3
7
3
2
1
1
2
0
2
4
2
4
2
2
3
1
2
2
6
3
1
1
1
0
2
2
2
1
2
2
2
2
2
4
3
78
59
81
77
51
55
58
49
61
77
46
92
74
58
94
12
5
8
5
3
18
20
17
11
7
18
2
5
7
10
7
13
8
13
2
4
2
4
1
5
3
6
2
6
5
6
1
6
5
2
1
1
1
6
2
2
3
8
5
9
3
6
6
2
15
3
8
4
5
3
5
3
4
1
2
3
1
2
5
4
1
3
1
2
2
2
4
2
5
8
1
2
3
6
5
5
7
4
4
16
4
6
5
3
10
5
1
6
8
7
3
5
2
2
4
10
1
5
6
7
4
4
4
10
4
4
12
5
121
113
52
87
84
160
45
139
125
84
133
109
14
17
209
7
2
6
3
3
0
14
12
6
8
9
5
15
3
3
5
2
5
8
2
1
1
1
5
4
6
3
3
1
3
7
2
2
5
4
4
4
4
3
4
1
9
2
7
1
3
6
2
4
3
5
3
1
2
4
4
4
1
2
4
1
4
2
3
4
3
4
5
0
4
1
0
11
10
1
6
5
5
7
8
1
2
5
6
5
3
3
5
3
5
10
11
4
6
3
2
11
5
2
2
1
1
2
7
2
7
5
7
4
7
5
6
207
183
146
109
170
183
166
136
181
118
98
167
179
188
128
1
5
1
6
0
9
0
7
9
6
3
5
4
5
2
5
3
2
4
2
1
1
2
3
6
3
6
4
5
1
2
5
10
3
2
3
3
10
3
3
2
2
7
2
2
3
2
5
5
6
2
2
1
5
1
4
4
3
3
2
2
3
5
3
2
4
6
1
2
2
2
5
13
5
7
2
1
3
2
1
8
7
8
4
7
1
5
5
5
5
4
2
2
5
2
2
2
5
7
3
5
3
3
5
5
5
7
3
1
3
1
108
157
174
149
122
117
150
92
148
153
160
123
163
145
127
17
8
13
15
7
6
2
11
1
4
2
4
3
8
1
3
1
1
4
5
0
6
3
1
2
3
7
5
1
2
1
2
0
2
2
1
1
2
9
4
1
2
6
4
4
3
3
1
1
0
1
2
1
0
1
3
0
2
5
4
2
2
1
1
1
1
2
2
0
1
1
2
1
2
13
5
13
4
5
2
1
2
8
4
2
4
2
4
2
2
5
7
3
3
1
1
1
6
1
2
1
1
2
4
1
10
8
3
3
3
170
135
99
86
95
172
149
84
131
141
77
110
86
173
74
13
4
0
16
2
13
17
2
7
12
6
5
4
1
8
2
1
5
17
6
4
5
3
5
4
2
6
3
5
3
4
2
2
4
3
4
3
2
3
3
2
7
3
5
5
4
2
1
2
5
5
5
4
2
2
1
7
10
2
3
3
2
5
7
2
3
2
2
4
7
5
1
3
3
9
10
5
0
6
4
15
6
1
1
5
3
4
6
2
4
6
5
2
6
0
2
3
4
4
5
2
1
4
3
3
15
3
10
7
174
93
124
135
127
72
144
112
142
125
105
83
138
144
110
5
8
8
6
4
3
2
1
5
5
10
1
1
2
2
2
2
2
5
1
3
2
1
5
3
4
3
7
2
2
2
0
4
4
3
1
8
7
2
8
2
7
5
3
2
2
3
0
11
5
5
12
5
2
2
1
7
5
3
1
2
1
4
5
3
1
4
1
5
2
3
1
4
3
13
13
2
4
6
2
2
8
3
3
6
1
5
5
11
3
5
1
3
3
3
1
4
0
3
2
2
1
1
2
5
5
4
5
78
25
56
76
75
80
31
135
81
13
98
57
48
32
96
11
11
14
23
22
4
1
7
5
4
9
4
5
3
2
3
5
1
1
4
2
5
1
2
1
2
2
2
1
1
2
2
0
6
2
6
3
2
2
5
5
5
6
12
4
8
1
3
8
6
5
5
1
2
1
5
2
3
2
1
2
1
4
1
1
3
1
3
4
4
1
8
3
6
4
8
8
3
3
3
4
9
5
16
4
6
6
16
5
5
6
5
2
4
6
2
4
1
3
3
6
3
5
7
3
4
4
0
87
0
94
0
0
0
0
0
0
87
0
0
0
0
24
0
0
0
12
9
14
0
0
0
5
7
8
0
0
0
3
6
13
0
0
0
10
7
4
0
0
0
13
4
16
0
0
0
4
20
15
0
0
0
4
8
7
0
0
0
8
8
7
0
0
0
6
8
8
0
0
0
9
10
10
0
0
0
9
2
16
0
0
0
4
5
13
0
0
0
7
6
11
0
0
0
20
17
10
0
0
0
8
4
6
0
0
0
5
6
3
0
0
0
11
15
8
0
0
0
100
84
92
105
78
114
142
105
110
102
78
74
104
107
93
10
11
9
9
10
5
8
3
9
7
5
10
7
2
2
6
3
7
8
5
3
7
1
1
10
5
2
7
3
7
15
2
2
6
8
6
15
4
9
10
3
4
6
6
3
5
2
6
10
6
4
6
2
4
5
2
4
5
3
4
10
1
1
8
1
6
10
4
2
6
2
5
3
9
12
8
14
6
8
9
3
13
5
8
21
6
3
12
2
5
5
3
3
7
2
3
9
6
4
12
8
5
8
5
3
94
149
158
51
27
132
120
43
27
258
89
45
89
62
40
8
13
2
2
5
8
3
8
5
10
1
2
6
13
5
1
3
3
2
8
12
1
1
4
3
3
2
2
7
2
3
1
2
5
1
1
4
3
10
3
6
3
4
2
3
3
3
1
2
3
5
1
3
3
1
1
2
1
1
2
1
1
3
1
4
3
0
12
13
5
4
1
2
11
4
1
7
4
12
11
10
0
5
4
2
4
9
2
0
1
2
5
2
1
2
2
3
9
8
1
7
1
5
5
137
102
153
112
97
104
163
168
170
113
119
97
173
137
141
18
3
4
10
12
2
10
3
6
2
2
1
3
2
6
7
3
0
3
5
2
3
5
2
2
2
4
12
2
2
4
6
3
8
4
2
6
4
6
6
7
2
1
7
4
5
2
1
2
2
2
2
3
3
4
5
2
5
5
1
2
2
3
20
6
3
1
4
3
10
4
3
7
6
7
3
9
6
3
8
3
8
6
3
10
3
6
5
1
1
5
3
5
5
3
3
3
3
4
12
9
2
2
99
154
135
111
102
126
117
101
128
187
130
166
106
137
87
8
10
8
6
10
19
6
7
4
1
4
8
3
2
4
5
7
9
3
4
5
2
4
3
2
3
15
3
6
5
3
3
3
5
7
15
5
6
3
2
3
3
3
2
2
3
3
3
3
2
2
3
1
5
3
2
1
1
2
5
2
1
4
11
1
5
7
3
9
6
3
11
4
22
7
10
10
6
5
5
4
8
16
8
15
7
1
2
1
14
2
9
1
4
14
11
4
9
9
11
3
9
167
65
268
243
181
65
170
184
164
42
69
77
223
171
191
6
1
0
6
3
6
4
2
3
0
1
0
3
8
3
3
2
0
1
2
0
1
3
1
4
3
3
2
2
2
4
1
1
1
1
2
2
2
7
2
3
0
2
2
1
10
2
1
1
1
1
2
1
2
1
2
1
2
1
1
0
2
6
3
2
1
1
12
2
2
2
2
2
0
3
1
3
9
1
1
4
0
4
2
4
2
1
3
7
1
1
1
3
2
1
0
4
2
1
2
1
102
69
105
132
97
111
114
122
111
91
89
92
156
172
128
11
6
3
7
6
2
3
5
3
4
1
3
3
7
5
13
5
3
4
3
8
3
3
2
5
5
6
3
7
6
3
11
3
7
4
2
3
4
2
6
2
3
1
2
3
2
3
2
5
4
2
3
3
3
4
2
2
3
2
2
7
5
3
8
2
3
7
1
1
1
3
4
1
2
1
6
4
1
4
6
2
3
4
1
5
6
2
11
1
2
4
11
3
2
3
11
3
5
4
15
68
43
37
26
57
23
31
37
31
213
88
159
99
152
101
4
4
7
5
4
3
2
1
10
2
1
1
4
5
7
6
2
1
6
1
4
4
1
3
6
3
2
7
4
2
19
3
6
9
2
3
8
4
3
1
2
5
2
1
3
8
4
4
2
1
5
3
1
4
0
1
2
3
2
6
3
1
1
7
4
1
15
1
6
10
8
2
1
4
8
3
2
3
8
1
4
6
3
7
4
2
11
1
1
3
6
7
9
2
16
4
3
4
6
163
192
190
181
92
152
142
178
87
262
257
104
224
113
108
2
3
2
5
1
1
3
2
1
2
6
1
1
2
3
2
0
2
1
1
1
1
3
1
2
1
1
3
0
2
7
2
9
1
5
1
2
2
2
1
0
1
5
1
1
0
1
1
2
2
0
1
1
2
1
1
1
1
1
1
1
1
7
5
3
2
4
5
1
1
4
1
3
3
2
1
1
1
2
2
2
2
2
1
4
1
2
1
2
3
3
1
1
1
2
8
11
2
129
112
88
49
68
95
132
62
96
57
49
5
13
171
11
3
3
2
2
1
2
2
2
1
3
1
2
3
4
6
4
1
2
3
2
4
6
3
2
1
3
2
4
6
3
3
5
4
3
2
2
1
3
1
4
2
2
1
2
3
5
11
1
2
2
1
3
3
6
1
2
1
1
1
4
2
3
3
12
8
1
2
4
8
3
9
3
10
3
2
1
4
4
2
3
3
3
1
2
2
3
1
5
7
2
3
2
3
7
9
5
3
103
180
102
75
127
86
117
58
67
76
68
106
45
86
33
8
2
3
1
6
4
1
8
3
2
1
3
3
2
1
1
9
2
1
1
2
3
3
1
2
1
4
2
5
5
4
2
3
11
3
5
1
1
4
1
4
2
4
1
1
1
1
2
1
1
1
1
2
1
2
0
3
2
1
4
3
0
3
6
5
6
5
1
1
1
4
4
12
1
1
2
6
3
3
2
5
2
3
2
1
1
4
1
4
10
4
2
6
1
5
7
364
319
294
326
302
287
5
3
2
0
0
0
4
3
3
1
2
3
0
0
1
2
1
2
6
2
0
4
1
5
4
3
2
1
5
2
2
5
8
6
1
0
1
1
1
10
1
1
3
0
2
2
4
2
2
1
2
0
1
1
0
9
5
3
3
0
1
1
1
3
5
5
8
2
5
1
3
4
4
1
5
1
3
2
4
3
1
4
1
0
1
0
1
7
1
2
3
4
3
3
1
207
132
227
154
196
128
2
4
3
4
2
1
8
4
4
3
2
2
1
2
5
5
2
2
1
3
2
2
3
5
10
7
3
2
2
2
4
5
2
7
3
3
2
2
5
4
1
3
3
1
2
2
1
2
2
4
2
1
3
1
5
7
4
10
2
3
3
8
6
7
4
3
2
2
2
5
2
3
3
2
3
3
4
6
2
6
5
9
1
1
2
5
6
4
3
6
3
6
2
2
217
206
191
182
185
152
2
1
0
0
4
2
4
1
4
2
1
1
2
5
8
2
2
1
2
1
1
5
2
2
1
0
4
1
4
4
2
3
13
1
2
6
10
7
1
3
2
1
1
2
1
4
4
4
10
1
2
1
1
2
4
10
8
2
1
3
1
1
2
6
4
0
3
1
2
1
6
3
6
1
2
2
3
4
4
3
5
1
3
1
4
2
3
6
8
1
1
1
3
242
190
255
193
207
208
1
1
2
2
5
3
2
3
4
2
1
4
1
3
2
2
0
1
2
1
1
4
8
1
0
2
1
1
1
1
1
2
1
2
1
2
2
2
1
2
1
1
2
2
6
1
1
2
1
2
1
1
4
4
4
2
2
4
4
2
1
6
1
3
1
1
1
2
3
3
1
5
1
1
1
2
5
3
2
3
2
2
1
2
4
4
3
8
1
2
2
2
260
281
272
337
331
347
1
1
5
1
3
1
3
6
3
1
1
0
3
0
1
6
3
1
2
2
2
1
2
1
3
5
3
1
1
1
3
6
3
1
1
1
1
1
2
2
7
1
1
0
1
1
1
2
1
1
0
3
0
0
1
4
2
13
2
1
1
0
5
6
1
5
2
3
1
3
2
1
7
4
2
1
1
1
2
1
2
2
2
4
1
1
2
3
3
1
2
221
235
293
187
223
210
3
4
4
3
2
4
2
2
3
5
1
1
2
1
2
1
0
3
2
5
1
4
4
6
10
4
2
13
1
5
2
4
3
2
3
1
1
1
4
3
1
0
1
2
1
1
3
2
1
1
1
3
1
2
3
7
3
3
2
2
3
3
9
2
1
9
4
2
1
2
1
3
1
3
1
1
1
4
9
2
2
1
1
1
1
3
8
4
3
3
173
191
171
209
233
189
2
1
3
1
2
4
0
3
4
1
2
1
2
6
2
1
2
2
4
3
1
1
3
5
5
0
0
0
9
4
2
4
3
1
4
0
0
2
2
1
2
2
1
0
2
4
2
1
6
1
1
2
4
0
7
2
2
1
1
1
1
1
1
2
4
2
2
1
1
1
2
8
5
2
1
1
2
3
6
1
3
1
0
1
6
2
13
6
3
165
211
175
180
254
174
4
1
2
2
2
4
2
4
2
11
8
3
7
2
8
7
2
3
5
2
3
18
5
7
1
1
2
6
1
1
3
2
4
2
1
3
1
2
3
4
1
1
2
2
4
1
2
3
4
3
1
3
2
2
3
2
1
2
3
2
2
1
10
1
2
6
6
3
4
3
12
6
1
2
4
3
1
4
2
3
6
3
4
3
2
2
2
8
81
64
71
89
137
81
7
3
3
2
8
1
1
3
7
1
2
3
4
3
1
3
4
3
2
0
12
2
8
6
5
5
2
1
1
2
2
9
1
2
6
0
2
2
2
4
3
2
2
1
2
2
2
3
3
7
4
1
2
3
2
5
8
3
7
2
3
2
3
3
2
3
6
7
6
2
2
3
5
3
3
1
2
1
3
8
7
1
8
2
4
3
4
125
106
95
98
77
95
15
11
2
4
6
2
7
7
4
4
1
2
3
3
3
19
1
3
2
3
6
1
1
6
6
7
2
4
3
1
4
4
14
11
2
3
2
2
3
17
6
4
1
2
7
2
2
4
5
4
2
2
5
3
1
10
4
3
2
3
6
7
3
5
15
15
1
7
4
1
2
5
3
10
2
2
2
3
12
4
8
4
0
2
4
3
122
52
77
78
81
86
18
1
5
3
2
0
2
5
8
1
2
2
5
1
3
2
7
0
3
2
2
1
1
2
1
1
2
3
1
4
3
7
7
0
4
2
4
2
4
9
9
2
1
3
4
1
5
6
4
1
5
9
3
0
3
4
4
0
5
12
3
1
4
8
5
1
4
1
6
2
7
4
3
3
2
2
8
2
10
7
13
2
2
3
2
90
116
95
97
67
104
4
4
3
19
3
4
17
5
1
7
2
11
3
8
1
7
4
9
5
2
1
5
2
3
2
7
6
5
3
7
3
7
2
7
6
8
2
8
6
8
2
5
2
1
3
3
3
5
1
5
2
4
3
7
3
7
4
3
15
9
3
7
6
4
2
19
4
3
10
6
6
13
3
6
6
6
6
8
5
10
4
8
2
4
22
29
80
158
108
112
3
4
2
1
1
0
3
8
4
3
2
2
2
2
3
3
3
7
11
2
2
1
1
5
4
5
2
1
3
1
1
7
3
3
2
1
1
1
2
7
1
2
1
3
3
3
5
3
3
5
11
1
5
3
2
3
2
5
3
3
1
3
4
2
9
3
4
2
1
3
5
1
1
3
4
1
1
2
1
4
5
3
4
128
92
95
132
105
140
14
15
2
1
8
1
3
6
3
8
4
2
1
3
3
3
8
2
1
6
2
2
3
2
0
4
4
2
1
2
2
3
2
4
3
3
1
2
6
5
3
7
2
6
0
3
1
5
2
2
4
8
2
5
0
11
20
4
0
14
2
2
4
17
6
8
2
3
1
13
12
7
2
2
3
1
3
1
3
12
2
6
117
157
175
115
124
141
8
0
1
7
1
1
5
3
10
1
5
1
2
1
2
5
1
1
1
1
0
2
2
4
9
1
2
1
4
4
1
2
6
0
6
3
3
2
3
16
4
1
1
2
2
3
6
5
4
1
3
2
5
1
0
6
2
2
2
1
3
0
2
5
15
1
1
1
2
6
12
1
8
1
1
2
2
1
6
6
2
100
124
95
84
71
108
5
6
1
3
1
5
5
3
3
1
2
2
2
4
5
2
0
1
1
2
2
2
2
8
1
2
1
3
3
8
4
3
1
4
7
6
4
4
3
5
2
5
1
3
1
4
2
1
1
3
1
8
0
6
6
7
2
1
2
3
2
4
12
3
1
8
2
5
3
4
5
10
1
2
5
1
3
3
4
2
83
82
49
147
116
160
9
1
6
4
2
4
4
3
15
1
7
0
2
3
1
0
3
0
1
1
3
5
1
3
1
1
0
2
4
2
3
3
2
2
2
0
4
1
0
3
6
4
4
4
2
1
1
3
11
2
8
1
2
2
4
2
4
3
5
2
3
1
1
7
2
2
3
1
1
2
1
5
3
3
3
2
4
2
1
201
132
169
168
200
179
4
4
1
3
18
1
0
12
2
3
0
6
4
1
2
1
2
3
1
1
1
11
2
6
6
8
1
2
1
5
1
7
2
4
1
1
3
6
2
2
2
4
3
1
5
2
2
7
5
9
2
8
3
2
4
19
7
3
2
2
2
3
5
2
2
1
2
1
2
3
7
10
27
6
2
3
2
4
155
137
135
135
160
127
7
1
7
10
6
1
6
1
2
0
2
2
1
1
1
2
4
1
1
1
6
3
3
3
7
1
5
2
14
4
15
4
2
1
2
5
1
3
6
7
2
1
2
4
2
0
9
2
4
0
2
2
3
1
29
2
5
3
4
2
2
11
5
1
4
1
4
5
6
4
9
21
10
1
2
2
1
77
113
105
79
66
104
1
1
2
6
3
6
2
4
3
2
1
3
1
2
3
11
1
1
3
4
2
3
3
2
1
1
2
4
1
1
2
8
1
3
2
5
1
2
5
8
1
4
2
1
0
5
5
13
1
3
1
2
1
1
3
8
0
1
2
3
3
7
6
7
5
2
1
7
1
3
4
11
1
1
2
4
142
132
103
132
107
94
8
8
4
1
4
2
2
2
20
5
9
2
2
1
3
2
1
1
8
1
1
1
5
2
2
3
3
1
1
1
2
5
3
1
1
2
3
2
2
4
10
5
3
0
3
1
4
4
2
9
5
5
1
1
5
7
10
12
5
0
0
2
3
2
2
1
3
1
3
3
1
5
2
2
5
131
115
83
137
101
137
11
5
3
4
3
2
2
20
8
2
2
5
3
1
5
2
2
2
2
2
7
3
1
5
7
5
1
1
2
1
4
8
3
2
1
1
2
3
5
3
3
6
2
2
3
2
2
1
6
1
2
11
5
1
4
10
5
3
1
2
2
1
2
6
2
3
3
2
11
3
8
5
8
10
137
149
136
155
164
149
15
2
5
2
3
0
7
4
6
2
2
2
2
5
4
2
6
3
2
3
2
2
8
2
12
0
6
2
5
4
15
8
3
2
6
0
1
1
4
3
3
1
3
1
4
4
2
9
3
6
3
8
5
3
12
6
15
2
5
2
8
3
5
2
7
2
3
1
4
10
5
7
12
144
125
148
110
118
145
1
1
2
2
3
5
3
1
7
5
4
0
2
2
1
3
5
1
4
7
1
5
2
7
1
4
3
3
2
4
5
7
3
3
1
0
2
2
2
3
0
2
3
3
0
1
3
2
2
4
3
5
2
2
6
9
5
2
2
6
2
6
1
3
5
8
5
0
3
7
6
9
220
244
220
202
181
202
6
1
2
1
5
4
2
2
4
1
2
1
4
0
3
3
4
0
3
1
3
2
3
2
5
3
1
1
4
1
0
7
5
7
3
1
3
8
1
2
5
1
1
0
2
2
4
0
2
2
2
2
3
3
2
4
3
1
2
1
2
2
3
2
2
1
2
1
4
3
4
148
156
159
155
169
154
8
25
2
5
1
2
3
7
2
5
2
2
1
11
5
3
3
3
3
2
3
4
5
5
4
7
1
3
6
4
4
7
7
8
3
1
4
3
8
3
5
14
0
2
3
3
8
8
1
5
5
5
3
2
10
4
8
5
1
2
4
2
10
3
5
17
4
3
4
5
220
271
265
255
261
318
3
1
3
1
1
2
1
0
2
1
1
0
3
3
2
1
3
1
3
5
3
2
3
3
1
1
1
1
2
3
7
4
6
0
1
2
0
3
3
1
5
1
1
0
3
1
2
2
3
1
3
3
2
2
3
2
3
1
1
3
3
4
3
4
7
3
3
2
7
211
257
279
208
256
270
3
4
2
6
4
3
2
2
2
3
3
5
3
2
3
3
4
2
3
7
2
4
2
3
3
2
2
2
4
9
3
4
3
5
4
4
2
4
2
4
3
4
4
5
10
22
3
7
2
3
4
2
3
5
1
5
2
2
2
2
5
4
5
4
3
4
4
4
237
206
243
197
326
194
1
2
4
3
3
2
1
2
2
1
2
2
1
0
0
3
0
3
1
2
1
1
0
0
2
2
1
3
1
1
3
5
1
7
3
5
3
1
3
1
2
2
2
1
0
2
1
2
6
1
4
3
1
3
4
4
3
3
5
1
0
1
1
0
2
1
6
256
155
289
141
247
150
8
3
6
6
4
2
1
5
3
2
4
3
3
3
2
7
4
5
1
4
2
2
2
2
4
3
4
3
1
3
0
1
4
3
2
1
4
3
1
2
14
3
3
4
6
5
6
4
17
7
2
4
1
3
2
1
2
5
3
1
2
3
5
4
5
5
154
190
144
119
194
120
4
4
4
2
2
6
4
2
6
3
3
1
3
5
6
1
1
2
1
1
1
2
3
3
2
4
3
2
1
6
4
5
2
1
3
2
2
4
3
5
1
6
5
5
1
2
7
7
5
2
4
5
2
1
4
2
3
2
2
5
2
5
9
1
4
100
147
169
147
85
97
2
1
6
4
5
1
3
3
1
2
1
3
6
4
3
2
1
1
1
4
1
1
2
1
4
4
3
2
2
2
10
4
1
2
1
5
6
1
6
4
3
4
1
3
4
6
1
7
0
1
1
5
2
1
3
6
5
2
1
3
2
3
5
4
99
149
287
135
109
157
3
6
5
1
2
2
2
2
1
0
2
1
1
2
2
3
2
2
2
0
2
0
1
4
1
4
4
3
2
2
2
7
7
4
5
2
1
3
4
3
1
2
5
1
2
2
3
2
1
0
2
0
3
1
2
5
2
4
2
3
2
5
3
136
157
115
131
132
117
5
1
1
1
3
0
4
0
1
1
2
3
4
3
3
2
3
3
1
1
1
1
5
7
3
1
4
2
3
5
2
4
2
4
4
5
8
3
4
2
7
5
1
4
1
0
5
2
1
9
1
2
2
1
2
3
3
2
6
4
2
6
194
127
177
123
238
112
4
2
2
5
1
5
3
1
1
4
2
2
4
3
1
4
0
1
3
2
0
9
1
3
4
1
1
5
2
3
1
5
2
0
2
0
2
3
2
2
5
2
3
1
1
4
3
1
2
3
2
3
3
5
1
6
8
2
2
3
3
108
141
126
156
184
180
1
0
1
3
5
1
0
2
1
2
1
3
6
2
2
4
2
1
3
2
2
5
1
4
1
0
0
4
1
4
6
8
0
1
1
1
2
1
2
3
2
1
1
3
10
7
2
2
1
1
2
3
3
0
3
14
1
1
2
2
213
221
183
308
158
160
2
3
4
1
2
1
1
4
2
2
1
3
2
2
2
4
1
2
0
0
3
2
2
11
3
6
3
0
3
2
1
1
1
6
2
1
1
2
4
0
1
2
2
1
1
2
3
4
2
1
2
2
1
3
2
1
6
3
3
98
139
117
202
206
217
7
3
2
3
3
3
1
2
2
3
1
3
1
4
1
2
2
2
4
7
5
2
1
4
8
2
2
4
2
6
1
3
4
2
3
2
2
3
2
4
2
4
2
2
1
2
2
3
2
3
3
2
2
4
2
5
3
3
150
139
128
130
109
94
1
1
3
2
3
1
2
1
1
1
4
2
2
2
1
2
3
1
9
1
3
1
5
3
12
1
4
3
7
0
3
1
3
1
4
3
3
1
15
3
4
1
3
2
3
3
5
2
1
2
5
1
7
1
4
8
2
114
119
124
162
140
139
1
6
3
3
2
4
1
5
1
2
4
6
1
2
4
5
0
7
3
4
1
3
6
9
1
2
3
5
1
3
3
8
2
3
6
4
0
5
5
7
1
3
2
3
0
8
11
2
1
6
6
6
2
14
3
3
210
231
224
188
200
235
2
2
3
1
1
3
4
3
10
5
5
1
1
2
1
9
6
5
3
1
1
3
2
6
11
1
11
1
3
2
2
3
1
2
2
1
4
1
2
13
5
4
6
1
3
1
4
2
1
8
4
3
2
5
3
224
196
157
234
200
189
8
12
2
2
4
3
5
4
3
2
2
3
3
2
1
2
3
2
1
2
2
3
1
5
3
10
0
2
2
4
2
4
6
4
1
2
2
3
6
3
5
2
1
3
4
2
0
5
5
4
2
1
4
1
294
287
327
262
292
312
9
1
3
8
1
0
6
7
5
1
2
3
2
2
2
1
1
1
1
1
5
1
1
1
4
1
1
1
2
2
2
6
7
1
2
2
1
0
3
3
4
1
3
1
6
1
3
11
7
2
1
1
2
224
195
217
189
205
162
2
1
8
4
3
7
10
5
1
7
3
3
1
2
1
3
1
1
4
1
1
2
1
5
1
2
3
3
3
10
7
3
1
3
5
4
7
4
3
9
4
2
4
8
2
6
20
5
2
3
3
4
272
299
325
258
298
324
1
1
3
2
2
1
1
2
1
3
2
3
2
1
1
2
3
4
3
0
1
1
3
1
2
15
3
3
2
1
1
1
2
1
6
1
3
2
5
9
1
3
3
0
1
2
1
3
3
3
1
226
192
189
178
160
142
2
7
1
2
1
2
1
3
2
4
2
2
1
2
1
3
5
5
1
2
1
4
0
3
10
6
1
6
1
2
0
5
7
7
1
3
2
12
1
8
3
7
2
4
3
2
2
9
2
6
229
204
292
226
253
221
15
2
3
3
1
1
2
10
2
1
3
5
4
1
2
2
7
3
3
5
3
0
2
4
1
2
3
3
1
2
5
2
4
1
3
3
4
1
2
1
5
3
3
2
2
3
2
3
6
200
187
213
184
244
199
2
6
5
3
4
20
5
6
2
1
1
4
1
1
3
2
1
4
2
3
1
2
4
3
2
3
4
6
1
3
6
5
0
6
2
6
2
4
1
6
2
1
6
7
0
3
7
4
97
107
85
159
87
86
9
2
5
2
3
1
1
4
3
2
2
0
3
3
1
2
2
2
9
0
2
1
1
2
2
1
1
2
3
4
1
9
7
3
4
0
2
3
3
2
3
2
3
0
2
1
2
106
107
77
128
98
93
6
6
2
4
8
6
5
7
2
2
2
2
4
5
1
6
5
3
0
2
4
4
5
5
4
4
3
1
2
2
2
5
4
7
1
1
3
4
1
2
10
4
0
2
1
1
116
78
87
79
106
78
15
3
3
6
6
5
4
7
2
1
2
1
3
3
4
4
6
2
1
4
1
1
5
1
3
1
4
1
3
9
6
14
11
1
3
4
8
1
4
5
7
1
1
2
1
104
90
91
98
88
109
2
3
11
9
4
4
4
2
3
1
1
2
3
2
2
4
0
1
3
3
2
1
3
10
2
0
2
2
3
4
10
10
1
4
5
9
2
2
2
9
0
1
3
3
31
91
96
104
81
105
6
2
2
1
2
1
0
1
2
3
3
0
2
1
2
0
1
3
2
2
1
2
2
2
1
4
6
1
1
3
2
2
4
2
3
1
1
1
3
2
2
1
1
152
97
171
94
176
94
14
5
1
3
4
1
1
2
4
6
0
2
3
2
0
0
2
1
2
6
2
2
1
3
3
5
3
3
3
3
1
2
2
4
1
4
5
3
1
2
1
3
113
104
87
96
104
81
12
1
3
2
4
3
4
3
6
1
2
1
1
0
0
3
2
1
2
1
5
1
8
1
5
2
4
2
4
2
5
8
6
1
5
1
1
2
0
3
6
110
109
91
106
88
96
1
0
2
3
0
4
4
3
1
3
1
1
0
2
3
1
2
3
1
1
1
3
3
1
2
1
7
7
3
4
4
9
1
1
3
2
1
2
2
6
88
106
110
102
126
90
4
4
4
1
1
4
2
3
4
1
5
3
3
2
1
3
2
3
2
2
3
4
7
12
2
5
2
2
2
3
5
5
2
2
6
2
5
3
3
122
167
137
131
99
114
2
6
1
3
6
2
4
11
4
2
1
3
4
1
6
7
2
4
2
2
3
4
7
6
3
4
3
1
2
1
4
4
1
11
1
3
3
3
135
132
127
113
137
138
17
1
1
2
8
3
6
7
7
1
3
0
1
5
5
2
2
0
3
1
2
1
11
2
3
1
3
1
5
1
1
3
6
1
1
2
1
148
189
112
177
106
112
2
3
4
6
1
6
3
16
1
3
3
6
2
3
4
8
0
1
6
2
8
4
7
8
3
2
3
3
2
4
7
5
0
2
3
4
64
109
119
78
96
123
3
2
3
3
5
3
3
3
6
3
3
2
3
3
2
2
12
2
3
1
1
2
2
3
1
1
0
4
1
1
2
4
2
1
3
157
257
168
139
151
130
14
3
3
3
1
3
1
1
4
8
2
3
2
1
0
5
8
5
1
3
0
3
10
3
2
4
2
3
1
6
4
11
3
5
76
154
155
97
93
213
6
6
3
3
6
3
13
5
2
1
5
5
3
4
9
5
7
6
3
1
7
7
5
4
3
2
4
2
6
4
7
4
7
129
134
150
105
158
118
3
2
4
5
2
3
7
3
2
3
4
6
1
6
8
5
3
4
3
5
1
2
1
6
1
3
4
4
2
3
6
7
153
98
132
120
160
187
3
1
3
4
4
1
1
2
3
0
2
2
1
2
2
5
1
2
2
4
2
0
0
7
3
2
3
4
3
3
3
125
84
100
119
148
127
13
10
3
6
5
2
3
8
4
5
3
3
4
1
1
6
7
2
2
4
4
3
7
5
6
8
3
2
7
3
99
115
119
99
120
130
9
1
1
3
3
1
4
3
3
1
3
3
4
1
8
5
5
2
5
3
2
1
6
2
5
1
2
3
1
77
92
80
65
82
88
0
2
3
7
5
7
3
17
2
7
6
2
3
7
3
9
1
4
4
7
7
6
3
11
1
5
1
6
141
197
155
128
166
155
0
3
1
4
1
1
2
4
7
5
2
0
0
0
2
4
0
0
1
3
1
1
2
7
0
7
2
113
127
182
99
121
164
2
11
2
5
6
1
4
10
4
8
0
4
3
9
2
1
1
3
1
1
3
5
2
4
2
3
79
101
116
129
126
159
12
3
2
4
4
5
7
10
7
2
1
2
2
4
2
2
3
3
2
9
3
6
9
4
5
92
156
83
82
74
81
2
9
4
3
3
3
4
4
5
1
3
5
4
5
1
5
5
2
2
4
6
4
7
6
75
83
122
70
46
62
1
5
6
3
5
2
2
2
3
4
1
3
3
2
5
16
3
7
4
3
5
1
5
118
93
121
95
113
82
9
4
1
5
7
2
4
5
2
3
3
6
2
2
8
20
12
11
6
3
0
11
52
93
87
33
67
100
8
1
1
5
6
0
2
2
2
1
2
2
2
5
10
8
7
2
3
1
6
77
66
9
76
24
8
2
7
3
7
13
4
11
9
1
2
3
3
2
4
17
7
2
3
3
4
138
149
146
114
120
153
2
11
5
1
2
2
1
1
3
1
1
4
2
2
1
4
1
2
3
97
93
95
140
98
98
35
8
2
5
2
7
7
2
3
1
6
6
6
3
7
5
4
4
98
124
104
110
106
132
6
5
5
2
8
1
2
2
2
4
13
2
2
2
3
3
5
81
128
96
104
59
85
3
1
2
8
6
2
5
6
3
1
3
4
4
4
7
7
90
120
88
112
85
80
11
4
7
0
1
1
5
0
1
24
7
3
3
2
4
72
95
102
99
92
103
18
11
7
7
5
3
3
1
2
3
2
2
1
3
98
44
62
50
42
85
20
3
3
6
10
1
2
3
6
1
1
1
6
76
91
79
88
88
61
5
8
10
10
1
7
4
2
3
7
3
4
109
176
114
96
110
106
3
3
3
1
1
0
1
1
4
4
5
111
101
127
95
103
186
14
4
2
1
2
4
2
2
10
14
94
113
168
80
96
97
10
0
1
2
2
2
5
3
3
86
94
76
80
56
100
1
5
4
4
2
8
4
4
183
175
167
296
295
320
5
3
4
4
2
2
2
127
194
175
130
127
220
4
10
6
4
3
2
230
228
279
284
279
283
6
3
5
4
4
247
132
232
162
216
137
5
1
4
5
155
258
171
143
282
139
7
1
2
79
80
156
223
70
75
9
8
115
105
120
160
180
191
8
257
290
203
308
260
242
