167
30
79
80
128
55
58
79
133
141
227
115
168
179
146
3
10
6
1
11
6
6
6
1
5
3
1
3
1
2
1
1
2
12
13
4
0
23
11
8
6
0
8
1
2
0
1
4
1
2
0
1
0
2
2
4
7
3
0
0
8
11
6
9
2
11
2
4
4
6
3
2
1
2
3
2
4
1
0
1
1
4
4
0
2
2
1
2
1
1
2
0
2
4
3
0
2
3
2
1
1
0
2
1
2
4
4
7
1
2
0
1
3
3
2
0
2
2
2
1
2
3
1
1
1
0
0
1
0
4
2
1
4
4
0
1
2
3
21
1
4
1
1
2
5
3
1
2
5
2
2
3
1
1
0
0
1
1
2
1
3
5
7
3
2
3
4
1
2
146
68
72
58
86
83
75
63
107
27
42
102
31
59
76
12
1
11
3
7
14
5
2
4
5
6
7
7
3
0
5
10
15
17
4
3
12
15
13
4
2
3
3
11
21
4
10
3
2
11
4
2
4
3
6
22
6
4
4
3
7
0
19
5
15
2
5
18
10
3
9
1
7
5
4
7
6
4
1
8
13
3
4
5
2
5
2
2
9
3
3
5
5
1
3
1
1
19
6
12
3
4
3
8
5
1
6
2
1
5
4
8
7
0
2
4
5
6
7
2
6
5
5
4
3
2
2
2
14
18
7
3
3
6
6
1
5
3
3
7
2
6
6
7
7
8
5
3
7
3
3
7
5
3
19
1
2
2
4
2
4
3
1
11
6
6
4
3
39
69
43
55
55
78
78
84
58
82
38
31
49
59
109
3
7
13
6
23
7
4
7
8
7
2
4
3
6
3
7
31
16
12
8
11
16
16
5
3
9
13
13
17
2
6
4
3
1
10
1
4
5
16
10
12
2
6
7
17
0
15
5
19
8
4
11
16
6
7
7
8
10
5
4
5
9
5
3
9
9
4
10
4
7
4
6
6
4
3
7
5
5
3
2
6
17
12
12
2
4
9
6
4
1
5
2
4
4
5
2
8
2
3
3
5
3
5
2
4
3
5
1
2
2
4
2
13
8
7
9
9
5
12
4
5
8
9
10
8
3
11
6
5
2
8
8
9
11
8
6
5
4
3
4
3
5
3
7
4
11
6
3
4
3
3
5
7
154
192
161
9
4
2
22
137
151
160
90
184
51
84
1
10
2
1
8
11
1
6
2
1
2
4
1
3
8
4
17
5
0
14
9
1
3
6
2
6
3
3
4
3
2
6
1
5
1
1
2
12
3
10
8
9
2
13
0
13
7
6
1
0
7
4
4
3
4
1
3
0
1
2
4
4
1
4
3
1
4
3
3
3
3
0
1
2
4
2
3
0
1
6
0
1
3
6
2
5
3
1
7
4
0
3
2
4
3
3
0
1
1
2
2
1
1
1
1
2
1
0
1
2
1
3
1
0
1
2
1
1
4
2
1
2
10
7
2
1
3
2
2
1
2
5
2
2
3
1
1
3
2
2
2
0
1
2
1
1
1
3
3
3
2
40
40
51
7
16
92
77
49
75
74
78
92
7
27
83
18
2
7
8
4
12
11
2
5
6
5
6
7
5
7
12
6
8
12
5
10
5
13
7
4
10
13
2
10
2
8
5
3
2
3
5
9
6
4
15
12
6
7
0
5
10
17
5
3
3
10
4
3
3
5
9
2
4
8
3
7
7
5
6
3
6
8
6
4
2
8
1
1
4
3
3
3
1
3
7
2
3
6
2
4
14
6
9
3
3
5
4
6
1
10
3
3
2
12
4
1
4
5
6
2
4
5
5
2
3
6
1
1
2
5
10
6
11
2
3
6
4
2
9
2
5
4
2
2
9
4
10
8
8
2
2
3
3
6
3
1
2
4
1
6
5
7
7
4
5
45
45
43
39
13
12
27
22
35
20
18
13
11
23
8
8
2
6
3
16
14
3
2
7
8
4
18
7
10
11
5
13
12
6
3
6
9
9
7
8
0
7
17
6
6
2
1
3
1
2
15
9
9
10
12
11
4
0
6
21
23
22
4
9
9
20
13
5
3
9
2
4
7
11
4
2
3
6
6
5
16
7
1
5
5
8
1
4
11
11
3
4
5
4
5
4
2
5
6
1
5
4
2
4
6
7
4
3
4
3
2
0
6
9
5
1
6
2
2
6
4
4
2
2
5
16
1
1
5
7
4
7
5
4
1
12
13
14
14
5
12
2
2
8
6
4
7
7
8
3
3
7
3
3
2
7
5
5
5
4
4
4
7
2
75
118
299
84
171
116
74
123
59
118
102
90
84
208
61
6
6
1
4
1
9
1
3
1
4
4
7
14
4
6
0
6
22
11
4
2
10
3
9
16
11
5
2
5
1
2
2
4
3
21
3
7
3
11
4
10
0
9
11
21
14
3
11
6
4
4
3
7
8
3
5
2
5
1
4
5
6
6
10
3
2
1
4
4
6
1
4
4
1
3
2
6
4
3
5
3
1
6
4
9
8
4
3
1
1
1
2
11
4
1
1
1
5
4
4
4
4
3
3
1
4
0
2
14
5
2
3
4
4
2
4
7
10
6
2
5
7
3
4
5
3
1
3
4
21
1
3
2
2
2
6
2
4
3
1
4
3
2
5
3
7
11
10
76
36
85
61
98
83
99
82
88
94
83
45
78
81
50
14
7
12
4
7
4
8
12
5
10
6
0
12
3
0
8
16
11
6
6
5
9
19
18
7
8
6
3
7
1
7
3
10
24
2
3
4
18
19
16
0
10
10
11
8
6
16
7
13
2
5
12
13
2
10
5
5
6
4
8
11
5
3
9
3
3
4
3
3
4
4
1
3
2
4
7
7
3
6
3
4
5
7
12
8
7
9
3
6
3
2
8
4
3
5
2
3
4
4
5
4
1
2
2
1
6
5
4
9
9
11
5
4
1
11
5
8
12
9
2
4
4
7
8
3
1
5
7
7
17
3
5
2
3
11
7
2
4
4
4
5
5
5
3
6
10
12
75
78
92
85
75
57
56
92
85
79
86
80
94
88
124
2
19
7
6
2
8
11
12
5
11
18
10
6
0
13
11
16
16
4
12
12
12
11
3
8
15
3
7
4
3
5
8
13
6
5
3
8
22
6
8
14
9
3
16
6
12
11
3
6
8
3
6
6
1
4
6
5
3
8
2
3
14
3
4
3
3
6
7
4
9
11
3
5
9
22
12
5
8
6
8
2
2
7
4
7
5
6
6
7
5
4
7
8
3
4
4
6
14
4
6
8
6
5
9
4
3
8
8
7
11
4
1
5
3
5
19
9
6
6
2
4
9
7
4
7
5
8
12
3
5
5
4
7
18
6
6
7
4
8
7
4
7
3
4
9
12
205
269
304
235
357
204
207
174
221
268
271
280
227
312
239
8
6
0
2
1
2
2
4
2
7
5
4
0
5
8
1
5
11
3
0
2
7
2
3
1
1
1
9
0
1
1
4
1
3
5
7
11
2
0
4
7
1
8
1
2
6
2
9
14
0
3
1
6
3
9
1
0
1
1
1
7
3
1
1
3
1
2
0
0
2
1
0
1
2
0
0
2
9
1
3
2
0
6
0
0
2
1
1
0
2
2
1
1
1
1
0
1
0
0
1
1
0
1
1
1
3
2
1
1
7
4
3
6
1
2
3
1
8
3
1
5
1
2
4
0
3
1
3
0
1
2
3
3
1
3
0
3
3
1
1
2
2
1
5
1
82
57
34
27
43
93
34
15
50
58
16
39
4
86
23
8
3
1
10
9
10
11
8
5
5
4
3
13
10
4
2
5
3
3
11
9
10
11
7
7
3
2
5
16
5
4
5
2
4
8
12
7
12
1
6
5
6
2
8
2
4
11
4
1
4
2
2
3
6
4
5
3
4
10
13
8
5
4
2
3
5
4
10
3
1
3
4
4
7
2
4
4
9
2
6
4
3
2
3
2
4
5
0
2
4
1
7
4
4
3
2
7
6
4
2
16
5
4
2
3
5
4
2
5
9
9
3
2
3
4
13
0
12
4
6
2
3
2
4
3
8
4
5
2
4
3
7
8
7
2
3
1
5
3
7
3
10
13
10
14
39
9
71
14
22
43
34
80
21
76
32
57
38
36
1
4
2
2
3
10
1
11
7
16
3
7
5
7
5
3
6
6
6
0
3
17
6
3
4
1
2
3
2
3
5
2
4
14
5
4
0
3
5
9
6
1
6
3
2
3
3
1
2
0
3
4
5
2
1
3
2
4
15
6
2
4
5
2
3
1
1
3
2
2
1
5
3
4
3
3
1
10
1
2
1
3
2
2
5
6
2
1
3
2
2
4
8
3
2
3
4
2
9
3
1
3
2
3
2
4
1
2
7
6
11
3
1
2
4
3
3
2
4
5
3
3
2
5
5
4
6
2
3
3
5
5
4
2
6
1
1
3
5
4
8
4
1
192
151
183
143
255
141
205
176
251
134
178
165
153
247
183
2
6
2
1
4
2
0
10
1
2
1
12
3
3
1
3
3
6
4
1
3
1
6
12
2
1
5
1
4
2
2
2
5
3
3
12
6
3
3
2
3
4
8
0
2
1
2
3
1
11
2
1
2
2
4
1
2
2
1
2
1
2
5
1
6
3
1
1
1
0
3
19
4
10
2
0
0
7
0
2
1
3
0
2
1
4
4
2
3
2
0
1
1
1
3
6
1
3
0
2
2
0
7
3
1
1
1
3
3
0
4
3
6
4
0
1
2
3
2
9
2
2
2
3
1
3
6
1
2
3
1
1
0
2
2
4
8
2
2
2
1
1
44
51
119
34
108
85
92
83
46
61
60
87
108
132
20
22
2
3
2
1
2
2
2
0
4
7
6
7
0
6
1
7
10
6
2
1
1
9
1
1
0
2
2
2
4
2
1
3
1
0
4
5
4
2
2
3
6
1
1
2
0
5
2
2
0
3
1
4
2
7
4
5
1
2
1
4
1
10
6
3
4
7
1
1
2
5
5
7
0
3
2
2
2
1
0
4
1
5
7
3
1
12
6
5
1
5
1
2
1
5
3
8
1
4
2
1
2
8
3
5
1
3
4
3
0
7
4
1
0
5
2
5
3
10
7
2
1
2
2
2
7
3
1
4
1
2
2
3
4
11
7
3
1
2
2
7
23
7
24
10
43
17
13
16
51
14
78
15
11
72
24
13
4
6
2
7
5
4
0
14
8
9
6
6
7
5
15
14
3
7
5
6
9
4
3
2
2
6
6
7
2
6
4
7
0
11
1
7
8
1
11
13
1
8
1
3
14
2
12
2
1
3
9
6
2
5
9
1
6
3
2
5
4
5
4
2
6
4
2
4
17
4
6
2
3
7
5
3
1
4
1
4
10
8
1
6
2
4
13
2
1
3
5
4
10
5
7
1
2
3
3
3
3
5
3
4
4
3
2
1
1
2
6
1
4
5
3
3
12
5
4
6
3
3
19
4
4
2
10
2
6
1
3
4
7
8
2
3
3
4
5
290
106
262
207
221
112
285
225
206
135
93
89
195
191
159
6
7
2
4
2
3
0
16
3
6
4
5
4
1
1
4
2
12
1
2
4
1
4
1
1
3
3
2
3
19
3
7
0
8
1
4
6
5
1
3
1
2
3
2
3
1
1
4
3
5
2
4
2
1
0
3
3
2
4
2
9
1
1
7
5
4
1
3
1
3
3
5
15
4
4
1
4
0
1
5
2
2
1
3
2
1
0
1
1
2
6
2
1
1
1
4
2
1
1
2
2
3
2
5
16
3
2
1
2
1
2
1
5
1
8
5
0
1
6
5
4
5
5
2
0
1
2
3
1
1
1
2
2
3
0
1
0
1
4
295
256
295
322
275
271
284
293
292
243
241
317
282
250
270
2
1
4
3
6
0
1
3
8
2
4
4
6
4
3
3
12
3
0
4
4
6
12
10
2
1
3
4
3
9
2
0
4
2
12
6
2
7
4
2
5
7
1
1
1
2
2
2
4
19
0
3
7
4
6
5
2
4
2
2
2
2
8
10
15
2
1
7
2
3
2
3
5
3
1
1
5
20
1
3
1
2
1
10
4
2
2
3
2
17
1
3
1
2
4
7
1
2
4
5
1
1
1
6
5
12
1
2
10
3
0
7
3
3
3
2
1
11
8
7
7
5
6
1
2
7
3
1
1
3
2
1
1
3
4
1
3
7
17
44
25
60
94
79
10
76
8
27
72
14
25
16
77
3
11
20
1
0
5
13
10
6
3
3
12
3
0
3
5
6
2
2
3
4
2
3
3
7
7
9
3
7
3
0
2
7
6
3
1
5
3
8
8
2
2
15
3
6
2
11
10
1
3
14
3
7
5
4
3
8
1
2
3
4
5
5
6
1
1
6
2
9
3
1
4
7
2
5
0
1
3
12
5
8
2
2
3
5
4
4
1
2
2
7
2
5
3
2
3
3
4
9
2
6
3
14
7
19
1
2
3
11
2
8
4
7
5
6
3
8
2
2
4
7
4
7
2
7
5
3
3
6
1
4
2
3
2
4
5
2
97
225
211
229
250
128
134
116
117
291
272
256
249
229
315
26
8
8
0
3
15
9
1
5
5
2
5
19
6
8
2
4
2
3
0
1
2
8
6
7
4
4
3
20
0
16
12
12
21
14
3
7
6
1
6
2
6
1
4
2
13
1
4
6
3
3
6
2
2
1
2
6
7
0
5
4
7
1
2
3
6
1
3
2
2
2
4
6
5
2
5
2
1
4
0
2
1
2
1
1
0
2
4
4
1
3
1
0
2
2
1
5
7
1
2
3
3
4
2
6
13
5
6
2
4
1
6
12
3
5
2
3
5
1
3
1
1
1
3
1
4
1
4
21
4
3
7
2
1
6
3
78
74
81
89
0
105
85
118
0
90
114
0
117
0
0
29
7
0
22
0
26
14
3
6
8
0
0
11
6
4
7
0
7
3
2
2
28
0
25
12
11
6
23
0
28
24
28
11
15
0
13
10
10
13
10
0
3
8
2
5
2
0
13
8
1
8
8
0
7
6
6
3
4
0
6
8
2
4
11
0
7
14
3
10
8
0
13
12
6
1
6
0
4
3
11
4
4
0
6
9
7
3
14
0
6
9
2
2
6
0
15
6
2
1
11
0
8
9
8
5
5
0
8
15
3
6
14
0
5
14
6
3
9
0
11
5
6
2
4
0
5
6
12
4
4
0
5
8
3
4
32
82
112
55
100
25
17
27
10
105
106
132
104
125
101
9
24
11
26
21
16
2
6
8
13
13
8
5
3
7
5
16
4
6
5
17
4
19
12
10
6
14
19
27
21
14
15
3
5
20
7
11
8
4
14
7
3
3
5
3
7
9
11
8
11
4
2
3
10
3
5
1
7
4
3
1
1
4
11
5
10
4
6
7
9
7
8
3
5
10
13
5
3
4
1
3
5
7
3
4
6
4
7
8
9
1
1
3
3
10
8
5
8
8
6
7
7
2
4
12
6
7
7
5
10
15
4
6
13
5
9
9
7
11
12
3
5
3
5
7
5
8
10
4
8
9
7
2
6
167
136
38
212
191
106
37
153
124
34
135
237
36
55
177
0
8
5
4
4
7
3
4
3
17
9
2
5
1
2
1
2
0
3
7
4
5
10
12
4
15
0
10
31
3
20
2
5
6
11
3
5
2
3
1
3
2
9
1
3
4
5
1
12
6
2
1
4
0
3
0
1
5
4
0
3
2
1
2
4
8
3
6
2
8
5
1
1
3
3
2
1
2
1
1
0
2
7
1
1
2
1
1
5
1
3
1
0
7
6
2
3
9
7
2
6
2
6
1
3
12
10
2
4
4
1
5
8
2
4
2
2
1
1
1
3
1
3
0
5
3
2
4
1
9
3
4
2
0
0
0
0
0
0
0
0
0
0
285
0
0
0
0
0
0
0
0
9
4
0
0
0
0
13
1
0
0
0
0
2
3
0
0
0
0
10
2
0
0
0
0
21
21
0
0
0
0
9
7
0
0
0
0
6
4
0
0
0
0
7
8
0
0
0
0
2
2
0
0
0
0
3
1
0
0
0
0
4
5
0
0
0
0
3
1
0
0
0
0
4
2
0
0
0
0
5
5
0
0
0
0
1
3
0
0
0
0
0
2
0
0
0
0
2
5
0
0
0
0
5
5
0
0
0
0
10
7
0
0
0
0
2
11
0
0
0
0
8
3
0
0
0
0
4
10
75
78
57
99
142
30
122
68
141
32
32
69
45
84
95
14
18
2
12
6
5
10
14
3
11
2
3
3
2
0
6
3
8
11
5
3
23
14
8
0
17
15
24
33
2
14
5
7
10
12
2
8
3
1
7
5
1
2
15
4
7
10
4
10
3
3
9
4
0
5
13
2
4
5
3
11
1
3
13
13
3
8
2
3
2
1
0
7
4
0
7
2
1
3
6
1
5
1
1
5
2
1
2
2
3
2
17
3
6
2
7
3
4
2
8
5
1
6
16
7
12
8
5
6
2
7
10
9
5
5
2
2
5
7
2
4
1
2
11
3
6
4
7
3
12
3
79
52
87
97
115
18
94
96
61
31
63
79
105
84
91
16
12
3
7
9
28
16
7
9
3
9
7
6
5
5
4
22
19
13
4
9
13
20
23
18
12
16
9
9
8
8
4
8
5
11
14
4
6
2
6
3
2
7
10
3
12
7
3
1
4
4
4
4
7
4
8
3
6
14
9
2
7
2
5
8
3
6
10
16
5
4
6
3
4
13
4
3
5
4
2
8
4
8
3
2
3
2
2
4
1
16
8
3
5
4
2
3
3
13
7
14
9
6
14
11
9
13
9
4
11
6
6
9
7
6
6
6
20
4
1
1
9
16
13
4
6
2
7
6
9
66
68
44
49
142
106
23
101
57
30
80
68
28
46
47
13
3
20
11
21
7
4
8
10
7
5
5
3
5
7
8
18
8
4
13
8
9
29
17
8
17
18
11
11
12
2
14
14
12
8
6
4
7
5
5
8
6
6
8
22
7
6
5
9
10
14
17
11
4
4
7
8
8
9
5
8
7
13
5
6
5
6
12
7
5
8
4
13
15
8
12
5
4
5
4
7
7
4
3
5
3
6
6
2
6
9
8
7
4
6
7
6
8
12
7
7
4
6
8
8
8
8
7
9
3
9
15
9
5
4
8
14
5
8
2
14
7
9
13
9
4
5
9
15
56
67
35
88
77
47
24
62
46
24
36
47
77
91
97
4
5
6
7
13
2
19
2
2
2
8
3
3
2
7
5
7
4
7
7
5
14
6
1
15
4
1
4
10
3
8
1
2
4
3
3
2
4
0
4
8
8
7
8
3
6
4
6
9
1
5
4
2
4
5
6
3
7
3
10
2
4
2
2
7
3
2
1
2
1
10
4
7
4
3
4
2
3
3
3
4
6
9
7
3
3
2
5
7
7
3
2
2
3
7
7
1
1
11
1
1
6
5
5
4
4
2
10
6
3
3
4
5
6
4
10
1
4
3
4
3
3
3
3
2
2
5
9
301
200
143
93
205
204
162
87
219
217
89
217
79
208
84
5
4
2
0
3
1
0
3
1
2
3
2
2
11
2
4
5
16
3
16
0
8
9
10
12
4
13
5
2
2
4
2
1
1
0
6
6
3
7
4
2
0
1
7
2
1
2
0
0
1
1
2
3
1
1
2
1
3
1
1
2
6
4
1
1
9
0
5
1
7
1
2
0
4
1
7
3
1
0
1
1
1
1
2
1
2
1
2
2
0
0
4
7
6
2
1
3
2
3
7
2
4
2
6
2
2
3
11
3
8
4
2
0
2
2
4
1
0
1
3
1
5
1
5
1
2
2
18
15
23
21
21
77
76
44
84
29
23
42
64
150
59
13
8
2
5
8
4
2
3
2
4
2
5
10
5
5
6
8
8
4
0
6
2
7
8
3
5
5
1
16
1
4
4
1
1
5
6
7
7
4
9
5
7
4
26
15
4
2
2
2
8
11
6
4
11
6
5
5
5
2
7
5
3
4
5
4
0
6
4
5
3
3
5
2
2
3
7
2
6
3
2
3
2
3
3
3
2
2
3
0
5
2
3
3
2
1
2
4
4
3
9
23
5
2
7
2
3
2
5
26
13
2
1
3
4
1
2
2
4
2
5
4
4
7
10
4
8
76
50
54
97
77
60
78
91
86
173
48
37
80
27
72
1
6
2
14
4
2
1
6
7
9
5
1
4
4
3
12
4
1
0
7
2
10
7
1
6
3
3
3
3
0
2
1
4
3
4
3
2
10
5
8
2
2
25
6
6
8
4
4
4
15
7
4
1
2
3
1
7
2
2
2
5
2
3
2
2
4
4
3
4
3
3
1
1
3
6
4
8
1
3
3
7
4
6
2
2
3
2
1
2
3
10
8
4
3
1
1
8
2
7
5
5
4
2
1
3
3
13
10
7
13
3
5
6
4
2
3
5
2
10
2
5
8
4
9
4
97
49
48
101
88
77
75
119
92
78
84
87
74
82
97
14
5
6
4
7
2
7
4
1
5
13
12
10
6
9
5
4
0
10
7
10
7
3
4
5
4
1
2
5
16
2
6
3
3
1
5
9
9
5
7
2
2
5
5
5
4
3
6
3
6
1
2
6
9
6
12
1
3
4
4
5
4
7
3
3
4
5
3
12
2
3
5
3
5
4
1
2
10
5
2
3
5
3
3
4
11
10
8
1
5
4
6
2
10
6
10
1
4
3
6
6
9
5
6
1
7
2
6
7
4
4
5
4
5
3
6
6
8
4
8
4
3
3
8
37
0
47
39
27
0
114
108
61
0
0
0
105
61
71
10
18
12
6
4
0
12
8
6
17
20
0
7
9
11
7
0
0
10
21
15
10
7
0
12
7
5
8
9
0
3
12
4
7
4
0
8
15
7
10
5
0
7
7
5
6
7
0
8
6
5
9
5
0
8
7
6
15
3
0
11
15
2
4
3
0
2
13
4
5
2
0
6
12
4
7
5
0
9
4
3
4
2
0
14
7
12
9
3
0
7
9
6
11
1
0
6
14
7
5
1
0
15
8
7
10
3
0
13
12
13
4
6
0
15
6
5
6
7
0
12
13
8
136
167
50
121
194
172
59
186
201
41
193
238
41
67
226
21
7
1
2
3
1
2
2
8
2
3
4
8
1
9
0
4
11
10
4
2
3
5
1
4
5
1
5
1
1
2
2
3
2
1
1
5
3
2
9
2
3
5
5
1
7
2
3
2
1
2
3
0
4
4
1
4
3
3
3
3
2
1
8
4
1
5
1
1
1
6
5
3
1
1
4
2
2
3
2
1
3
3
2
6
2
4
2
3
2
1
3
2
3
7
5
6
4
10
2
2
1
3
2
4
1
2
1
2
1
1
11
2
2
5
1
1
2
2
4
10
3
50
65
44
76
76
93
91
88
115
50
102
86
68
101
83
13
1
6
5
1
3
10
11
10
4
3
22
18
6
0
7
6
17
11
3
13
5
1
4
8
4
8
3
2
6
9
3
9
4
6
3
12
8
6
4
3
1
3
2
5
5
7
2
5
2
4
2
7
4
6
6
8
7
4
4
5
4
15
10
5
6
4
4
5
7
7
4
2
1
17
3
2
5
6
2
4
3
2
2
2
1
14
9
8
6
5
3
12
5
3
7
21
9
8
4
5
1
8
5
9
3
3
4
5
2
8
4
5
5
5
3
6
3
8
9
10
87
100
90
80
105
105
173
43
118
110
95
108
59
125
82
2
1
3
2
2
4
4
3
3
2
8
4
3
0
2
1
3
3
2
2
2
1
7
3
3
2
2
2
1
8
4
3
3
4
3
2
8
1
3
8
1
1
3
2
1
9
2
1
4
3
2
3
2
1
2
3
1
2
2
1
1
2
2
4
4
2
6
2
3
6
0
2
4
3
4
3
1
9
3
1
1
5
2
1
4
1
6
3
1
4
6
4
0
2
1
5
6
2
4
3
1
3
2
1
3
5
4
3
3
2
3
5
1
1
4
1
3
4
4
5
170
211
293
317
151
188
167
160
199
252
208
155
281
148
145
1
4
1
1
3
3
5
3
1
1
5
4
0
4
1
5
10
8
1
2
1
1
6
2
1
1
2
4
3
1
4
4
3
3
2
1
2
1
1
3
4
4
5
3
1
1
2
1
2
3
5
2
1
1
1
0
2
1
1
0
1
3
1
5
4
2
3
1
2
1
4
2
2
1
2
1
2
0
0
7
4
1
3
1
2
3
4
1
2
2
3
1
3
2
3
3
4
2
2
3
4
1
2
4
1
4
3
0
1
0
5
11
4
1
2
0
3
7
3
173
155
141
203
205
110
131
249
168
189
136
174
154
171
200
3
0
7
5
6
3
2
1
5
6
1
7
9
1
8
10
2
6
4
1
7
5
1
1
8
10
3
2
3
5
3
3
3
2
3
2
1
1
12
5
2
3
6
6
6
2
2
4
13
1
3
5
2
5
1
2
3
1
2
2
3
6
7
1
7
4
1
2
4
2
2
3
1
0
4
3
4
1
3
2
3
3
1
1
3
2
1
3
2
4
1
1
1
5
1
5
2
6
5
1
4
2
1
4
5
3
1
2
2
3
2
5
3
6
2
3
3
15
219
153
125
133
234
109
115
101
171
188
187
128
138
119
116
0
1
0
4
2
6
3
2
8
2
11
13
1
4
2
3
5
3
2
2
3
10
1
3
1
1
2
2
1
4
2
1
5
2
2
2
1
2
4
1
3
3
0
1
2
3
4
1
5
1
4
1
0
5
2
3
4
1
2
1
8
5
2
2
1
2
1
3
1
7
3
1
4
1
0
1
1
10
2
2
4
1
1
7
3
1
7
15
1
2
2
2
3
1
1
1
3
3
1
1
2
2
5
1
3
1
1
1
1
1
3
3
3
1
4
1
2
258
213
218
303
265
247
301
239
303
311
224
232
225
268
256
1
3
2
1
2
3
6
1
1
0
3
2
5
3
0
5
3
1
1
1
1
1
1
2
5
1
1
1
1
3
0
3
2
2
2
1
2
2
1
1
1
1
1
2
2
2
2
2
1
12
2
1
1
1
1
0
1
2
1
1
1
1
1
1
2
3
2
1
0
1
1
1
1
2
1
2
2
1
0
1
1
1
3
2
1
2
3
3
2
1
3
5
2
1
1
1
0
1
2
1
2
2
3
1
1
1
0
2
2
2
2
2
1
2
1
12
251
235
204
253
266
237
246
258
279
227
219
275
217
241
264
4
2
4
1
1
1
4
3
0
1
1
3
6
2
3
1
0
4
1
2
5
5
2
2
2
4
9
3
3
2
3
2
3
3
3
6
3
4
1
7
3
2
4
5
5
1
3
1
2
5
1
2
5
5
0
2
2
2
2
5
0
2
1
4
3
2
3
1
1
2
2
1
2
2
1
4
3
2
3
2
4
3
1
0
2
9
2
1
2
1
2
2
1
1
2
9
1
3
3
3
3
2
2
21
2
1
2
2
2
5
2
3
2
1
2
128
349
191
293
212
127
141
132
122
182
263
203
171
152
272
8
2
3
4
4
3
5
0
1
4
3
5
2
5
3
1
2
2
1
1
4
2
1
5
1
3
4
3
2
3
6
3
1
3
2
2
1
4
8
13
17
5
6
4
6
3
2
3
4
5
1
1
0
1
2
2
3
9
2
1
1
3
3
5
2
5
1
2
2
1
8
5
2
4
1
1
1
1
0
2
8
5
0
1
1
1
0
2
9
1
1
1
1
2
2
2
1
3
3
1
1
2
3
2
5
2
3
1
0
2
3
4
3
4
29
80
77
69
41
43
20
18
26
80
77
89
37
77
84
9
7
12
4
3
17
14
17
16
18
28
5
4
8
13
9
16
3
11
1
4
4
7
1
1
4
5
3
13
4
3
1
9
2
3
1
1
2
6
2
3
7
5
5
5
4
5
5
5
6
8
1
4
4
5
6
2
7
3
4
1
2
6
5
4
4
4
1
1
1
2
2
1
12
15
3
4
1
6
4
4
5
7
4
6
4
3
4
6
12
3
1
4
5
5
8
4
3
7
4
17
1
2
8
8
6
7
2
2
5
9
5
13
122
85
30
63
62
84
19
78
82
50
97
86
12
10
178
12
3
8
7
8
0
22
8
10
5
13
8
9
3
3
5
4
7
4
10
1
1
0
3
7
15
4
3
4
2
3
8
4
3
2
5
4
6
1
2
1
5
4
7
4
4
5
1
2
4
6
4
9
2
8
1
7
1
1
1
2
4
2
3
3
3
5
2
1
1
1
1
13
8
4
3
2
3
6
4
2
3
10
7
2
1
3
4
3
9
8
11
3
3
5
3
11
3
2
4
1
5
3
11
3
8
5
5
4
8
4
4
156
135
80
75
116
152
83
86
112
82
67
103
102
130
92
1
4
2
8
0
11
3
7
5
1
10
9
3
3
14
12
9
2
4
2
3
1
1
6
3
3
7
5
3
1
4
4
4
12
3
3
2
4
3
3
6
1
4
3
6
4
3
3
7
7
5
7
3
5
0
11
2
4
2
2
2
3
4
7
1
2
7
3
5
3
3
7
5
7
7
4
2
2
1
3
5
15
6
5
3
3
6
6
6
6
7
2
4
9
4
3
3
4
5
2
1
2
4
8
6
7
5
2
3
4
6
82
149
169
146
111
90
123
103
117
153
157
109
181
130
144
25
8
12
5
10
8
12
15
2
7
3
2
2
2
3
5
0
3
5
4
1
0
2
2
4
5
5
2
3
1
0
5
1
1
4
2
1
4
5
3
1
2
8
2
3
9
8
1
3
0
1
4
2
2
7
4
1
1
5
1
1
1
1
3
2
1
3
2
2
1
6
1
0
2
5
9
12
5
6
3
1
3
7
1
9
8
5
2
4
1
2
8
6
2
2
0
1
9
4
1
0
1
3
3
2
1
7
2
2
3
109
49
78
89
85
88
104
44
106
67
28
68
55
166
51
20
5
0
15
8
20
23
1
8
27
3
2
5
1
6
4
2
7
20
3
2
14
2
3
6
5
4
5
4
5
6
1
2
8
3
4
1
1
9
3
3
5
3
3
5
7
1
1
2
9
9
7
5
4
4
2
3
10
7
3
7
1
5
8
1
6
2
2
3
18
2
2
8
3
9
16
8
1
3
1
8
5
3
3
12
2
2
2
3
4
8
4
6
4
1
2
8
4
2
5
2
2
15
1
3
13
3
3
13
140
26
106
88
126
8
107
70
131
90
44
14
84
127
69
10
10
8
8
3
2
3
7
13
4
11
5
5
6
2
2
2
4
4
2
6
3
2
8
6
4
1
6
2
1
1
2
3
3
3
1
4
2
5
4
2
7
7
6
5
2
2
1
13
3
1
9
12
1
1
2
5
4
2
2
1
0
2
2
2
1
4
3
6
1
1
3
3
6
7
10
2
4
2
5
1
14
6
3
4
2
3
4
3
3
4
3
3
2
3
2
1
0
2
2
1
2
5
1
4
4
5
4
74
62
66
86
77
83
68
154
94
38
107
76
72
78
131
0
13
8
10
19
3
12
7
18
4
20
5
6
1
4
6
9
2
5
9
2
2
5
2
2
4
5
4
2
2
5
2
4
1
2
8
3
4
5
3
6
11
0
9
7
2
0
4
3
2
1
3
2
1
1
1
2
4
1
2
1
3
8
0
3
1
1
5
3
1
1
3
2
2
1
2
5
5
3
7
5
8
6
14
1
3
5
9
4
8
7
1
1
1
3
3
2
0
2
8
10
1
3
2
3
5
4
0
0
0
0
0
0
0
0
0
0
90
0
0
0
0
25
0
0
0
13
0
16
0
0
0
13
0
7
0
0
0
7
0
10
0
0
0
10
0
9
0
0
0
7
0
4
0
0
0
6
0
17
0
0
0
7
0
6
0
0
0
5
0
6
0
0
0
10
0
4
0
0
0
11
0
5
0
0
0
10
0
18
0
0
0
4
0
7
0
0
0
14
0
5
0
0
0
30
0
11
0
0
0
8
0
7
0
0
0
7
0
2
0
0
0
8
0
10
0
0
0
103
95
91
110
77
129
165
109
123
117
98
88
91
115
93
12
19
20
6
9
17
5
8
15
11
14
10
6
5
4
7
2
15
8
5
8
11
3
4
2
12
3
8
3
6
14
7
9
11
8
9
9
7
16
5
1
10
5
8
1
1
2
13
3
20
3
10
2
6
7
4
6
12
3
5
4
4
1
2
0
4
5
4
2
6
2
6
5
9
6
12
8
8
3
6
5
25
16
10
11
9
10
13
5
9
4
3
5
3
1
5
7
11
12
13
6
6
5
5
6
85
84
96
40
45
133
138
82
68
234
113
78
128
82
60
1
18
3
8
8
7
5
13
3
7
1
2
10
9
4
2
4
2
8
9
10
0
1
2
1
4
2
1
1
3
0
3
1
3
1
6
6
4
6
4
12
1
0
2
3
4
5
2
2
1
2
1
1
2
1
2
2
0
1
2
1
3
1
2
1
3
1
1
12
6
4
3
5
7
1
2
3
3
5
4
15
0
1
6
3
8
7
2
2
1
5
5
2
0
4
2
2
2
7
1
3
6
4
6
117
94
119
85
97
80
156
140
189
98
93
81
168
141
112
22
5
23
12
8
1
8
8
13
3
4
2
8
7
7
8
6
1
15
8
4
2
6
3
3
2
3
9
8
2
6
8
19
9
11
1
7
10
5
14
6
1
2
2
13
9
1
2
4
4
5
8
5
3
2
4
9
4
5
0
2
1
3
21
6
1
3
11
11
8
5
3
7
7
5
2
7
4
10
9
7
8
11
8
4
11
10
11
3
1
11
4
4
5
3
3
5
3
7
14
3
2
16
50
127
105
115
92
85
87
120
94
213
162
164
136
145
113
13
12
9
8
1
9
3
5
5
4
3
16
3
9
6
7
3
9
4
3
1
3
3
4
2
5
18
8
3
2
6
10
2
10
1
6
13
7
5
14
2
3
2
5
3
1
2
1
5
6
4
3
4
2
3
4
4
3
1
3
4
2
10
6
1
4
5
4
3
3
6
4
2
8
15
12
4
6
5
15
10
17
14
11
13
7
3
4
1
20
1
10
3
6
15
7
4
13
3
5
3
14
181
47
254
264
183
67
171
179
181
49
49
79
247
196
200
3
2
1
0
4
5
8
4
6
1
2
0
4
9
4
3
3
1
1
1
1
3
2
2
2
1
2
0
1
3
15
2
1
1
2
6
2
4
2
2
5
2
1
3
0
6
1
1
1
1
1
3
1
4
1
1
1
1
0
0
1
4
7
4
1
2
1
8
2
3
7
3
3
6
2
1
2
4
1
1
4
1
2
3
5
4
2
1
4
0
2
1
2
4
1
1
3
1
3
1
2
44
14
55
71
33
89
77
40
61
74
36
41
100
97
81
13
4
12
4
5
6
4
2
2
2
2
3
6
5
6
18
6
3
6
5
4
1
2
3
3
2
2
2
10
6
2
6
4
4
3
2
3
5
1
3
3
4
3
2
5
1
3
2
3
3
7
3
2
2
6
2
4
3
6
3
6
6
2
3
4
2
14
3
4
14
5
4
1
5
9
10
5
1
2
2
4
2
5
2
3
3
5
10
4
1
2
9
6
4
5
5
4
5
5
8
10
6
9
21
28
8
11
33
27
170
28
100
46
120
75
5
6
7
6
5
3
4
4
6
2
1
3
5
6
14
3
4
2
5
2
8
1
0
3
4
5
2
5
3
2
7
3
7
1
2
6
7
6
1
4
1
6
2
4
5
2
2
6
7
2
8
4
3
5
1
2
4
5
1
8
6
2
3
3
3
6
4
1
15
6
6
4
7
4
10
10
1
7
7
7
11
5
5
2
3
1
12
3
2
4
6
11
11
3
1
4
8
2
10
173
190
192
179
81
150
151
174
84
273
268
103
240
103
100
5
3
1
1
2
0
4
2
6
1
1
1
1
4
2
2
0
4
2
1
0
1
2
2
1
1
2
1
2
1
6
1
4
2
10
2
3
5
4
1
1
0
7
2
1
1
2
1
1
1
1
2
2
1
0
1
1
1
1
1
1
3
9
3
5
3
6
4
1
3
4
1
1
7
4
2
1
1
3
6
6
1
1
0
2
2
4
2
1
2
1
3
1
0
3
2
2
3
31
23
15
5
10
71
148
17
110
29
8
7
4
180
6
3
1
4
2
0
4
4
6
4
6
1
1
3
4
2
2
1
3
9
1
3
11
2
5
1
3
4
4
14
4
2
5
3
4
7
3
0
3
4
2
1
5
0
2
2
6
7
2
0
1
2
2
2
3
2
4
3
2
2
4
4
2
5
4
4
3
2
4
4
4
10
2
7
2
5
3
2
2
3
10
3
3
1
4
1
1
4
1
5
2
3
4
8
3
11
9
4
117
174
96
88
119
85
117
81
62
56
81
103
56
75
38
14
5
3
1
5
6
1
8
3
3
3
4
4
2
2
1
4
2
1
1
3
3
5
2
2
3
2
5
9
4
2
0
3
9
4
4
2
1
2
1
6
4
2
2
3
1
2
4
4
2
2
1
2
2
2
0
13
0
1
2
4
3
2
1
4
5
2
3
1
1
7
7
2
2
4
8
5
3
4
1
3
1
3
3
0
1
3
1
6
13
3
1
0
2
4
5
378
300
350
323
367
314
7
2
6
1
2
1
1
8
3
1
2
3
1
1
3
4
1
1
2
2
2
1
0
4
5
7
1
1
2
3
1
6
4
5
4
2
2
2
1
12
3
1
0
1
0
1
1
3
2
1
4
1
2
1
1
16
8
3
5
3
0
2
3
2
4
3
9
3
1
1
2
4
6
2
6
3
1
3
2
5
1
1
4
1
1
1
4
9
1
2
3
4
2
1
1
229
163
211
188
198
151
3
6
4
3
2
1
6
4
5
3
8
4
2
2
3
4
2
1
1
4
2
2
5
13
3
5
4
1
6
3
16
2
5
1
3
2
2
1
13
2
1
2
4
1
2
2
3
1
0
7
3
1
4
0
7
9
4
3
6
9
5
2
3
4
10
7
2
7
3
7
7
8
7
11
3
3
7
0
3
4
3
14
5
2
1
4
5
3
3
5
2
3
4
2
251
226
205
205
223
206
2
0
1
2
6
4
3
4
2
2
1
1
2
5
1
5
3
1
1
2
1
4
7
1
2
0
1
1
1
8
1
3
10
2
1
1
0
5
1
1
3
0
1
4
1
5
3
5
9
1
3
2
2
4
0
8
5
1
0
2
1
0
3
6
3
0
1
3
2
1
2
2
6
3
2
1
3
4
7
2
8
4
2
1
5
1
1
4
5
2
2
2
1
273
221
285
210
231
250
1
2
1
8
5
7
3
1
3
1
1
2
3
6
1
2
1
2
1
2
1
5
4
3
0
2
1
2
1
1
1
3
1
1
3
0
2
6
2
2
2
1
1
1
6
1
2
1
1
0
1
1
2
2
2
3
6
3
4
3
0
6
5
1
4
1
2
2
2
2
3
4
4
1
3
2
2
1
2
3
1
2
2
2
4
3
3
5
2
2
1
2
293
294
309
345
363
371
12
4
4
2
2
1
2
6
1
0
5
2
2
1
2
1
12
1
2
1
1
1
4
2
1
4
4
1
3
2
1
4
2
1
2
2
5
1
1
3
3
0
1
1
1
1
2
7
3
0
0
3
4
2
2
4
1
9
5
1
2
2
2
8
1
2
5
10
2
2
2
1
9
3
5
1
1
1
3
3
3
1
3
9
2
0
2
3
6
2
2
285
259
325
213
255
247
5
2
2
5
4
6
2
3
1
7
1
3
1
1
2
1
2
2
3
4
2
3
2
1
11
10
6
2
1
3
3
2
3
7
4
4
4
1
5
6
0
1
1
1
1
4
3
1
1
1
3
2
1
6
4
4
8
2
5
4
1
2
6
3
1
4
5
2
4
2
3
5
3
2
3
2
2
2
9
1
1
1
4
1
3
2
3
2
4
4
235
261
256
272
269
254
2
1
2
2
3
5
1
6
3
1
0
0
2
2
2
1
2
1
1
3
2
2
1
5
3
1
1
1
4
7
2
16
1
2
1
1
2
2
2
2
1
1
3
2
1
4
2
1
4
2
2
1
3
3
8
6
3
1
3
5
3
2
3
3
8
3
1
1
1
2
2
5
1
0
2
1
3
12
5
2
5
2
0
1
1
1
3
8
5
133
217
163
169
244
186
2
4
5
2
1
3
2
6
3
1
0
4
3
6
11
11
1
5
4
7
2
8
8
9
1
4
4
7
1
2
2
3
3
3
1
4
2
2
6
5
1
1
1
5
3
6
3
1
2
1
2
3
0
2
2
2
0
1
2
5
2
2
6
3
1
3
8
2
5
2
4
5
1
5
2
3
0
3
1
2
1
2
4
4
0
1
1
7
64
55
54
96
123
80
4
2
15
9
7
2
3
9
11
2
2
2
1
3
3
2
3
4
3
3
6
3
9
13
4
3
3
1
3
1
7
11
2
1
3
4
4
3
1
2
3
1
5
2
2
4
1
8
3
1
3
4
4
1
2
5
18
3
9
1
3
2
7
6
7
2
4
1
5
6
6
9
4
2
6
2
7
1
3
10
8
6
7
1
6
4
5
119
104
99
88
86
99
14
12
2
16
2
4
6
4
4
10
2
1
2
3
3
18
3
6
2
3
3
3
4
4
4
2
2
11
3
2
5
5
11
6
3
5
2
3
2
14
7
1
1
5
6
2
4
9
9
3
1
2
6
5
2
7
6
6
3
4
6
2
3
9
12
16
1
3
4
3
7
11
1
10
1
2
2
7
4
8
6
6
1
2
3
5
113
59
85
82
83
94
18
1
5
5
6
3
2
8
12
0
4
4
6
1
2
3
7
1
5
0
2
2
3
5
3
1
3
3
5
3
7
4
9
1
4
4
5
4
5
8
15
0
1
4
2
1
2
5
7
0
5
6
4
1
8
7
4
0
4
5
2
3
7
9
7
2
4
7
4
5
3
6
7
1
4
1
8
3
11
3
5
1
4
2
2
92
158
100
111
80
119
3
6
4
17
4
4
11
12
2
3
3
18
10
5
3
5
5
4
3
6
2
6
5
2
2
5
5
3
6
8
12
8
5
3
5
16
2
9
6
4
2
4
7
3
4
7
4
2
4
2
6
1
1
4
4
7
2
6
12
7
7
7
7
8
4
11
3
3
13
6
6
19
3
2
4
8
6
12
10
10
2
10
5
5
62
41
91
143
105
92
2
4
3
1
2
2
2
8
3
1
1
4
3
3
1
8
3
5
4
1
2
2
0
7
4
3
3
5
2
3
3
6
3
2
1
2
3
4
3
2
2
2
1
4
3
2
3
3
6
8
10
2
5
13
6
2
3
5
5
6
1
1
8
8
7
3
2
2
1
4
7
5
4
3
4
3
2
2
1
5
6
5
4
106
71
81
112
119
170
15
17
1
2
10
3
9
6
4
7
3
2
1
2
3
1
0
2
1
1
2
3
4
2
4
2
6
3
2
3
2
2
2
7
3
2
2
3
2
1
4
11
9
3
2
2
4
3
4
3
1
3
4
8
1
8
19
5
3
5
1
3
1
13
8
7
8
3
2
6
7
5
3
3
4
5
0
1
4
16
5
7
112
167
198
104
111
158
16
2
1
13
3
5
3
7
15
2
1
0
5
3
1
3
1
1
1
0
3
6
2
4
6
5
1
1
6
2
3
2
12
1
3
2
4
8
6
5
6
1
1
1
1
1
4
3
1
1
2
5
4
2
2
5
4
2
3
1
5
2
3
4
17
7
5
2
6
8
8
1
9
0
4
1
2
2
6
3
7
89
136
88
87
83
96
3
6
2
3
2
4
4
1
2
9
1
6
5
5
2
4
2
2
1
1
3
3
2
18
3
2
1
3
6
8
1
2
2
5
3
4
5
2
3
6
2
2
3
0
1
3
3
3
1
2
1
5
0
5
3
6
1
3
1
1
1
9
5
6
1
3
1
8
8
6
5
9
1
3
2
1
2
9
3
3
65
37
15
139
124
140
3
2
3
4
7
3
1
2
11
4
5
1
5
3
2
2
1
5
3
1
1
6
2
5
4
2
3
1
1
3
2
2
2
2
3
1
1
2
1
8
3
3
3
3
1
1
1
4
12
3
4
1
4
2
8
8
4
3
3
2
1
2
0
19
2
4
2
1
1
3
2
10
10
2
3
1
1
6
1
208
151
206
169
238
212
6
5
3
13
4
2
1
3
2
3
1
3
2
2
0
2
5
2
1
4
1
2
1
5
3
3
4
2
3
7
1
4
1
3
1
1
2
0
5
2
1
8
2
3
2
1
2
2
1
8
4
5
6
2
1
16
8
2
2
0
2
1
0
1
2
3
1
1
1
1
5
11
14
5
6
3
2
1
164
159
132
161
169
153
11
1
4
1
9
1
10
1
3
0
1
1
1
0
0
3
6
2
1
2
5
5
2
9
11
1
1
2
13
4
13
9
5
1
3
2
2
3
5
3
3
0
0
3
2
0
1
3
5
0
0
3
4
2
14
2
9
3
5
2
3
16
3
2
4
0
1
4
2
5
14
15
4
1
0
0
4
112
200
170
107
100
165
1
3
3
5
2
5
3
4
0
3
2
2
2
1
2
1
4
1
3
2
3
3
4
4
1
3
3
6
2
3
4
13
1
1
3
9
1
8
6
3
2
3
4
5
2
2
19
17
1
2
2
2
5
5
3
3
0
3
4
2
5
7
5
5
3
3
2
3
2
2
2
7
1
1
4
7
172
119
112
126
111
91
11
4
5
1
4
2
3
1
21
5
7
2
1
2
0
3
0
1
1
1
1
1
1
4
9
2
4
1
4
2
2
3
4
2
1
5
0
1
2
2
6
2
2
0
0
1
3
6
4
5
8
9
0
2
3
2
19
6
3
2
0
3
1
3
2
1
4
2
1
1
3
6
3
2
5
139
105
93
115
104
142
4
7
2
6
4
4
1
14
1
2
2
1
5
1
5
2
2
1
6
2
4
3
3
2
4
12
1
7
2
2
1
6
2
3
4
2
1
4
3
8
4
7
1
3
3
7
1
8
1
2
2
9
5
3
8
14
6
1
0
3
2
6
2
3
1
2
4
1
3
7
6
7
5
15
129
147
126
143
182
146
15
2
11
1
3
0
2
2
5
4
3
1
2
4
3
1
2
2
5
2
1
2
3
11
17
1
4
3
1
4
4
2
3
2
2
1
1
2
0
1
1
0
1
1
7
1
4
5
6
3
8
7
3
3
7
11
18
1
4
2
9
2
3
3
6
0
9
6
1
2
3
5
16
135
138
147
122
137
177
3
6
1
2
2
2
2
1
10
2
7
1
3
2
1
1
2
0
4
3
2
2
4
16
2
3
2
1
1
5
4
4
3
1
4
2
2
4
3
1
1
3
4
4
2
1
4
2
6
8
2
3
3
3
11
7
7
1
1
4
3
3
4
2
6
7
9
1
1
9
5
6
232
322
243
228
168
229
6
8
5
4
2
2
6
5
5
3
6
1
2
5
3
7
3
1
1
2
2
2
3
5
4
5
4
1
3
1
1
7
7
3
3
1
2
3
2
4
6
2
8
1
5
2
3
1
3
2
5
2
7
3
3
2
4
3
3
2
2
3
3
1
5
3
1
2
1
4
4
165
139
213
166
206
166
10
12
6
4
3
4
3
6
1
3
3
1
4
4
11
2
2
4
2
4
5
4
8
7
4
8
1
3
3
3
14
4
8
4
2
2
9
1
4
5
8
6
2
3
4
3
12
8
6
2
3
3
5
7
7
2
5
4
8
2
3
4
6
8
10
12
4
4
2
5
233
246
255
244
298
296
3
2
2
1
11
4
2
1
3
4
3
5
3
7
3
3
1
3
2
1
2
1
2
3
1
3
1
1
1
3
3
6
8
0
4
5
2
3
9
3
5
0
6
1
2
2
3
2
2
1
2
2
2
5
2
2
5
0
2
0
1
2
1
1
5
1
2
3
3
255
277
290
234
248
292
3
4
6
3
3
2
1
3
0
5
3
3
5
2
6
8
1
1
4
3
2
6
2
3
1
2
5
1
6
2
3
5
2
2
3
4
1
4
7
10
3
3
7
5
2
12
3
3
2
6
17
3
1
1
4
4
3
4
2
1
4
5
6
6
3
2
10
2
250
292
262
215
292
231
0
1
3
1
1
3
1
1
2
3
1
1
1
2
1
1
3
1
2
1
1
1
1
1
1
1
1
2
1
2
0
2
1
8
2
1
2
2
4
1
1
1
2
3
0
2
1
5
2
4
2
1
1
1
2
2
6
2
2
3
3
2
0
1
3
1
1
280
172
288
171
255
161
5
2
8
3
4
2
1
2
5
0
1
2
3
2
5
5
2
3
1
5
1
1
2
4
1
1
3
5
2
1
1
4
2
1
2
2
3
6
3
6
6
1
2
2
4
1
5
1
17
5
6
1
2
1
1
2
0
0
1
1
5
2
2
4
1
6
177
177
152
146
204
124
11
1
6
1
2
2
2
4
4
4
3
1
5
5
2
4
3
1
5
1
5
1
5
5
2
0
3
1
2
1
4
8
5
1
3
3
2
1
4
3
8
8
2
1
5
1
2
9
3
1
1
1
2
2
3
3
1
0
2
4
2
2
7
3
5
100
146
209
160
90
117
3
2
3
3
4
4
4
4
4
1
2
3
5
7
3
1
5
2
2
2
2
1
3
1
2
1
3
2
3
4
3
4
1
2
3
4
3
6
5
10
4
2
5
2
1
5
2
6
3
5
4
4
2
2
3
4
2
1
4
2
3
4
3
9
101
140
254
128
116
155
4
8
5
3
4
1
1
7
1
1
2
1
1
2
2
1
2
4
2
0
1
4
1
5
2
3
6
1
3
2
6
6
6
4
13
6
3
1
8
1
3
1
5
0
1
4
2
4
2
1
7
1
3
0
1
12
1
4
2
2
2
2
3
143
203
140
158
164
138
2
2
3
3
5
1
5
2
0
1
2
1
1
1
2
1
3
4
1
1
1
2
11
6
2
2
3
6
3
3
6
3
4
3
1
3
5
2
3
2
2
3
2
5
3
2
3
2
1
5
1
2
2
1
2
2
1
2
7
3
3
3
203
158
194
147
278
136
3
4
3
1
4
6
6
0
1
4
2
3
4
2
4
3
1
0
2
0
3
6
4
6
3
4
3
2
1
1
3
4
1
6
3
1
4
3
2
1
2
1
4
1
4
7
5
2
2
0
4
0
0
4
4
3
6
1
2
0
5
113
160
141
144
173
162
1
3
0
2
5
2
3
2
0
3
2
3
6
1
1
3
1
2
2
1
4
3
5
3
4
0
1
3
1
10
2
4
1
1
2
3
2
2
2
3
3
1
2
0
16
6
2
1
2
5
1
3
4
3
1
5
4
4
0
2
188
203
151
315
150
140
8
4
4
5
1
1
1
6
2
1
1
0
2
2
2
5
2
1
1
2
1
1
5
11
6
5
2
1
1
6
1
2
1
6
2
1
3
1
2
2
6
3
4
0
0
4
3
2
1
2
1
1
2
3
1
2
2
5
3
95
140
121
209
201
267
4
0
4
1
1
5
3
2
1
1
2
2
3
3
1
1
4
1
5
2
2
0
0
3
7
4
4
3
2
3
0
5
11
7
5
2
2
5
2
2
4
4
2
3
2
3
2
2
2
3
2
2
4
3
4
4
5
2
138
145
117
115
96
87
2
3
4
2
7
3
3
0
5
0
2
1
2
3
2
2
3
3
11
1
6
1
4
3
10
2
3
1
3
2
9
1
7
1
5
6
9
1
5
2
6
1
3
1
9
2
2
1
1
2
3
1
1
2
4
4
2
133
131
133
167
138
142
2
5
4
7
2
5
0
4
0
3
4
4
1
0
1
7
0
3
0
2
0
1
3
8
0
3
3
3
1
7
0
2
1
2
0
2
0
1
2
7
4
1
4
13
1
2
4
8
0
3
4
13
1
4
7
3
244
244
272
184
214
281
2
4
3
2
3
3
3
5
6
6
6
2
1
4
1
18
7
6
3
2
4
6
5
2
11
3
9
3
2
5
9
4
3
3
6
2
2
2
6
5
2
2
6
2
2
2
2
7
3
3
3
2
2
2
5
262
282
200
319
233
214
28
11
1
3
5
2
4
4
3
1
1
4
1
2
2
1
3
2
0
1
1
2
1
3
7
4
0
1
4
4
3
4
11
4
2
2
1
2
3
2
1
2
1
2
3
3
2
12
8
2
1
1
4
1
277
313
323
248
287
316
8
2
2
3
5
1
6
11
2
1
3
3
1
1
2
2
1
2
2
1
7
0
2
1
4
1
1
3
7
2
4
7
7
1
3
3
1
3
3
3
2
1
2
1
4
4
7
13
3
1
1
4
1
290
268
267
270
234
231
2
2
9
19
1
6
5
5
1
3
9
6
2
4
2
2
2
1
3
1
0
4
5
1
1
1
4
1
3
12
8
2
2
2
4
3
10
2
5
9
1
4
2
2
1
10
18
2
1
3
2
10
309
363
352
334
347
371
2
2
1
2
1
1
2
2
1
1
2
3
2
2
4
3
4
7
3
4
1
1
4
3
1
6
3
1
1
2
1
0
2
1
2
2
1
2
7
1
3
2
2
0
1
1
1
2
2
1
4
303
272
202
279
182
157
1
3
1
3
3
2
2
3
5
2
2
2
1
4
2
5
3
5
1
2
2
3
0
5
7
6
3
3
1
1
3
3
5
4
3
1
2
8
2
5
1
3
1
3
1
3
4
7
8
10
271
229
332
250
280
256
12
1
9
1
1
1
3
6
1
2
1
2
4
0
1
2
3
1
2
5
2
1
2
10
1
2
3
2
2
3
2
5
6
3
4
1
3
1
2
2
2
2
11
2
2
0
6
2
4
237
195
264
164
332
169
3
5
9
1
4
12
4
3
1
2
2
1
0
2
1
1
0
3
7
2
0
1
4
1
2
4
3
3
3
6
4
8
1
4
3
2
3
5
1
3
1
2
10
3
4
8
3
10
92
98
64
150
77
86
8
2
3
1
2
1
2
3
4
3
2
3
1
1
5
2
1
4
8
1
3
0
2
2
3
1
2
1
1
1
1
3
7
6
4
1
1
0
2
1
2
1
3
3
1
1
2
99
103
66
118
88
106
14
8
3
4
3
4
5
2
0
4
1
1
6
4
1
2
4
2
0
1
2
3
3
10
6
2
4
3
2
4
3
9
6
9
1
5
2
3
2
5
2
4
1
2
2
3
125
76
86
74
105
78
9
3
4
12
8
3
1
4
2
1
5
1
1
3
3
3
3
2
2
2
2
2
3
1
4
2
1
2
1
11
6
15
8
2
1
2
6
2
7
3
8
2
2
1
3
112
108
116
115
112
109
4
7
16
17
5
1
4
4
1
6
3
3
2
1
2
9
1
2
3
4
3
1
3
4
2
1
4
3
6
3
7
5
2
2
4
7
1
2
3
4
0
2
4
4
51
91
116
117
77
103
6
3
4
2
4
2
0
2
3
3
6
0
2
3
4
0
2
2
3
1
2
2
2
3
2
7
2
1
4
2
2
4
2
1
5
1
1
1
2
1
4
4
6
149
82
186
99
161
89
17
3
2
1
2
1
1
1
3
1
1
2
1
3
1
1
2
1
1
3
1
4
3
2
3
1
3
1
3
2
2
4
5
2
1
3
3
2
1
2
3
8
133
118
92
102
104
84
11
2
1
1
3
1
2
1
2
1
2
1
3
3
4
3
3
1
1
1
3
1
3
6
1
2
5
1
6
3
3
8
4
1
1
2
3
1
3
1
3
121
114
98
105
98
97
1
1
1
3
0
2
2
2
1
2
1
2
0
3
1
2
3
1
1
2
1
2
2
5
3
7
6
8
2
5
2
7
1
1
2
2
0
1
3
2
91
109
125
102
124
101
5
4
10
2
3
1
6
3
6
2
14
2
2
2
4
2
2
2
4
6
4
3
2
11
3
4
5
2
3
5
2
10
3
1
6
3
2
5
2
175
201
127
199
102
103
6
4
1
1
2
4
2
7
2
8
1
2
4
4
4
21
2
2
7
3
2
2
5
6
3
2
7
3
1
2
1
2
3
6
1
1
7
2
183
187
208
151
189
186
25
1
1
2
3
1
5
9
6
1
4
1
1
1
5
4
2
3
2
1
3
6
4
10
3
1
2
1
4
2
3
1
13
1
4
3
1
222
268
139
265
167
170
0
4
4
4
3
4
10
3
2
2
3
5
1
4
9
5
0
3
4
1
6
9
4
2
1
5
4
4
3
2
3
7
2
2
3
2
75
137
158
71
92
177
1
4
2
0
4
1
2
3
1
4
6
1
2
1
1
6
2
3
2
1
0
1
1
3
1
0
1
4
3
0
2
2
1
1
6
211
261
214
164
223
164
12
6
3
1
2
2
1
6
3
10
1
3
1
2
1
3
2
5
6
4
1
6
10
3
1
1
1
3
1
2
4
5
2
5
91
209
227
97
100
226
6
1
4
0
2
3
15
3
3
2
4
6
7
4
2
3
10
1
2
1
9
4
3
2
3
2
3
3
3
5
4
6
4
150
156
152
112
178
127
2
2
2
4
1
2
2
12
2
2
3
4
1
4
9
4
4
1
3
4
3
1
1
5
3
4
2
4
1
2
2
5
171
104
148
121
159
226
6
2
6
1
6
1
3
1
1
1
1
2
3
5
0
4
2
3
3
1
2
1
2
2
7
0
1
6
6
5
1
130
122
129
151
180
187
12
23
3
11
5
4
4
8
10
7
3
4
8
2
6
3
7
4
1
3
2
4
2
3
2
4
2
2
2
6
118
119
153
112
119
129
13
1
3
9
3
2
6
4
2
1
2
4
1
7
7
5
3
3
3
5
3
16
4
4
4
6
2
6
4
104
100
82
89
81
92
2
9
4
6
1
13
5
10
2
5
1
4
2
6
3
3
0
10
3
5
13
9
4
9
2
5
3
9
121
175
156
96
139
136
0
6
5
2
0
1
1
2
3
2
6
0
0
1
4
5
2
2
3
0
1
1
1
28
1
5
1
100
137
174
111
119
158
2
11
4
2
4
2
4
6
6
9
4
4
1
12
2
3
1
3
3
2
0
6
3
3
1
2
107
130
136
142
120
196
6
9
3
4
1
5
4
18
8
9
2
3
3
3
1
1
3
4
8
6
1
9
2
4
12
126
167
97
118
90
87
4
3
3
2
6
10
3
7
9
1
1
3
6
6
1
5
2
3
3
5
5
2
6
6
48
75
91
48
41
83
5
7
5
4
3
4
6
3
3
2
2
3
3
2
2
5
5
3
3
2
4
3
5
131
100
157
105
135
95
11
2
3
2
21
9
2
4
1
3
4
1
0
1
6
17
16
4
5
4
4
1
18
95
79
27
48
91
17
8
2
11
3
6
1
4
2
2
1
4
1
1
12
21
6
4
1
2
1
74
54
10
76
25
17
6
4
4
3
5
3
6
7
2
3
3
2
1
6
11
4
1
6
2
7
128
135
158
94
106
147
4
11
5
3
1
2
2
1
1
1
1
2
2
4
1
1
2
3
9
91
89
88
134
100
108
14
4
2
2
0
9
6
3
1
3
8
13
6
2
8
7
3
6
88
126
113
91
100
123
8
3
2
1
6
1
3
1
3
7
11
4
2
2
4
3
6
76
119
117
84
55
91
2
5
2
4
5
1
3
5
3
1
2
3
4
3
5
11
93
120
79
83
80
54
3
5
7
2
2
1
5
5
4
13
13
2
1
6
4
89
102
91
99
96
91
6
10
1
3
4
4
5
2
5
6
1
2
2
2
111
86
69
68
60
114
21
3
3
6
10
1
3
2
2
2
1
1
4
92
100
74
71
84
42
3
12
4
8
2
6
5
6
3
9
3
11
90
168
119
84
98
113
4
3
3
0
2
1
2
3
5
11
3
85
75
86
79
77
163
8
4
1
1
4
2
1
3
11
6
99
116
181
90
90
92
8
0
3
0
2
1
4
2
4
98
109
63
90
41
91
2
7
2
3
2
2
7
3
214
218
211
337
314
350
7
3
1
6
3
1
1
145
254
246
148
146
299
7
9
4
3
3
4
282
275
329
310
319
322
9
4
3
1
3
249
126
258
157
239
151
2
3
2
6
171
247
168
143
322
145
6
2
2
83
100
140
251
77
84
8
8
126
118
112
206
146
184
3
292
347
249
353
307
301
