146
31
44
69
107
45
67
75
134
123
201
107
155
167
143
8
8
3
5
5
5
4
9
1
2
2
1
3
9
3
3
1
8
0
14
14
4
5
8
6
6
4
2
1
3
0
7
4
1
4
1
3
1
1
3
9
3
3
3
3
5
15
7
12
2
6
4
5
4
12
2
4
3
3
2
1
2
1
1
2
1
3
2
1
2
3
1
1
0
3
3
2
1
1
2
3
1
6
2
10
3
4
1
6
2
5
5
2
2
2
1
1
5
2
2
1
1
1
1
3
2
4
1
1
2
1
0
3
1
10
3
2
2
2
1
2
1
3
8
2
5
1
2
3
1
5
1
1
13
2
1
7
1
3
2
5
3
0
0
4
2
12
5
1
2
3
4
5
1
197
78
99
80
111
86
98
83
138
33
56
108
48
88
86
14
3
6
8
8
20
10
3
7
2
5
12
8
3
4
3
19
0
11
3
16
12
22
11
3
5
7
5
8
26
9
8
7
3
8
6
3
1
4
9
22
10
3
1
9
18
0
16
3
14
5
5
19
19
4
4
7
6
10
5
4
4
5
2
4
7
1
8
7
4
3
2
3
19
6
4
12
6
2
6
3
4
18
9
12
3
6
5
7
4
1
9
5
5
6
7
3
16
8
3
3
4
3
6
8
4
3
5
5
1
1
3
2
10
11
6
6
3
4
17
4
5
4
2
6
5
3
10
5
5
5
5
7
4
9
4
8
8
2
7
15
3
6
6
3
4
3
3
14
8
1
6
3
80
66
46
87
58
86
102
104
78
92
78
56
87
72
100
6
8
16
7
16
12
2
7
10
8
3
13
4
5
3
16
0
6
9
15
9
19
16
14
4
4
7
13
9
4
8
3
5
2
7
4
3
4
16
18
17
8
3
3
14
0
16
21
14
3
5
13
11
6
2
15
7
12
5
4
2
4
5
5
6
16
5
3
6
6
4
9
4
5
5
4
3
7
3
5
8
15
9
28
4
5
7
3
9
4
7
2
6
3
12
3
8
5
2
5
1
5
6
4
5
2
3
6
1
4
3
2
13
23
11
5
2
7
6
4
8
4
6
9
5
6
4
8
11
3
6
6
9
7
5
4
3
11
11
5
4
2
3
6
3
7
5
5
4
5
2
2
6
111
181
153
7
12
9
32
160
122
116
78
173
40
75
6
12
5
12
16
10
4
8
3
6
2
9
1
6
8
9
6
12
0
22
8
6
3
5
3
2
4
5
3
2
3
2
2
5
2
1
5
8
4
9
9
10
8
13
0
9
5
8
3
3
4
6
16
5
4
1
3
2
3
1
2
1
0
3
0
1
2
5
3
2
6
1
1
1
5
6
4
1
2
4
3
1
3
1
2
12
2
6
1
2
0
1
6
3
1
1
2
1
1
2
2
1
1
0
1
2
2
0
1
2
1
4
2
1
1
8
5
5
1
3
2
1
1
3
2
1
2
4
0
4
2
1
3
3
3
1
1
2
6
1
2
1
5
1
1
1
1
6
5
4
1
46
75
68
6
29
85
80
55
74
84
37
81
23
57
77
30
3
11
8
4
6
10
2
2
5
1
7
5
6
7
19
8
12
6
3
11
4
7
11
4
2
9
13
11
5
4
3
2
4
7
6
6
6
3
19
11
12
9
0
7
8
8
6
1
4
4
6
3
6
4
2
2
3
2
10
6
2
1
8
2
4
5
3
3
3
1
2
2
1
5
5
4
2
5
2
5
4
3
3
3
4
2
4
3
2
1
4
6
3
1
1
2
2
8
5
2
2
5
2
2
5
3
4
1
5
6
7
2
7
4
5
10
3
4
3
3
5
3
9
2
4
3
1
1
3
1
5
7
3
13
4
4
3
2
4
4
6
3
1
6
1
2
8
6
2
39
39
21
22
21
37
19
12
61
40
19
29
20
16
11
31
7
6
8
7
14
6
4
13
11
5
8
19
0
17
15
15
18
6
5
7
14
3
5
8
0
12
18
9
4
8
5
3
6
2
15
11
6
11
14
11
8
0
19
19
23
11
9
11
14
15
12
18
4
10
2
2
4
6
5
3
3
8
3
5
16
5
2
4
8
5
2
7
3
9
2
2
3
7
5
9
3
5
11
6
6
2
2
3
3
13
5
8
5
4
5
2
2
2
3
4
3
5
4
3
3
3
3
2
9
13
1
9
6
8
18
10
3
4
5
12
9
8
4
3
12
9
6
6
5
6
4
5
9
9
3
8
7
5
1
5
2
7
5
8
5
7
6
4
67
108
286
81
197
111
53
135
56
107
112
94
72
230
75
12
12
3
6
5
3
1
6
2
3
3
9
0
8
9
9
5
19
5
2
3
6
3
12
9
3
5
5
5
4
5
1
2
2
17
4
4
6
9
5
7
0
13
6
6
10
4
6
4
1
8
6
7
4
2
3
1
1
5
4
2
1
2
8
5
2
1
2
4
1
1
3
4
1
1
2
5
4
2
6
3
3
3
9
2
11
1
1
1
3
5
5
6
4
1
1
1
2
6
4
2
1
5
5
2
2
1
1
5
7
4
4
3
2
8
3
5
2
6
4
4
5
3
4
4
1
4
2
2
11
7
2
6
1
3
9
2
2
2
2
4
7
3
5
4
4
4
7
103
83
107
83
117
83
106
74
90
94
96
75
90
100
63
20
7
4
9
9
5
16
8
3
8
12
0
0
8
0
13
15
11
7
7
8
6
10
10
7
12
6
7
7
7
8
9
4
12
5
9
7
7
6
23
0
17
6
13
11
7
15
10
4
5
5
9
6
4
7
5
1
3
3
6
9
6
5
6
5
4
4
1
3
4
9
2
5
1
2
8
13
5
8
5
3
5
7
10
10
10
6
2
8
11
7
8
4
3
7
2
5
8
2
7
7
3
5
2
3
3
4
12
8
11
10
3
3
4
15
5
4
4
12
2
11
3
4
7
4
5
5
4
9
10
8
3
6
7
7
4
2
4
3
2
2
5
4
4
3
9
6
84
90
122
106
89
75
80
96
90
66
79
77
120
108
127
6
5
4
6
6
7
9
8
6
15
0
0
5
16
10
15
8
9
2
6
2
13
13
1
10
11
1
4
7
1
5
10
11
6
14
4
6
5
5
21
12
3
7
13
3
10
18
12
5
16
1
8
8
3
4
5
1
7
5
4
6
12
3
5
5
2
4
4
3
6
9
3
8
9
7
5
5
11
7
5
1
1
6
3
8
4
2
8
4
8
9
4
2
3
7
3
6
7
3
8
2
4
4
3
4
3
5
5
5
11
2
11
5
2
2
5
2
3
5
3
9
8
3
4
8
4
6
10
5
6
6
4
6
11
1
2
3
4
2
10
2
8
8
2
5
7
167
226
260
207
330
159
168
135
180
225
218
232
189
287
213
5
3
1
1
2
5
2
4
3
0
0
8
7
6
5
1
3
5
2
1
1
0
2
3
2
1
2
4
1
1
0
6
2
2
3
4
6
8
0
2
5
2
3
3
5
3
4
3
2
1
1
1
1
1
4
1
0
2
0
0
3
5
2
1
2
1
2
0
0
1
1
1
6
1
2
3
2
2
1
3
1
1
1
0
0
2
3
0
1
2
1
1
0
3
1
0
1
0
1
0
0
1
1
1
0
2
1
1
1
5
3
5
4
2
2
1
1
6
1
1
4
1
1
2
1
5
5
5
1
3
2
1
2
3
0
1
3
2
2
1
1
1
1
2
1
77
62
36
26
30
86
48
28
39
88
11
61
7
53
19
12
5
1
3
3
20
2
7
0
3
4
11
15
12
2
3
2
4
3
6
2
4
14
11
2
7
2
2
9
6
4
2
3
6
10
16
5
10
4
7
10
5
1
8
1
3
16
6
1
7
2
3
5
4
5
5
4
1
4
7
8
3
2
2
3
4
1
2
1
1
6
7
2
4
3
2
4
4
2
8
2
5
1
1
3
5
2
1
6
7
4
4
1
4
4
2
4
9
1
2
5
4
2
5
1
3
3
8
5
11
10
5
1
6
1
6
1
5
2
5
8
2
3
2
2
9
4
7
1
1
9
4
2
4
4
3
4
4
1
7
1
6
3
5
12
75
8
74
14
54
84
67
95
10
66
29
63
63
74
1
6
6
5
4
6
5
0
11
4
0
10
6
4
3
4
6
3
7
0
3
3
7
3
6
2
2
2
3
6
4
3
2
7
7
3
0
3
2
2
4
1
6
4
2
3
6
3
1
2
3
3
3
1
2
2
1
1
4
6
2
3
2
1
3
1
3
3
4
3
1
4
3
3
4
5
2
6
2
1
1
0
10
3
4
3
12
2
3
3
6
3
3
2
1
2
3
3
4
2
1
2
3
3
1
2
2
3
7
9
12
3
2
2
5
2
2
3
1
4
2
1
3
1
1
7
2
4
2
2
3
1
2
3
3
1
3
4
2
1
4
3
3
158
137
159
141
209
128
192
156
221
117
178
145
143
215
167
4
5
0
1
1
4
0
7
2
0
3
4
3
2
3
1
2
4
3
2
2
4
2
16
3
0
4
2
8
4
2
3
2
3
3
13
5
1
6
6
10
6
3
1
2
2
1
8
2
9
1
1
2
2
10
1
2
6
1
1
1
1
4
2
14
4
2
3
2
1
4
6
7
5
1
0
0
3
2
1
1
1
1
2
1
3
2
3
8
1
0
0
3
1
5
1
1
2
0
3
1
0
4
4
5
3
3
5
2
2
2
5
3
3
1
1
2
3
5
3
1
3
2
5
3
1
8
2
4
4
1
1
0
3
2
2
7
1
0
1
2
1
81
105
147
54
133
105
102
86
77
108
87
126
97
166
33
33
2
5
2
5
6
8
2
9
3
6
10
12
1
8
5
7
6
3
4
2
1
16
6
1
2
2
4
8
4
2
1
4
6
0
21
5
8
5
1
6
3
1
4
7
1
4
6
4
0
2
1
2
3
7
6
3
5
3
2
3
2
13
1
2
2
10
6
2
2
9
2
3
0
3
4
1
2
2
1
3
1
2
2
5
4
14
4
5
2
1
1
3
2
6
3
10
3
1
1
2
4
11
6
3
1
2
8
9
2
7
3
2
1
2
0
6
2
10
3
4
1
2
4
3
6
4
1
4
2
2
1
3
10
8
4
9
2
5
1
4
39
13
33
7
83
27
15
22
77
26
67
22
14
79
23
10
6
7
8
0
0
3
6
10
16
12
5
4
20
6
9
9
3
10
4
4
7
3
2
3
2
11
7
9
2
7
6
5
0
20
6
4
8
2
14
16
1
5
7
7
4
2
17
2
3
3
5
5
3
7
6
4
2
2
2
3
8
5
2
2
4
2
5
5
7
3
4
3
4
8
3
3
0
3
2
1
8
7
1
4
2
3
4
3
2
4
10
10
7
7
7
2
2
7
3
8
5
2
3
3
7
5
7
2
1
2
2
1
1
2
4
6
3
9
5
3
3
8
8
5
2
3
10
3
3
5
3
4
4
6
11
2
2
3
7
251
100
243
180
179
103
252
210
161
132
93
83
181
158
137
11
9
1
0
2
3
7
19
2
8
3
16
2
2
3
4
2
7
4
2
4
1
11
2
1
8
0
2
6
12
3
11
0
10
3
12
6
5
2
3
5
2
5
1
1
1
2
8
2
8
2
3
0
2
1
4
1
3
1
1
8
2
1
17
6
2
1
5
2
2
2
2
12
2
4
1
3
0
0
11
1
2
1
2
3
3
0
1
1
1
2
2
3
1
1
2
5
1
0
3
1
0
1
3
16
2
2
0
1
3
1
1
3
1
4
5
1
2
2
3
5
3
4
2
2
1
5
4
1
1
1
2
2
3
1
1
1
2
5
262
202
249
298
203
234
276
271
254
215
193
263
256
224
206
1
3
4
10
7
7
10
4
6
1
9
5
11
1
7
2
9
16
2
7
1
1
11
8
3
2
4
3
4
7
7
0
6
5
5
6
2
6
4
2
6
6
1
4
2
3
5
2
5
15
4
2
3
5
2
7
3
3
2
2
4
2
3
10
23
3
2
3
3
1
2
3
5
2
0
3
1
5
2
3
3
0
6
5
4
2
3
3
1
11
1
6
4
1
3
10
2
2
5
2
1
1
6
4
6
11
2
3
3
1
1
3
4
1
2
0
2
15
8
13
12
2
3
2
10
4
0
1
3
3
3
1
1
3
4
5
4
6
15
53
22
74
115
44
6
79
31
29
71
14
9
24
83
2
0
13
3
7
3
6
4
5
3
2
3
1
0
4
7
4
1
4
1
1
1
2
5
4
5
7
3
4
5
0
9
9
2
3
1
2
9
4
5
3
2
1
2
2
2
3
5
2
1
4
3
6
2
1
3
5
2
1
1
1
5
2
3
1
1
2
2
3
2
3
4
3
2
2
1
1
4
3
7
6
4
5
2
2
3
3
1
0
2
2
2
2
5
2
2
1
2
3
2
1
2
4
5
10
1
2
0
3
6
4
4
2
3
2
3
4
1
4
2
3
3
7
4
5
4
1
3
3
1
1
3
2
7
3
7
1
93
192
195
225
231
125
116
102
101
235
219
215
209
181
270
27
14
9
16
9
21
6
6
4
6
2
9
8
9
8
3
4
3
3
4
2
3
17
12
6
7
12
4
31
0
40
9
12
28
11
9
20
5
4
11
9
10
2
3
4
9
1
3
4
5
5
6
4
2
1
3
6
8
3
6
2
7
3
5
5
8
3
5
6
6
6
4
9
4
5
5
3
8
5
0
8
2
2
3
1
2
6
1
6
3
6
6
1
2
2
1
8
9
3
3
2
8
8
9
6
7
2
8
6
1
3
10
18
4
1
8
3
3
4
3
8
8
2
3
1
3
3
4
15
4
4
8
3
5
3
3
0
0
0
97
0
0
0
0
0
0
0
0
0
0
0
0
8
0
0
0
0
0
3
7
0
0
0
0
9
3
0
0
0
0
3
2
0
0
0
0
19
5
0
0
0
0
24
18
0
0
0
0
8
11
0
0
0
0
3
2
0
0
0
0
2
10
0
0
0
0
16
6
0
0
0
0
3
3
0
0
0
0
5
10
0
0
0
0
2
3
0
0
0
0
10
2
0
0
0
0
9
5
0
0
0
0
1
1
0
0
0
0
2
8
0
0
0
0
14
6
0
0
0
0
5
5
0
0
0
0
4
6
0
0
0
0
6
6
0
0
0
0
12
4
0
0
0
0
7
6
67
0
115
94
106
0
31
34
25
0
0
0
109
117
129
15
0
15
0
22
13
5
13
3
0
14
7
6
11
6
0
11
6
5
3
17
0
13
8
12
7
31
0
24
13
12
15
8
0
17
13
3
16
7
0
3
8
2
9
3
0
5
9
3
13
14
0
3
10
1
4
6
0
11
6
6
3
3
0
4
8
3
9
4
0
7
10
2
6
8
0
3
2
4
6
4
0
4
4
4
4
2
0
8
6
1
4
8
0
12
10
6
6
7
0
11
13
2
8
4
0
12
12
7
8
12
0
14
12
4
9
3
0
7
9
7
4
5
0
7
4
3
7
5
0
5
6
4
6
173
131
37
251
171
98
68
146
129
49
146
228
42
39
172
17
10
9
8
13
15
2
3
10
11
8
9
5
3
7
1
3
2
5
13
16
7
13
17
6
12
0
17
29
11
23
2
6
13
18
10
6
1
7
1
4
9
7
1
5
3
6
2
15
4
13
1
5
5
7
0
3
1
5
6
1
7
4
4
6
8
9
5
6
6
5
0
8
2
5
11
6
2
2
1
1
2
3
6
2
2
1
3
3
1
1
0
0
6
9
1
4
3
16
8
11
2
3
1
3
4
14
9
3
5
1
3
5
2
8
4
4
2
4
3
4
1
2
1
9
4
9
3
5
11
8
7
4
91
78
0
0
144
75
0
0
136
0
0
103
0
0
0
25
17
0
6
22
0
6
9
0
10
15
0
8
3
0
2
7
0
16
15
0
15
25
0
13
0
0
22
20
0
7
8
0
8
7
0
4
11
0
4
6
0
5
4
0
9
10
0
8
5
0
5
4
0
2
3
0
6
6
0
9
10
0
9
13
0
11
5
0
4
7
0
6
8
0
1
9
0
3
3
0
6
3
0
4
5
0
5
3
0
2
2
0
4
7
0
6
11
0
5
5
0
3
4
0
4
9
0
9
3
0
7
9
0
14
7
0
2
5
0
6
4
0
4
8
0
5
4
0
5
13
0
84
78
34
87
122
58
120
72
133
36
43
77
39
93
76
13
9
3
24
8
6
8
12
8
10
6
2
8
3
1
11
4
12
7
7
6
17
14
16
0
16
13
25
31
2
16
8
12
10
12
2
7
1
2
8
10
1
2
5
1
13
12
4
14
2
4
11
2
1
3
3
2
11
5
4
11
3
2
8
18
6
6
4
1
7
4
1
4
2
0
6
4
1
5
7
3
6
3
0
6
2
2
1
3
1
2
4
2
9
8
2
6
5
4
7
3
1
7
5
3
8
2
4
5
4
5
7
7
9
4
6
1
10
15
0
1
1
7
15
4
1
5
4
8
8
5
75
60
84
92
117
19
99
86
71
27
56
67
124
80
96
17
9
6
5
10
17
7
5
9
7
6
6
5
8
5
6
29
22
12
7
3
11
29
14
22
17
10
13
14
12
15
5
14
12
9
14
9
6
2
4
8
8
10
11
5
7
4
4
2
5
7
4
6
8
2
5
1
5
14
6
8
9
3
10
12
6
9
15
20
10
4
6
4
9
20
5
3
6
1
5
5
4
9
3
2
9
2
3
4
4
11
7
8
7
10
8
4
8
8
13
8
20
6
15
5
7
8
6
2
12
5
9
16
6
11
7
6
19
5
5
2
9
6
7
5
10
7
11
5
5
61
69
46
48
230
122
14
138
56
21
92
72
29
59
55
10
3
13
6
11
12
4
10
10
3
6
14
4
5
5
12
12
5
3
6
20
15
18
15
4
13
11
13
7
11
3
2
16
4
8
6
4
3
9
3
7
4
4
6
7
5
3
4
5
5
18
11
13
3
8
7
5
7
5
3
6
4
12
5
4
2
3
9
8
3
7
5
5
6
12
6
4
1
2
7
6
12
2
4
4
2
5
7
1
18
6
7
6
4
10
4
5
3
7
11
7
1
5
5
6
12
3
14
9
3
12
11
4
3
3
12
15
7
5
4
12
1
12
19
5
3
2
5
6
37
101
24
78
75
43
62
77
19
52
74
67
66
92
90
2
5
4
3
6
1
13
2
2
8
4
1
4
3
4
6
5
4
7
10
4
17
6
4
14
12
2
3
5
2
6
4
3
3
2
2
3
5
3
2
4
3
7
9
1
2
2
3
5
5
1
5
1
6
6
4
3
1
3
5
4
3
3
3
2
1
2
1
1
2
2
4
6
4
3
3
1
2
5
5
3
3
6
6
2
4
1
2
8
4
5
4
2
4
4
3
3
7
3
4
1
4
4
8
14
4
3
2
3
5
5
4
3
3
7
14
0
2
2
5
2
5
2
4
2
6
3
3
274
157
126
78
181
177
143
79
202
198
65
183
48
173
79
5
3
4
0
5
4
2
8
2
6
3
2
2
6
2
3
8
14
3
4
0
12
3
7
7
2
4
5
4
3
5
2
3
2
1
5
2
2
7
2
0
0
1
2
1
2
2
1
1
1
1
3
2
1
1
4
2
2
3
1
7
5
10
3
2
3
1
3
1
2
2
1
1
3
1
3
2
1
2
0
2
1
1
2
1
2
0
3
1
2
2
2
5
12
2
0
1
3
8
5
2
4
2
5
1
3
3
7
8
7
3
9
1
5
3
1
1
1
1
3
1
2
1
3
1
2
1
60
34
39
33
73
74
85
51
103
42
22
52
70
174
77
23
3
4
5
6
4
1
1
2
3
5
6
5
6
3
8
8
4
5
0
5
2
8
13
4
3
1
3
5
5
2
3
2
4
3
5
3
8
2
7
3
7
3
7
4
6
1
4
1
1
10
7
6
6
2
4
3
7
2
8
4
1
1
4
1
4
5
2
2
1
3
3
2
1
1
7
4
13
3
3
1
2
4
3
2
2
4
4
3
3
1
3
7
4
1
3
1
4
2
8
10
5
3
4
6
6
4
9
11
6
1
2
4
3
2
1
2
4
4
10
3
2
9
8
2
8
80
62
80
107
88
93
105
99
98
176
82
61
87
79
89
1
3
7
7
3
1
1
2
2
6
4
5
3
2
2
6
8
4
0
7
4
8
7
2
2
2
1
5
7
1
3
4
2
5
3
8
4
7
5
5
4
3
15
15
4
6
6
5
1
16
11
6
6
2
2
1
4
1
9
3
2
1
4
1
2
2
2
7
1
2
1
3
2
1
13
7
4
2
3
3
4
3
4
7
2
3
1
2
4
1
9
7
4
0
3
3
11
2
3
2
3
3
2
1
1
2
5
9
4
7
3
5
7
2
2
2
6
2
11
8
3
6
6
2
3
97
23
44
89
84
81
73
117
91
60
76
94
82
78
101
5
7
5
3
13
6
4
3
4
4
9
5
4
7
5
8
6
0
12
7
7
8
3
4
12
4
3
6
4
7
8
8
2
4
1
5
5
4
2
5
3
2
2
3
3
7
3
6
2
5
2
2
1
7
5
11
1
5
3
1
3
6
3
5
3
3
3
13
10
5
2
2
4
2
2
2
2
4
4
3
2
2
4
4
9
10
8
8
3
4
11
4
5
10
3
9
0
3
2
3
4
4
7
8
1
7
2
2
8
8
3
13
2
2
4
5
5
6
3
5
4
2
2
2
27
0
33
24
15
0
93
99
61
0
0
0
110
65
81
10
13
3
2
3
0
6
5
1
15
8
0
6
11
3
16
0
0
7
10
5
12
8
0
5
11
10
7
4
0
4
3
2
3
3
0
6
9
2
7
4
0
6
4
3
2
4
0
10
17
1
5
5
0
6
7
3
5
2
0
3
9
5
4
4
0
2
6
2
4
2
0
9
4
2
6
6
0
7
3
1
7
2
0
8
9
3
6
2
0
7
3
3
7
3
0
2
6
8
8
2
0
6
7
5
8
2
0
5
12
6
4
2
0
9
5
3
4
7
0
4
8
2
121
160
54
99
157
174
76
153
175
90
177
218
68
87
171
8
8
2
3
1
1
1
1
8
5
2
5
2
8
7
0
6
8
6
2
5
7
5
2
2
4
2
13
1
3
1
4
5
2
1
1
3
1
5
6
1
4
2
5
1
2
2
4
2
1
4
4
2
1
2
4
2
2
2
4
2
1
1
8
4
2
4
3
3
2
3
5
4
2
1
4
1
2
1
2
1
1
4
1
4
2
3
7
5
3
3
1
2
4
2
4
4
3
4
2
3
1
3
2
5
4
2
2
2
2
3
7
1
6
2
2
1
2
2
2
6
1
83
75
86
93
78
99
92
98
131
76
124
97
85
101
102
9
1
4
2
5
5
5
10
3
8
7
7
15
10
0
5
7
6
6
3
6
6
2
4
7
2
5
2
3
7
6
4
4
7
2
4
4
6
6
4
6
2
3
3
3
6
3
8
5
2
5
4
4
5
1
7
8
4
1
4
1
3
7
10
4
9
2
2
3
6
3
4
3
1
4
4
3
4
2
3
2
3
2
2
1
4
7
11
17
3
1
9
1
3
2
8
4
5
1
3
3
1
4
6
6
2
2
2
4
4
7
4
3
3
3
3
2
1
6
10
5
81
103
95
65
98
105
143
79
96
121
128
136
85
123
107
2
1
0
2
3
4
7
2
2
4
3
6
9
0
4
6
6
5
2
3
5
2
6
4
2
4
5
4
1
4
4
5
1
3
1
3
4
1
6
8
2
3
3
1
5
5
1
2
3
3
1
2
1
0
1
1
4
3
1
2
3
2
3
5
1
2
3
2
3
5
2
3
2
3
3
4
1
7
5
1
2
5
2
2
2
2
10
7
1
2
2
3
1
5
3
3
4
2
3
7
0
2
2
2
2
9
3
6
2
3
5
7
0
1
4
2
3
4
4
13
207
200
274
296
165
207
194
186
178
213
177
153
253
166
154
1
3
1
1
2
4
3
2
3
3
7
2
0
8
5
2
6
9
1
3
3
3
3
3
1
1
3
1
2
1
4
5
1
1
2
1
0
1
2
1
3
1
3
1
1
1
6
2
5
6
2
1
1
0
2
1
1
2
1
1
1
1
1
5
2
0
1
1
2
1
1
2
1
2
2
1
1
0
0
6
2
1
3
0
1
2
3
2
5
2
3
0
1
1
1
2
1
1
3
1
3
0
0
3
0
4
2
0
0
2
11
1
6
1
1
0
1
5
1
148
130
132
185
177
104
121
245
157
158
118
157
125
152
181
1
1
3
2
4
3
5
2
2
4
5
6
4
3
6
8
5
5
2
5
2
4
4
2
2
5
6
4
4
6
1
2
2
1
4
2
3
2
10
4
5
9
3
4
9
3
1
6
7
3
4
5
3
3
1
3
2
1
7
5
2
7
8
1
5
3
2
3
5
5
2
2
2
2
2
2
7
2
2
3
11
2
2
3
1
4
4
1
2
4
0
2
3
2
5
6
4
2
3
2
8
2
4
1
7
2
1
2
1
2
3
2
5
3
1
1
3
2
213
150
137
124
224
114
129
97
165
157
140
134
134
137
111
1
1
3
3
3
3
1
2
3
4
7
6
3
3
3
3
6
4
1
3
5
4
4
6
2
1
1
1
1
1
2
3
3
2
3
1
1
1
3
2
3
5
1
2
1
3
3
4
5
1
4
2
3
1
2
2
4
0
3
1
9
3
1
1
4
1
1
6
1
3
1
1
1
0
1
1
0
9
9
3
2
1
2
3
2
2
8
2
1
3
4
2
3
1
2
2
2
1
3
1
5
3
5
2
3
1
1
1
2
1
5
3
2
1
1
1
2
206
200
190
276
248
204
236
198
232
276
206
215
197
238
218
1
2
2
1
1
2
4
0
3
0
7
1
1
5
3
2
5
1
2
3
1
1
1
2
4
1
1
7
1
1
1
1
1
1
1
1
2
1
3
2
1
2
2
2
2
2
3
3
1
19
4
1
1
3
1
0
2
0
2
1
4
0
2
2
3
2
2
2
1
3
2
1
0
4
1
1
3
1
2
1
1
2
3
4
0
1
3
2
1
2
1
2
3
2
1
2
0
2
3
1
1
1
2
1
1
1
1
1
1
1
2
5
1
2
1
6
247
235
195
238
266
218
209
229
265
196
203
245
186
210
246
3
3
4
4
1
1
4
4
0
12
2
3
6
3
12
7
4
6
1
2
6
3
3
0
1
3
23
2
3
1
4
1
2
2
2
5
0
2
1
10
3
3
2
2
3
4
4
2
3
1
1
1
3
1
1
3
3
1
1
2
5
2
4
1
2
3
3
2
1
2
2
0
1
4
1
6
2
5
3
3
6
4
3
0
2
2
1
0
1
0
3
4
3
2
6
3
3
5
5
2
4
1
3
12
2
1
4
0
2
2
12
2
1
2
4
130
334
205
271
206
124
143
133
123
201
238
194
182
163
250
3
1
2
5
2
6
4
0
3
2
2
6
3
3
2
1
3
4
2
1
4
2
2
1
3
4
2
8
1
2
4
4
2
2
3
3
1
2
9
13
15
2
3
2
5
2
1
2
1
11
1
1
0
0
1
1
3
4
0
2
1
2
1
4
2
8
1
2
2
3
3
7
1
5
1
0
2
1
1
4
8
3
0
1
1
3
0
1
3
1
4
1
2
2
1
3
4
4
1
3
2
3
1
1
2
2
0
2
2
5
2
3
2
4
36
82
98
79
85
80
30
31
73
57
70
97
64
78
112
11
11
6
8
11
21
18
22
11
25
16
7
8
9
11
10
10
9
10
4
7
11
5
3
2
8
3
4
7
3
3
2
3
5
2
1
5
3
3
8
2
5
8
8
7
5
6
4
2
5
8
6
4
2
6
3
2
10
4
3
2
3
2
8
4
3
6
4
4
2
3
4
2
17
19
8
7
4
2
10
7
11
4
8
9
6
6
6
3
12
4
4
3
9
6
8
5
11
8
8
13
2
1
5
11
8
6
3
3
2
4
11
5
96
102
57
75
78
118
38
97
89
79
126
114
8
17
229
13
6
10
5
13
0
19
6
11
4
11
14
8
6
1
4
2
9
3
4
1
2
1
3
3
6
4
5
2
6
3
2
2
2
3
3
7
3
3
3
3
10
3
7
2
6
1
4
3
2
6
3
1
2
10
7
6
2
3
2
2
6
3
2
8
2
7
3
2
1
2
1
11
7
3
3
2
4
5
5
7
2
7
6
4
3
3
3
7
1
3
7
2
1
2
3
6
8
2
7
2
3
3
12
2
2
5
3
1
4
3
5
178
161
107
96
144
159
131
111
140
113
100
136
164
185
133
2
4
1
12
0
9
1
4
5
5
8
7
2
3
3
8
6
3
1
1
1
1
5
3
3
4
3
3
2
1
2
2
5
4
3
3
3
3
2
5
6
3
3
3
5
3
2
4
3
7
2
1
2
3
1
8
10
2
2
1
1
5
2
3
6
3
4
1
3
2
3
9
7
13
5
4
2
5
3
4
4
11
10
2
5
3
1
4
6
7
4
2
7
3
2
2
3
4
12
2
1
4
2
3
5
9
8
2
4
1
4
95
148
169
140
110
121
145
136
153
164
169
124
191
141
144
14
10
23
14
11
8
9
11
3
3
9
4
3
6
1
5
3
2
4
10
1
1
7
2
1
5
13
2
2
1
2
6
0
1
2
1
2
6
9
2
1
1
7
2
8
6
4
4
2
1
1
6
1
1
1
3
3
1
3
1
4
3
2
2
2
2
1
3
0
1
5
1
2
3
10
7
6
3
2
2
4
3
5
3
2
1
6
3
2
1
1
10
1
3
1
0
3
6
1
2
2
0
4
4
3
2
5
6
2
2
153
84
91
83
94
118
159
83
132
99
73
96
70
192
77
13
8
0
9
8
16
9
1
9
9
4
5
4
0
7
5
1
6
11
7
5
4
1
5
5
3
3
3
4
4
4
1
2
7
6
6
1
2
4
5
2
11
1
2
8
2
3
2
2
11
7
8
5
5
2
2
2
4
3
4
2
1
6
6
3
4
1
2
5
9
2
6
8
2
9
19
4
5
2
1
9
9
1
6
2
1
1
3
2
5
4
5
2
5
2
11
3
2
5
5
1
3
2
2
3
9
7
5
4
142
38
123
108
129
4
117
83
131
85
75
13
98
145
96
9
7
17
8
3
6
2
6
9
4
13
9
2
4
2
2
3
4
8
3
7
2
5
5
5
1
3
5
3
2
1
2
2
2
1
3
4
2
1
4
5
3
5
3
3
2
1
3
5
2
4
8
2
3
1
2
6
5
3
1
5
1
3
3
2
0
2
2
8
4
2
1
6
6
22
11
3
3
4
8
1
7
1
4
5
5
5
5
5
2
8
3
3
2
2
3
1
2
4
2
2
2
4
3
3
3
4
4
70
57
62
84
67
98
76
172
114
40
122
94
96
90
150
0
21
15
15
26
12
7
17
15
10
16
4
12
2
2
2
8
1
2
1
2
5
15
5
2
3
3
8
7
3
4
2
3
3
2
9
6
5
4
7
9
13
1
6
5
2
1
5
9
5
5
1
5
2
5
1
2
5
2
3
2
3
3
0
3
3
2
12
7
5
4
4
4
5
11
11
11
5
3
7
4
3
6
24
4
4
5
4
5
7
5
3
1
3
10
2
2
1
2
5
5
4
2
8
3
6
4
0
0
0
0
0
0
0
0
0
0
104
0
0
0
0
27
0
0
0
7
0
15
0
0
0
7
0
7
0
0
0
5
0
16
0
0
0
6
0
4
0
0
0
13
0
6
0
0
0
7
0
13
0
0
0
7
0
9
0
0
0
3
0
6
0
0
0
7
0
5
0
0
0
4
0
10
0
0
0
5
0
21
0
0
0
3
0
7
0
0
0
7
0
12
0
0
0
12
0
11
0
0
0
6
0
8
0
0
0
1
0
4
0
0
0
6
0
6
0
0
0
122
104
96
141
88
138
137
133
115
119
119
94
109
114
93
13
32
21
9
12
10
6
11
13
14
14
12
4
5
4
4
7
16
6
7
5
8
3
1
4
9
5
8
5
11
28
5
2
11
8
10
9
8
19
8
5
10
5
6
3
7
3
9
3
10
5
12
4
6
8
8
4
7
1
5
6
2
5
4
1
10
13
11
9
9
5
5
4
9
4
7
9
5
6
6
9
15
15
10
16
7
7
12
5
10
6
3
9
2
3
6
8
16
10
11
9
7
5
6
3
125
119
131
75
71
166
163
86
74
234
99
77
101
84
44
8
17
4
3
7
10
4
9
2
8
3
2
4
4
2
1
7
2
3
4
4
3
1
1
4
4
1
3
6
1
1
3
2
2
4
3
9
2
8
2
11
1
2
1
2
3
7
0
1
2
3
2
6
2
2
3
1
2
3
1
3
1
1
1
5
1
4
1
6
7
7
6
6
3
2
2
1
1
4
6
8
2
2
4
1
5
3
7
2
1
5
8
1
2
3
3
2
5
3
1
4
7
7
2
94
90
109
84
83
77
140
124
159
84
91
79
162
114
93
20
6
5
13
5
4
15
8
8
2
7
3
11
3
4
4
6
0
6
4
2
1
5
1
5
1
4
6
3
2
3
5
2
2
4
3
5
13
2
5
7
1
3
3
8
3
1
1
6
5
5
2
5
2
4
8
5
3
3
1
3
2
1
8
5
1
5
9
3
4
10
4
11
3
3
3
8
3
8
8
2
7
9
6
8
9
12
1
3
3
13
3
0
2
3
4
13
6
5
3
6
1
4
40
121
122
99
93
85
80
105
97
201
132
169
126
137
90
16
12
13
8
7
15
2
7
2
3
2
8
2
11
9
8
3
12
7
6
3
3
1
3
3
6
8
6
2
6
9
5
4
5
2
6
10
5
8
17
1
1
3
7
6
7
6
4
3
3
3
5
4
3
3
2
2
2
1
2
4
4
7
7
2
3
4
9
10
7
5
7
5
10
3
6
7
5
14
3
13
7
6
9
16
9
4
5
2
10
3
6
4
5
8
3
14
5
5
9
2
7
178
50
225
250
160
48
177
184
188
40
33
85
236
175
175
5
5
1
3
5
4
7
9
5
1
1
2
2
6
2
2
3
2
3
1
1
4
2
0
6
1
1
4
1
1
11
2
2
1
5
1
2
2
7
2
2
1
1
3
3
7
4
1
1
1
1
4
3
1
2
1
3
0
1
1
0
6
7
8
3
2
4
11
1
2
3
5
4
0
8
2
1
13
1
1
3
2
3
1
3
4
3
3
4
4
3
2
2
4
3
1
7
3
2
3
1
69
39
70
82
77
93
82
63
80
83
66
79
120
139
99
13
7
3
4
6
5
3
3
2
3
2
4
8
4
3
5
5
2
3
3
9
5
2
4
3
7
3
3
5
7
3
6
1
4
5
4
4
6
6
1
1
7
3
3
3
1
2
2
5
2
6
3
3
2
7
6
1
2
8
3
12
6
5
3
4
5
8
3
1
4
4
7
2
3
1
5
8
3
6
3
5
4
13
2
2
4
3
9
2
2
3
7
2
5
2
5
7
4
3
5
28
12
10
25
29
25
22
26
30
213
37
135
38
114
74
6
5
7
12
5
2
4
1
6
2
3
6
4
7
8
14
1
3
4
3
3
4
2
1
4
3
7
8
4
2
4
2
6
2
3
5
1
3
4
2
2
6
0
3
5
3
4
5
1
1
4
3
2
2
2
1
4
5
0
8
20
2
4
4
4
8
7
4
5
7
10
4
7
4
3
14
4
2
3
4
7
11
6
4
1
3
13
3
0
5
5
11
8
3
4
1
4
1
6
156
200
186
178
91
158
130
165
81
258
248
128
239
123
103
2
3
1
2
2
0
3
13
4
1
5
2
1
3
4
2
1
1
2
2
0
1
1
2
1
1
3
1
1
3
5
4
3
2
7
2
7
2
3
3
1
0
3
3
2
2
2
1
2
1
1
1
1
2
1
2
1
0
1
1
4
2
10
1
2
8
6
4
1
1
4
1
3
6
3
3
1
1
2
3
2
3
1
2
6
3
4
1
3
4
1
2
2
1
3
2
3
2
31
19
6
2
8
73
117
14
85
34
7
9
6
156
4
4
3
2
1
1
1
6
4
6
2
2
3
8
10
3
1
1
1
2
1
1
2
2
2
1
4
4
2
8
2
2
2
1
1
2
3
0
2
4
3
2
4
4
1
3
3
2
6
7
4
2
2
3
4
3
3
1
1
1
3
2
1
2
14
7
1
4
2
1
3
4
3
4
5
6
2
4
2
1
4
1
3
4
5
3
1
2
2
9
1
3
3
3
1
7
6
5
102
176
94
88
106
84
96
82
53
61
85
100
47
75
42
6
1
4
1
3
3
1
11
3
3
3
4
2
2
4
3
3
2
1
2
5
6
2
7
3
4
3
8
5
5
2
1
7
6
3
4
2
3
3
1
3
3
4
1
2
3
2
7
2
2
3
2
2
2
1
1
17
3
2
3
3
2
4
8
3
6
3
2
3
1
5
11
8
1
2
3
12
6
5
9
7
1
3
10
1
1
5
1
5
9
2
1
5
3
6
9
399
284
341
294
345
305
3
4
4
1
1
0
9
1
2
1
2
1
1
1
2
1
1
1
2
1
2
2
2
6
4
3
3
1
2
2
3
2
4
7
5
1
2
4
1
6
3
1
3
0
1
3
2
2
2
1
5
0
1
1
1
7
4
1
2
1
1
3
2
2
1
3
5
0
0
1
1
3
4
1
2
1
1
2
2
4
4
2
4
1
1
3
1
7
2
1
2
0
1
2
2
247
148
237
176
229
152
4
5
1
4
1
2
8
3
2
1
4
1
4
1
1
4
2
2
1
2
3
2
4
2
4
3
2
6
2
2
4
5
2
1
1
4
1
1
6
4
1
3
1
1
4
2
5
2
2
2
1
1
2
1
12
4
1
10
6
4
2
7
8
5
2
8
3
4
2
1
9
2
10
7
4
3
7
3
4
4
8
9
2
4
3
4
6
5
3
3
4
2
3
2
235
249
196
195
201
175
3
0
2
1
8
1
4
1
3
3
2
3
0
2
3
6
2
3
2
2
1
6
3
3
2
2
2
1
3
2
1
3
15
3
2
2
1
2
2
2
3
1
3
3
3
4
2
4
6
1
0
2
2
2
5
6
6
0
3
4
3
2
2
7
14
1
2
1
1
1
4
1
3
2
3
5
4
5
9
5
3
2
1
3
4
1
1
3
4
0
2
2
0
281
234
283
208
229
262
1
2
1
7
3
2
3
2
3
1
1
1
4
4
1
3
1
9
1
0
3
6
7
3
1
2
3
1
4
3
0
2
1
3
1
2
2
6
2
5
2
3
1
2
7
6
1
3
0
1
2
4
2
1
1
5
1
2
2
2
1
4
3
9
2
1
0
2
2
6
5
3
0
1
1
1
3
3
3
2
1
1
1
4
14
3
4
5
0
2
3
2
309
327
310
355
372
369
7
1
8
3
1
1
2
3
1
1
2
5
2
0
0
6
5
2
1
1
1
3
2
1
3
2
3
1
1
2
3
3
2
1
2
0
2
2
1
2
1
1
1
1
0
1
1
3
2
1
1
2
1
1
0
3
2
12
2
1
1
1
0
10
1
8
3
4
1
3
1
0
5
5
2
1
1
1
3
0
1
2
1
5
3
2
1
3
2
3
2
282
248
371
203
313
244
7
2
2
3
1
4
3
2
0
2
1
2
1
0
3
1
1
2
2
5
3
1
2
1
10
2
6
7
1
2
4
2
2
1
6
1
1
1
3
2
1
1
1
1
1
1
4
1
1
1
3
4
0
5
6
5
6
2
3
3
5
1
6
3
1
2
3
2
2
1
1
5
4
1
1
1
1
1
6
2
1
2
1
1
2
1
4
2
2
1
222
275
226
248
269
255
1
3
1
2
4
1
2
10
2
0
2
1
0
3
3
4
0
4
1
4
1
3
1
10
3
1
1
2
1
7
1
6
11
2
2
2
1
3
4
2
2
4
3
1
1
4
3
3
1
2
2
3
4
3
6
7
3
1
1
2
3
3
2
5
2
1
1
2
2
1
5
5
3
1
3
2
5
6
7
7
2
1
1
2
1
2
7
11
2
155
221
174
203
275
247
1
3
2
1
1
4
1
5
6
4
1
1
9
2
10
6
2
1
4
4
2
13
2
9
3
2
2
3
1
1
5
1
3
3
2
3
1
3
5
7
2
2
3
4
2
6
2
1
7
1
7
3
1
2
1
3
0
0
2
3
1
3
5
1
2
5
10
6
4
4
3
11
3
2
2
2
0
2
2
5
13
3
2
2
3
1
2
17
88
75
80
106
151
101
6
2
6
4
3
1
1
2
4
0
2
2
3
1
2
2
3
5
2
1
2
6
1
2
2
3
1
1
2
3
3
4
3
1
3
1
4
3
1
1
2
2
3
1
2
1
1
9
3
2
3
0
4
5
3
2
4
2
5
1
1
1
3
4
5
1
2
5
6
2
4
3
4
2
4
1
1
1
2
4
5
3
5
1
3
2
4
126
120
115
96
84
115
15
9
3
2
4
3
6
5
7
7
5
3
4
2
2
13
0
2
1
4
1
1
2
2
2
8
0
2
2
2
2
3
9
3
3
2
2
4
4
11
6
3
1
1
4
1
3
5
4
3
2
2
3
5
1
7
2
5
1
1
7
4
5
5
7
13
1
3
4
4
3
5
3
10
2
3
2
3
9
3
7
7
2
2
4
1
109
83
91
112
92
96
11
1
5
4
3
5
5
10
9
1
3
3
7
3
1
1
6
1
5
2
2
0
1
5
1
0
5
3
7
6
3
5
6
1
2
6
8
4
5
14
26
2
2
6
2
3
1
3
3
1
5
5
4
2
2
3
5
1
3
3
1
3
3
5
4
1
3
2
2
2
6
3
9
1
3
3
3
3
4
12
11
0
2
3
4
110
194
109
120
87
116
6
4
4
12
5
6
9
5
2
3
3
16
3
5
2
8
2
6
4
2
2
1
4
4
3
7
6
3
3
5
4
7
1
6
12
8
1
8
8
7
1
2
6
2
3
5
2
1
6
5
6
5
1
1
4
10
3
3
3
2
3
7
8
6
3
6
1
2
10
5
6
11
4
3
5
5
2
7
7
6
3
4
4
5
80
58
107
147
129
111
4
7
1
1
2
1
2
5
1
2
2
2
1
2
2
3
4
3
3
2
2
3
1
6
2
5
2
2
2
2
2
2
4
4
1
2
2
2
1
2
2
1
1
4
1
2
1
2
3
5
5
1
1
5
1
4
3
9
2
3
1
4
2
4
3
2
3
1
2
5
2
2
0
3
3
1
2
2
2
5
8
5
2
120
105
98
147
112
144
10
7
0
1
9
3
10
7
4
3
2
1
1
2
1
2
1
1
1
2
2
0
1
2
2
2
2
1
2
3
1
4
5
5
1
3
1
2
1
3
5
7
3
4
1
3
1
10
3
1
1
3
4
2
0
21
9
5
1
5
3
2
1
8
3
5
1
2
2
6
4
4
1
2
3
1
3
2
3
7
0
6
140
181
178
127
127
160
6
1
3
6
2
2
2
3
12
1
2
0
5
1
2
1
2
1
1
1
1
3
1
2
4
2
2
1
2
2
2
1
5
1
9
3
7
3
3
4
5
2
3
1
2
1
4
1
2
1
2
2
5
3
1
3
2
0
1
1
4
2
4
4
7
1
2
5
5
6
11
1
8
1
3
2
2
1
9
4
5
104
125
101
103
92
156
6
9
2
3
2
5
4
3
1
4
2
3
4
3
1
2
0
2
1
0
3
4
2
10
2
1
1
2
2
3
2
4
1
3
3
2
3
3
3
3
2
2
4
2
1
1
2
2
0
2
1
5
1
2
2
8
3
1
2
3
2
6
4
7
2
1
2
8
5
3
7
15
1
2
2
3
1
3
3
2
96
93
61
183
150
205
4
1
6
2
1
2
0
1
17
2
3
0
2
6
0
0
1
1
1
1
2
4
0
2
3
1
1
1
2
6
3
3
0
4
2
1
1
2
0
4
5
2
3
0
2
2
4
0
8
5
3
0
1
4
2
3
4
3
3
1
2
4
1
17
3
5
3
1
1
5
2
3
2
4
2
1
3
4
1
211
155
191
190
239
217
3
3
1
16
4
4
2
3
4
4
2
3
3
1
3
3
1
0
0
4
1
1
1
6
4
7
1
3
3
12
2
6
3
2
1
1
3
2
2
4
4
6
1
2
4
2
2
2
3
4
1
8
4
2
4
18
14
3
2
1
3
3
4
1
10
4
1
1
2
2
9
22
18
5
6
2
1
3
165
169
166
151
187
159
7
1
11
6
3
1
7
1
3
0
1
1
2
0
1
2
4
1
1
1
4
1
3
4
10
1
2
1
11
1
11
14
2
0
1
2
7
2
4
5
9
0
1
2
1
0
2
1
6
0
0
1
2
2
19
2
8
0
0
3
2
9
5
2
7
1
2
1
2
6
9
22
3
0
0
1
4
88
169
135
102
89
142
2
3
13
13
5
3
3
5
2
1
2
2
2
1
3
6
0
2
4
6
6
6
2
6
1
2
2
2
2
6
6
20
2
2
2
5
4
7
6
5
1
3
3
2
0
2
7
23
1
2
1
2
2
4
3
1
0
1
2
1
4
13
4
5
2
2
3
4
2
1
4
8
0
2
1
1
180
113
122
129
113
96
13
4
3
1
3
3
5
2
24
3
4
0
1
2
1
1
1
2
4
1
3
1
1
2
2
3
2
2
2
4
2
2
3
1
0
3
2
2
3
1
5
2
2
0
1
1
3
4
4
2
3
2
1
2
3
5
9
12
3
2
1
1
1
1
1
2
3
0
2
3
1
1
3
5
4
130
126
109
144
122
157
12
9
4
4
3
2
2
8
2
3
1
5
2
3
2
3
4
3
3
2
2
2
6
5
4
9
1
4
2
1
3
5
3
2
3
5
2
1
4
3
4
4
2
3
2
6
1
7
4
2
3
6
15
1
10
15
4
5
3
3
2
3
1
2
3
1
5
6
3
2
4
6
4
15
120
140
128
153
173
154
24
3
2
1
4
2
11
1
7
2
2
0
3
2
3
2
2
1
4
5
2
1
4
3
12
3
2
1
3
4
9
3
3
3
5
1
3
1
1
1
3
0
3
1
4
2
3
3
2
5
8
7
4
3
4
4
8
2
2
1
7
1
2
2
6
2
7
2
5
3
3
3
15
160
169
152
146
132
155
3
6
1
1
2
5
1
1
7
2
3
1
4
3
2
1
1
1
6
2
2
2
9
8
1
4
5
2
2
7
4
3
3
2
2
2
2
4
6
1
1
1
4
5
2
2
4
4
5
5
5
4
1
2
12
9
5
1
2
7
2
3
2
2
3
1
10
1
2
2
5
21
219
281
216
223
152
196
5
4
1
4
5
0
2
1
4
3
1
1
3
1
2
3
3
2
1
2
2
2
3
1
1
2
2
1
2
2
1
6
5
4
3
4
2
3
3
2
2
1
7
3
3
4
3
2
6
2
5
2
3
3
2
5
4
4
5
1
2
1
2
2
2
2
2
4
1
1
5
151
149
201
145
190
160
4
11
2
2
1
4
1
2
2
1
2
1
4
6
9
2
4
2
2
1
4
3
4
1
3
3
1
2
3
3
6
3
3
8
1
2
2
2
1
3
3
7
1
6
1
1
8
7
1
4
2
3
3
3
9
3
2
7
1
3
3
3
10
11
8
12
1
3
2
4
222
250
241
270
300
275
2
1
5
1
3
1
3
2
5
1
1
3
4
6
1
2
1
1
5
2
1
2
4
2
2
1
2
2
1
2
5
10
6
0
2
9
1
1
4
1
10
0
3
1
1
9
2
6
7
0
3
1
2
3
4
4
3
0
2
1
1
1
4
3
16
1
3
3
2
242
247
299
221
265
290
3
11
3
3
3
3
1
1
1
3
1
2
4
5
6
3
2
3
3
2
2
5
3
3
2
1
2
2
5
5
3
2
1
4
4
2
1
4
1
4
2
3
4
4
7
12
3
2
2
4
7
2
1
2
5
4
1
4
3
1
5
5
5
4
3
3
6
4
227
270
252
208
298
219
0
4
4
2
1
1
1
4
2
1
2
1
2
0
3
3
1
1
1
3
0
2
2
1
1
1
1
3
1
0
2
2
1
1
4
2
2
1
3
2
1
0
1
2
0
1
1
1
10
2
4
1
1
1
4
3
3
3
5
1
2
2
2
1
1
2
1
305
184
299
174
280
176
3
4
5
5
4
1
0
6
2
0
2
1
1
5
2
4
1
8
1
6
2
1
2
4
4
1
5
3
1
2
2
1
3
1
5
2
3
4
2
3
12
2
4
3
4
1
4
2
11
7
4
1
2
6
1
1
2
2
1
2
4
3
2
3
3
12
149
221
120
145
165
119
2
3
4
0
3
2
5
2
4
0
1
1
4
5
3
2
5
1
2
2
3
1
2
2
2
1
1
2
5
1
6
5
7
3
2
1
3
1
4
8
1
1
1
4
3
2
3
6
8
0
2
6
3
1
3
1
2
0
4
3
2
5
3
3
2
116
154
235
198
104
127
0
1
1
1
1
2
2
1
2
3
2
2
4
3
2
2
2
1
1
1
2
2
3
1
1
1
1
1
1
6
5
4
1
1
1
1
1
2
4
3
1
0
2
5
4
5
3
5
2
1
5
3
1
2
2
3
1
3
3
6
5
2
1
3
115
166
263
171
146
194
1
3
3
0
3
1
3
1
2
0
1
1
0
1
1
2
1
1
1
0
2
1
1
5
4
2
3
2
1
1
2
7
4
2
5
0
4
1
2
2
1
2
1
0
1
1
3
1
2
1
6
0
4
0
2
2
3
1
2
1
2
7
2
166
208
147
166
161
134
2
2
1
4
7
1
5
2
2
0
2
0
3
2
2
2
3
1
1
3
1
0
9
5
2
1
1
1
2
3
1
2
2
4
1
1
2
1
1
2
4
1
1
1
3
1
2
2
3
2
0
1
2
1
2
4
1
1
1
1
4
1
214
148
194
153
272
136
1
1
2
2
9
2
2
1
1
1
1
3
6
2
1
3
2
0
2
1
1
6
5
3
1
2
4
3
3
1
1
3
1
1
2
2
1
3
0
1
4
1
4
1
2
6
4
2
2
0
1
2
1
4
2
2
5
1
2
1
1
124
141
158
157
179
179
1
1
4
0
9
3
1
0
2
1
1
5
2
5
1
2
0
3
1
1
4
3
5
3
1
0
3
2
3
5
4
2
3
1
1
1
4
1
2
3
1
1
1
2
26
3
1
3
1
1
1
1
2
2
1
6
2
0
1
1
209
228
186
331
175
168
3
2
5
0
2
1
0
2
4
1
1
0
2
2
2
3
2
1
0
1
1
1
1
6
4
2
3
1
0
2
1
2
2
3
2
3
0
1
2
1
3
2
2
2
1
2
3
2
1
1
1
2
1
1
2
2
2
4
2
97
142
114
215
212
242
8
1
1
2
1
4
3
2
2
2
1
2
1
3
1
1
1
2
3
2
2
1
3
2
9
8
1
2
1
2
2
4
3
5
5
2
3
6
2
7
2
2
1
3
5
3
3
2
2
3
2
3
2
2
1
2
1
1
163
159
118
145
115
95
1
2
3
4
6
4
4
3
2
3
3
1
1
2
1
2
1
1
2
2
5
1
5
4
11
1
5
5
2
1
5
2
5
2
4
3
7
0
8
4
8
3
4
2
4
2
2
2
3
1
11
3
4
1
3
3
1
170
164
143
187
161
150
0
2
3
5
1
6
5
1
1
4
2
7
1
2
1
8
3
5
17
6
0
4
6
3
0
2
3
2
1
2
2
4
3
4
2
2
0
4
1
15
1
15
4
5
1
1
6
5
0
5
1
4
0
2
7
4
213
212
277
157
206
230
2
2
3
1
3
4
3
3
3
6
3
0
1
3
3
8
5
4
20
1
2
2
3
1
6
2
11
1
2
2
2
1
4
3
4
1
3
3
5
3
2
4
11
1
2
4
3
3
3
6
4
1
2
3
3
255
249
200
282
220
199
18
7
2
1
3
2
2
3
2
5
1
2
3
1
3
3
6
2
2
2
2
4
0
3
1
8
0
2
1
2
2
1
9
3
0
4
2
1
4
5
5
6
2
1
3
3
1
6
4
3
1
1
1
1
243
291
338
224
265
279
4
1
2
2
8
0
3
4
2
1
1
2
1
1
2
3
1
1
1
2
3
1
1
2
5
2
1
3
3
2
8
13
9
2
2
1
3
1
1
4
6
2
1
1
3
1
16
9
10
1
1
2
2
290
244
233
276
199
185
1
1
4
3
2
8
7
6
2
3
4
1
1
1
2
3
0
5
2
2
0
1
4
3
1
1
2
2
2
6
13
3
3
2
4
4
11
3
4
7
1
2
4
7
3
8
7
6
1
5
1
3
274
379
358
309
310
347
3
1
1
3
1
2
1
1
1
2
2
1
1
1
2
2
8
5
4
1
2
1
4
7
1
3
3
0
2
1
1
1
2
2
2
1
0
3
7
1
3
3
2
1
3
2
3
5
2
3
2
257
239
162
247
144
145
2
6
1
2
3
2
1
2
3
1
1
4
1
2
3
5
8
4
1
1
2
6
1
3
8
13
5
1
1
5
2
3
3
6
1
1
5
4
1
3
3
3
1
0
3
1
2
6
8
9
272
233
337
242
286
242
15
1
5
3
7
2
10
7
3
3
5
3
5
1
2
2
16
1
5
9
3
2
2
9
1
2
3
3
2
4
5
3
5
3
3
4
3
2
3
3
2
2
2
2
4
2
4
1
9
235
136
233
126
326
120
2
8
6
2
4
11
5
3
1
1
2
1
1
1
2
3
2
2
6
7
1
1
2
3
7
3
8
5
1
3
3
8
1
5
3
3
1
4
2
5
2
4
5
2
3
3
4
9
103
128
82
166
78
102
5
2
6
3
1
1
1
6
2
2
2
0
2
7
0
1
2
1
7
1
1
2
1
3
2
2
2
2
1
1
3
11
5
4
4
1
2
1
1
1
2
1
5
2
1
2
3
104
120
79
117
93
106
11
3
2
9
7
2
3
3
3
1
2
1
5
1
1
3
3
1
1
1
2
0
7
5
4
2
1
5
2
2
1
5
5
4
4
3
3
8
2
7
5
5
1
2
2
3
130
81
95
78
120
84
13
3
2
26
8
4
2
6
3
1
3
1
2
2
1
1
3
0
2
2
2
2
11
1
4
0
1
1
2
7
7
16
11
2
4
4
10
3
10
5
3
3
1
2
3
110
100
105
109
115
118
2
1
9
7
3
8
4
5
2
3
2
3
1
1
2
2
0
1
6
1
6
1
3
4
1
4
3
7
6
6
8
9
2
3
6
12
2
3
3
2
1
2
1
2
62
94
134
117
86
122
4
2
2
2
1
1
1
1
10
2
1
1
1
1
2
0
1
3
2
1
1
1
5
2
2
2
2
0
1
3
3
1
2
2
1
0
1
1
2
2
0
1
1
164
89
186
98
165
89
21
4
1
5
1
3
1
2
3
2
0
2
1
5
2
1
5
1
1
3
1
3
1
2
1
4
2
1
4
4
1
3
2
4
1
5
2
2
1
2
1
4
132
140
85
123
104
94
11
1
1
1
2
1
1
1
2
1
2
1
1
2
1
0
3
3
1
1
3
1
1
2
2
3
3
4
4
2
2
16
5
1
2
2
2
1
2
2
2
136
134
115
127
114
108
2
0
1
6
1
2
3
2
3
1
1
2
0
1
1
1
2
2
2
2
0
3
1
2
3
3
6
4
1
3
5
6
0
1
2
1
1
1
1
5
93
108
117
102
138
88
8
4
9
4
3
5
1
6
3
3
13
5
2
3
2
4
2
12
2
4
2
4
6
7
4
4
6
1
2
4
3
7
3
3
9
3
2
2
3
169
219
109
189
86
99
16
9
2
1
8
5
1
10
5
5
0
2
3
5
8
21
6
1
7
3
2
4
2
5
4
2
2
3
5
2
3
5
3
5
4
1
1
1
183
169
167
142
166
162
16
3
4
3
4
1
4
3
4
1
3
2
1
2
2
3
3
2
3
2
1
3
5
4
3
2
3
1
4
1
2
2
10
1
2
1
1
201
226
146
272
176
178
1
5
2
3
2
7
17
2
2
3
1
4
2
7
9
2
4
7
6
2
8
6
6
1
4
2
2
2
3
4
2
7
0
4
3
2
73
110
138
56
91
152
1
5
4
0
1
1
1
0
1
2
1
2
3
1
1
2
2
4
3
2
1
2
5
9
1
1
1
2
0
1
2
3
3
2
1
169
229
189
151
191
143
15
17
2
3
2
5
1
4
2
3
3
1
2
1
1
4
5
4
2
1
1
6
5
4
1
1
3
1
1
1
2
4
4
5
84
208
213
89
92
199
4
3
4
2
4
2
8
4
4
6
6
6
2
1
9
9
5
6
2
1
5
1
3
3
3
3
1
3
5
5
5
5
4
138
145
146
97
158
120
1
2
1
11
1
7
3
9
4
2
1
10
2
15
11
3
2
4
7
14
2
3
2
6
4
3
6
4
2
8
4
6
168
114
157
135
174
240
2
1
3
5
2
0
1
5
1
0
2
1
1
3
4
2
1
2
3
0
2
0
3
1
3
1
3
1
1
2
1
146
126
134
176
211
189
7
9
1
4
3
5
7
2
4
9
0
9
9
2
3
5
9
6
3
1
2
2
3
4
5
7
2
4
2
3
127
140
158
132
135
146
12
1
2
2
3
2
5
4
2
1
5
3
1
4
3
3
9
1
1
4
2
2
3
3
7
1
1
3
1
117
116
116
104
99
136
0
1
1
6
5
7
6
11
2
7
5
4
1
7
2
13
0
5
4
3
7
4
2
3
3
2
3
4
152
202
161
121
167
155
3
3
5
4
0
2
1
4
3
3
8
0
0
0
3
3
1
1
1
2
2
1
1
9
2
5
1
106
148
158
127
116
175
2
10
2
7
2
2
3
3
7
4
0
7
3
10
0
1
1
3
1
2
1
3
1
2
1
2
122
151
137
148
144
199
2
5
3
3
3
1
8
15
7
2
2
1
7
3
1
2
2
2
2
5
7
9
5
10
6
117
176
83
121
87
81
4
2
2
2
2
12
4
10
4
1
1
6
2
4
2
4
1
2
4
4
2
4
11
4
76
102
112
92
72
100
4
9
4
8
4
4
4
7
2
2
3
4
4
2
2
10
4
11
3
2
1
5
4
156
111
155
104
155
95
3
2
1
1
4
2
3
6
2
4
0
1
2
3
5
35
17
6
4
2
3
5
39
122
87
37
40
95
8
3
3
3
5
1
3
6
1
0
1
2
2
3
4
17
11
3
3
1
6
61
41
6
83
20
20
23
6
6
4
7
4
9
6
1
2
1
2
1
1
24
9
0
2
3
5
127
132
120
97
114
136
5
9
2
6
1
1
4
1
0
3
1
2
2
2
1
1
2
1
4
96
89
81
125
87
108
13
4
3
1
2
10
3
1
2
3
2
7
4
6
7
5
8
7
116
154
172
112
128
150
12
5
1
3
7
1
2
2
2
6
8
4
4
1
3
3
4
82
124
99
85
71
82
3
4
3
7
4
3
1
6
4
5
2
5
1
1
4
9
82
118
76
87
84
44
5
6
5
1
2
2
3
1
3
13
17
0
1
2
1
87
123
91
105
80
117
6
13
1
3
2
5
1
2
12
3
1
1
1
2
126
67
37
74
69
110
42
1
5
2
14
2
3
5
2
1
3
2
6
87
107
101
73
90
67
5
10
3
10
2
6
6
4
4
6
2
4
127
162
121
111
116
114
2
2
3
0
1
2
1
1
3
5
3
85
102
101
85
87
191
7
8
0
2
1
2
1
1
4
11
107
120
167
98
96
104
10
0
2
4
2
1
2
1
2
107
125
92
94
65
104
2
7
2
3
2
8
4
4
246
223
238
311
344
361
11
5
6
2
2
2
3
150
217
236
141
150
273
28
6
7
3
6
4
253
249
295
279
280
286
4
3
8
1
3
231
137
244
160
217
150
3
1
2
3
172
289
174
160
294
161
4
3
4
76
83
155
243
79
83
6
3
120
124
120
215
163
193
3
295
365
253
332
288
265
