155
42
68
76
122
72
64
80
133
138
216
103
152
182
129
3
10
3
3
10
3
9
5
2
1
6
2
4
9
2
1
1
7
19
16
15
9
7
7
4
5
1
1
1
5
5
8
4
2
2
1
3
0
1
2
12
3
7
4
3
4
13
6
18
2
8
1
5
1
11
4
5
2
4
1
2
3
1
3
0
1
2
3
0
2
2
1
2
4
1
4
1
1
1
6
1
0
6
2
7
3
2
2
3
3
1
7
2
1
1
1
1
6
2
2
1
1
2
1
1
3
2
0
0
3
1
0
2
2
7
3
2
1
4
2
2
2
3
6
4
6
5
4
2
2
4
1
1
11
2
2
5
1
6
2
1
4
1
1
3
4
4
4
3
1
1
4
2
1
203
86
102
82
113
100
100
105
145
65
63
123
47
94
100
7
3
3
7
9
20
6
1
5
4
7
6
1
3
4
6
9
0
11
5
9
8
12
16
2
4
11
5
5
11
2
5
4
1
6
4
1
5
2
12
20
10
1
2
8
11
0
17
5
9
3
6
14
9
5
2
3
2
10
4
2
3
2
2
6
9
2
3
3
2
4
4
2
9
2
5
10
6
1
3
4
5
10
8
5
2
4
3
6
7
1
6
3
2
5
6
6
10
3
2
2
8
1
14
4
3
3
6
3
2
3
2
4
17
6
7
3
1
3
7
3
2
5
3
6
6
2
5
4
6
3
8
5
5
4
2
3
3
4
7
4
2
2
4
3
3
3
5
6
2
4
4
3
82
71
83
93
91
96
113
111
91
97
101
81
112
84
111
6
10
16
7
15
13
2
3
7
8
4
5
4
8
3
17
0
10
12
11
13
16
16
6
2
6
5
14
14
5
9
4
3
1
4
6
4
1
19
8
12
4
4
5
12
0
18
11
15
4
6
17
19
4
3
7
9
7
6
4
5
3
1
5
4
19
3
4
6
7
3
6
2
3
2
4
4
8
3
2
14
9
9
24
6
5
4
3
3
6
5
3
4
3
2
5
8
2
2
2
3
3
14
2
6
3
7
3
2
3
3
1
13
5
8
5
4
2
12
10
4
7
4
5
1
6
12
4
3
4
8
6
9
5
3
5
4
7
4
2
6
3
3
5
5
4
2
6
7
5
6
5
5
126
194
171
16
5
10
23
164
130
131
83
180
52
87
2
10
8
5
16
14
6
2
0
2
1
5
2
3
6
8
3
9
0
23
3
3
1
3
3
2
5
3
1
3
6
1
1
2
2
1
2
8
4
7
5
5
6
7
0
11
2
8
7
2
3
7
8
1
4
2
3
3
0
5
5
1
3
7
2
1
2
2
7
3
7
0
0
1
5
2
1
0
0
5
0
2
2
5
2
9
4
5
4
1
0
3
2
3
0
1
1
1
0
3
1
1
1
0
0
2
3
1
2
1
0
4
2
1
1
7
1
4
2
2
3
2
3
8
1
0
1
2
1
2
5
1
3
1
3
2
1
3
6
2
2
1
2
4
2
2
0
5
8
3
1
79
85
77
9
23
115
100
85
96
93
61
83
30
60
84
21
2
6
8
4
9
8
3
2
4
3
5
6
8
9
10
5
12
9
3
9
3
5
14
6
3
7
3
5
4
1
1
2
3
3
4
7
2
3
7
9
17
6
0
5
11
5
6
2
10
3
2
4
6
5
3
1
2
7
6
5
6
3
8
4
8
3
4
1
1
4
2
4
1
2
3
4
3
3
3
1
5
4
4
3
4
1
5
1
5
4
2
4
2
6
4
3
1
3
6
2
4
4
6
2
4
4
3
1
1
3
1
2
2
2
4
6
2
2
6
2
3
4
5
8
4
10
2
2
8
3
12
5
13
3
2
5
7
4
2
4
5
1
3
3
6
1
5
6
3
23
55
11
24
20
63
15
22
29
46
26
48
17
14
13
17
8
7
6
12
9
2
1
9
11
11
8
22
0
14
9
14
18
7
5
6
15
4
8
8
11
7
13
3
2
7
1
6
3
3
18
11
4
10
12
13
11
17
7
21
16
19
2
9
10
12
7
16
3
3
3
4
3
10
4
5
2
6
2
6
9
5
2
5
3
2
2
1
3
5
2
3
3
2
3
8
1
4
6
4
3
4
4
8
3
8
3
4
4
4
4
3
3
3
2
5
4
4
2
7
1
10
4
1
5
6
1
5
7
3
10
8
2
5
5
5
2
9
4
3
6
3
1
5
5
7
4
8
2
2
3
12
2
8
1
3
3
7
2
2
6
3
8
8
68
131
306
89
184
106
61
155
50
115
109
94
85
223
86
9
6
4
14
6
2
4
4
3
2
5
7
0
3
9
7
4
21
7
4
4
6
2
6
12
1
5
1
5
3
3
2
4
1
20
5
6
4
10
8
13
0
9
6
22
8
10
7
4
0
3
3
11
6
4
1
4
1
3
2
3
2
7
4
2
6
3
1
5
2
2
3
7
1
4
7
2
4
2
3
4
3
7
2
7
6
2
1
3
1
2
2
8
1
2
1
1
4
7
4
3
1
5
1
1
1
1
2
8
1
8
4
5
4
2
1
4
5
9
5
1
4
6
4
11
2
3
3
3
8
3
2
8
5
3
7
1
2
2
4
3
4
3
5
3
3
11
3
133
108
130
89
140
107
110
89
107
110
126
91
90
119
75
13
7
4
3
10
3
7
7
7
5
7
0
0
5
0
14
14
6
6
6
7
7
10
11
7
10
5
2
8
4
7
5
5
8
4
5
2
11
4
6
0
5
3
8
14
5
9
18
2
7
7
6
12
3
4
4
5
2
4
6
4
10
3
5
5
1
7
1
7
3
15
2
5
3
6
12
6
4
6
7
3
3
5
12
1
2
6
3
4
2
2
5
3
2
6
3
6
6
3
6
4
1
4
2
2
6
2
9
4
7
13
1
4
3
2
7
6
7
5
2
3
6
6
4
2
4
5
8
7
4
7
3
5
8
12
10
2
1
5
5
2
8
4
1
3
11
4
103
108
120
117
89
90
85
120
84
95
110
88
123
111
131
2
8
9
5
4
10
8
4
1
10
0
0
8
15
14
11
16
9
4
10
9
7
10
5
6
7
3
10
4
1
1
3
13
8
9
4
6
8
11
15
14
4
3
7
7
11
21
10
7
18
6
7
9
1
3
6
3
4
6
1
2
4
5
2
3
6
4
10
3
4
4
4
4
5
8
8
5
4
3
8
2
4
4
3
3
4
2
8
2
5
3
2
3
5
7
2
2
11
4
3
5
3
3
4
7
6
8
4
2
15
3
12
6
6
3
4
4
15
2
2
6
3
3
6
10
3
2
8
4
5
5
1
5
9
1
3
4
3
6
9
6
10
4
3
3
9
196
254
304
222
344
183
203
161
209
260
229
265
216
309
217
3
2
0
0
2
11
0
2
3
0
0
9
8
4
3
1
2
8
4
0
3
3
6
4
4
1
3
5
1
1
1
10
3
3
7
9
10
10
0
3
7
2
4
3
4
3
7
1
8
1
5
1
4
1
8
1
1
1
7
0
3
5
0
1
2
1
1
0
1
1
2
1
1
1
1
1
3
4
3
1
2
0
1
2
0
2
1
1
2
2
0
1
1
1
2
1
1
0
3
0
4
1
0
1
1
2
1
1
0
7
2
4
4
2
3
0
1
1
2
1
3
2
0
1
6
7
3
3
2
1
1
3
3
1
2
0
5
1
0
1
1
3
3
7
3
88
75
27
17
45
107
37
33
50
83
30
77
21
65
43
6
4
0
5
8
12
2
5
0
7
3
4
6
16
8
1
4
6
6
13
5
6
5
6
1
6
3
3
12
7
5
8
3
4
4
9
8
7
2
4
2
5
2
11
1
8
3
9
1
5
0
2
4
6
11
8
2
6
2
3
4
2
2
3
1
4
1
7
4
1
6
3
4
4
2
4
2
4
1
4
1
3
3
0
1
12
3
2
3
4
3
9
3
6
3
1
3
6
4
6
5
6
7
10
2
4
3
2
3
10
4
7
3
9
1
8
1
14
3
6
2
3
2
2
3
8
2
6
1
3
3
7
2
10
3
5
4
2
3
3
3
9
8
6
34
68
23
70
74
61
86
76
108
17
83
69
57
74
75
4
2
1
6
5
9
5
0
7
10
9
7
6
4
2
6
4
8
7
6
4
9
15
2
7
1
2
1
4
5
2
2
2
4
4
3
0
2
4
6
9
3
12
8
5
3
7
2
3
1
1
4
5
4
1
3
2
2
9
1
1
1
1
3
7
1
3
3
1
2
3
1
2
2
3
5
2
4
4
2
1
2
1
2
3
3
6
3
2
3
1
8
3
1
2
1
4
1
6
4
1
2
2
3
2
2
3
3
5
4
7
2
1
1
3
2
1
2
5
2
2
1
1
4
1
4
3
0
3
4
2
2
4
1
3
2
2
2
11
0
7
1
3
164
141
171
149
231
130
177
164
204
120
172
148
154
215
172
1
5
0
1
1
3
0
5
2
7
3
2
3
2
0
2
1
6
2
2
1
2
2
10
2
1
4
1
4
1
1
2
1
2
3
14
7
1
4
3
4
6
4
2
1
1
1
3
2
8
0
1
1
2
8
1
2
2
0
3
0
1
7
1
8
2
2
2
2
1
2
12
9
4
0
3
0
3
1
1
1
2
0
1
1
2
2
1
3
3
0
1
1
1
2
2
3
1
1
1
1
1
3
2
4
3
1
3
3
1
0
4
1
1
1
1
0
4
5
5
0
3
1
3
1
1
12
2
1
4
0
1
0
4
2
2
8
2
0
1
1
1
80
106
146
43
138
109
95
81
84
119
84
145
95
169
31
21
0
4
3
2
3
9
2
2
2
2
14
5
1
3
1
6
5
6
3
3
1
15
9
3
1
4
2
7
3
1
1
1
8
0
8
4
2
3
1
4
7
2
2
4
2
3
2
2
0
2
1
4
2
6
10
3
2
3
3
2
4
11
1
2
1
9
1
1
1
8
3
1
1
3
1
3
4
2
1
1
1
5
1
3
2
9
4
6
1
2
1
3
1
1
4
9
1
2
1
6
4
5
6
5
1
3
2
2
0
2
2
5
1
1
3
4
1
6
8
2
1
3
1
2
11
3
1
3
2
1
1
3
5
11
3
3
3
2
1
3
37
23
29
6
80
17
27
14
53
27
49
25
10
73
17
5
3
11
2
0
0
2
3
7
7
7
8
7
8
7
6
6
2
5
3
3
6
3
1
3
2
7
6
4
1
3
1
11
0
7
4
4
7
1
4
9
2
2
4
3
5
1
21
2
3
1
7
3
1
3
3
2
4
3
1
5
3
2
7
2
4
4
4
5
7
3
5
0
4
5
2
2
1
3
0
1
5
2
1
4
3
7
8
5
1
5
6
3
5
3
2
3
3
2
2
3
4
4
3
1
2
5
2
1
2
2
2
0
2
6
3
3
8
10
2
2
9
3
6
8
2
2
14
3
3
1
3
3
7
4
5
5
1
3
1
240
97
239
163
180
115
256
209
169
137
89
94
182
164
133
12
12
2
0
3
4
12
15
1
3
4
5
2
4
2
4
3
3
3
2
5
1
8
3
3
10
1
4
8
10
3
7
0
6
4
8
3
3
2
5
2
4
10
1
2
0
0
4
2
4
2
2
1
1
1
5
0
1
2
1
5
2
1
6
6
2
1
4
1
1
3
2
11
4
5
1
1
2
1
4
2
1
1
1
1
1
1
2
3
1
3
1
1
1
1
3
5
3
2
0
2
0
2
5
10
2
0
0
2
2
1
1
2
3
5
4
2
2
1
4
5
3
1
1
1
1
1
2
0
1
2
1
6
2
1
1
1
1
4
267
225
283
304
232
255
271
278
273
219
211
283
266
225
222
1
2
2
8
5
5
3
4
4
1
7
6
6
2
7
3
13
4
0
3
2
3
6
4
2
2
3
2
3
12
4
0
10
3
7
4
0
1
3
2
5
7
1
2
1
1
2
5
2
6
1
2
2
2
2
8
2
1
1
1
1
2
6
5
15
2
2
3
2
2
4
4
7
4
1
3
2
4
1
2
2
0
1
5
1
2
3
2
2
6
2
3
2
3
5
14
1
3
4
3
2
2
3
9
5
4
1
4
2
1
1
2
3
2
2
3
5
13
16
3
5
3
2
3
2
3
1
2
1
4
4
0
5
2
3
2
2
5
6
32
10
66
116
61
6
79
33
17
77
35
14
13
75
5
0
14
2
7
2
5
2
7
1
3
4
3
8
6
7
5
1
0
1
1
1
2
4
4
2
6
2
2
2
0
5
14
3
4
2
4
12
5
3
4
1
2
1
3
2
2
5
1
6
5
2
5
2
3
4
1
1
3
1
1
5
2
2
0
1
3
1
2
0
2
5
1
2
2
1
1
3
4
6
4
3
3
3
2
2
2
2
1
2
4
1
2
2
3
2
1
3
4
3
5
1
5
5
16
1
1
3
1
4
5
5
7
1
2
1
2
1
2
5
4
2
6
1
6
5
3
1
4
1
1
1
4
2
4
2
2
94
200
212
225
238
119
126
109
109
247
235
229
242
199
276
17
7
12
11
8
16
12
7
3
4
2
12
8
8
5
2
3
10
2
1
2
3
12
10
8
10
12
3
22
0
30
6
8
29
12
7
18
5
5
5
5
6
1
2
5
8
1
3
5
10
5
3
3
6
0
3
3
3
2
7
6
2
1
4
5
5
2
9
2
2
2
3
16
8
1
5
1
8
7
1
3
2
2
2
3
1
2
1
3
5
2
4
1
2
2
1
5
7
2
1
6
3
4
3
9
9
5
6
3
4
3
11
14
2
2
4
1
4
2
4
4
6
2
4
1
3
1
3
13
8
3
7
3
3
5
2
80
0
0
123
0
0
0
149
0
0
0
0
0
0
0
0
12
0
0
0
15
0
5
5
0
0
22
0
5
6
0
0
5
0
4
1
0
0
19
0
6
8
0
0
27
0
16
25
0
0
16
0
7
6
0
0
4
0
1
7
0
0
9
0
1
13
0
0
11
0
5
6
0
0
6
0
2
6
0
0
6
0
6
9
0
0
5
0
5
2
0
0
2
0
9
1
0
0
3
0
4
5
0
0
9
0
2
2
0
0
14
0
4
3
0
0
10
0
12
6
0
0
5
0
3
6
0
0
8
0
5
7
0
0
6
0
7
6
0
0
4
0
10
8
0
0
6
0
5
8
57
0
131
127
114
0
31
24
14
0
0
0
118
145
164
5
11
23
0
25
13
5
9
7
0
10
8
2
6
4
0
13
6
2
3
20
0
11
11
5
13
19
0
21
11
18
11
3
0
15
13
6
16
6
0
4
6
0
11
3
0
6
19
3
6
7
0
6
6
2
6
4
0
6
14
1
1
6
0
6
16
2
4
14
0
7
11
1
7
9
0
4
3
1
1
4
0
6
6
2
7
9
0
6
9
1
2
6
0
12
7
1
5
6
0
5
5
3
6
6
0
3
5
4
11
15
0
10
11
4
10
9
0
13
9
2
4
2
0
5
8
7
6
7
0
7
8
5
7
178
143
26
262
176
102
75
163
133
36
159
249
32
41
188
0
10
8
8
4
18
3
3
11
12
4
5
3
3
4
7
1
1
5
14
10
5
6
13
3
12
0
15
13
12
14
2
8
8
6
2
6
1
7
3
2
9
5
0
2
5
4
1
6
4
5
0
5
3
3
1
1
4
3
1
4
2
6
4
6
7
6
3
5
5
5
2
3
2
6
3
4
2
2
2
2
2
1
6
2
3
2
4
6
1
1
1
3
4
10
2
2
8
6
6
3
4
7
2
4
10
8
5
3
4
1
3
7
1
4
2
6
3
2
1
5
2
3
2
5
3
1
4
4
10
6
8
3
0
0
0
0
0
102
0
121
173
0
321
128
0
0
163
0
18
0
3
10
5
0
9
0
9
6
5
0
2
0
1
3
4
0
9
0
12
11
8
0
0
0
23
26
9
0
7
0
6
6
18
0
8
0
2
5
10
0
3
0
9
6
6
0
7
0
4
3
7
0
6
0
3
7
6
0
6
0
5
11
5
0
6
0
5
3
2
0
16
0
1
5
4
0
3
0
1
2
2
0
9
0
7
1
1
0
3
0
2
1
2
0
10
0
2
6
8
0
5
0
5
6
10
0
3
0
4
6
5
0
12
0
2
3
13
0
4
0
4
10
12
0
3
0
8
13
3
87
88
61
90
141
46
126
69
141
42
61
82
40
100
90
17
16
5
7
4
4
6
14
11
12
5
3
5
6
1
8
1
9
12
6
17
14
10
16
8
14
20
22
17
5
8
16
14
13
8
2
6
4
4
8
3
1
2
6
5
13
3
4
9
4
5
7
2
2
6
6
4
4
1
3
3
3
5
7
20
2
5
4
2
4
2
2
9
4
1
3
2
2
4
8
7
5
1
1
7
5
2
2
1
3
2
13
9
3
3
5
8
5
4
6
6
4
4
19
4
22
4
3
7
7
3
8
5
12
5
4
3
12
5
1
1
1
12
5
3
2
2
7
8
11
4
66
74
93
101
126
21
98
87
73
30
39
64
130
89
100
6
12
6
7
6
15
11
5
11
4
5
7
6
7
9
1
23
26
7
10
3
8
22
15
10
16
8
4
6
12
3
6
6
8
8
13
4
5
2
4
5
5
7
5
7
8
7
3
1
6
3
6
5
4
1
5
3
5
8
14
4
7
3
6
8
4
8
8
16
7
5
3
1
5
17
3
4
4
2
4
3
3
8
4
2
6
2
4
5
3
14
7
5
3
7
7
4
4
3
12
6
12
3
12
6
5
11
9
2
8
3
8
4
6
5
7
2
13
4
4
1
3
7
5
10
6
4
8
4
6
58
55
42
52
223
112
29
145
53
14
92
53
26
46
59
8
2
5
3
11
9
3
5
8
9
7
3
1
4
4
13
10
9
4
11
11
12
20
8
5
11
7
8
7
11
2
7
11
6
4
2
4
7
8
2
7
5
2
5
8
6
3
9
3
3
19
8
9
6
3
2
7
6
8
5
9
2
7
8
1
6
6
15
11
5
4
3
8
6
6
6
3
4
2
8
7
8
6
8
4
1
2
5
1
11
4
6
4
2
6
7
3
3
9
10
8
2
6
6
4
8
4
8
7
2
8
10
3
3
7
8
18
7
2
4
8
4
7
13
6
3
3
4
8
53
91
33
82
82
42
47
76
33
45
69
64
79
94
120
3
3
6
6
4
3
5
2
1
6
6
2
3
2
9
6
2
6
8
5
2
9
7
2
6
5
2
5
5
3
7
3
4
1
5
2
4
4
1
2
5
6
11
6
3
6
2
4
4
5
4
6
2
2
3
3
1
5
4
6
1
2
3
4
2
6
5
1
1
1
7
5
6
3
4
4
1
1
5
4
2
5
5
4
2
2
3
5
3
1
5
3
1
2
1
4
1
2
8
6
0
3
5
6
3
3
4
10
3
4
3
6
1
2
3
12
1
2
2
5
1
1
3
5
2
2
3
2
288
167
135
93
196
189
153
84
212
192
74
177
59
187
89
4
2
2
12
1
3
3
3
1
7
2
4
1
4
5
2
9
6
3
10
0
7
1
13
6
2
7
7
9
6
6
1
5
2
2
10
2
1
4
3
1
1
1
3
2
1
2
3
2
0
0
2
1
4
1
1
1
2
2
2
3
5
5
2
3
5
0
3
1
2
1
1
1
4
1
5
4
1
1
1
0
1
1
2
1
2
1
4
3
1
1
3
7
10
2
1
2
2
6
5
1
7
2
3
1
3
1
8
6
4
4
2
1
3
6
1
0
1
1
4
3
1
1
3
5
5
0
51
16
22
45
43
84
79
64
95
28
27
41
82
170
85
13
2
5
2
9
3
2
3
3
9
3
5
7
4
5
3
8
5
5
0
3
3
4
7
6
7
11
1
5
3
1
4
4
4
3
2
4
5
1
7
3
6
2
14
5
2
3
6
2
4
9
5
6
2
3
1
3
7
3
6
7
7
1
3
1
0
7
3
1
1
1
1
1
1
1
4
2
10
2
3
1
3
7
8
5
2
2
2
2
5
2
7
2
5
1
2
2
6
2
2
14
3
3
1
3
2
2
8
8
6
1
1
7
4
2
2
1
3
4
4
3
1
7
1
4
8
88
84
86
124
105
104
107
109
103
167
87
80
97
87
98
3
5
3
7
6
1
1
4
3
3
3
4
5
4
1
8
2
2
0
5
4
7
6
1
3
4
1
6
15
1
1
2
2
5
2
2
6
1
3
3
2
2
12
11
8
1
4
2
5
10
8
4
3
2
4
3
4
2
6
2
3
2
3
2
0
2
3
7
2
1
1
1
2
2
3
3
4
2
3
4
3
6
5
10
4
2
2
3
7
2
10
6
1
1
8
3
6
8
2
2
3
2
7
3
2
3
7
6
5
5
3
4
4
10
5
3
5
0
3
5
2
3
8
3
3
101
32
61
97
99
55
82
136
95
73
70
88
53
75
119
12
2
9
4
15
4
6
3
6
3
8
16
8
6
5
6
8
0
11
4
10
4
4
8
9
8
7
6
5
4
11
7
1
3
1
4
4
3
4
4
3
1
2
4
2
3
2
2
1
4
3
1
1
3
4
15
3
4
3
2
4
6
1
2
2
4
4
3
17
5
6
2
1
3
4
4
1
3
4
4
2
2
4
2
3
7
6
7
1
2
10
5
3
8
7
7
3
8
4
3
4
4
4
7
1
2
2
2
9
14
3
4
1
3
4
3
6
3
4
5
1
3
3
4
24
21
23
18
18
90
100
107
66
69
40
37
139
65
83
4
8
6
3
7
9
7
5
3
12
12
14
4
9
5
10
0
11
9
6
10
14
5
11
1
10
7
5
4
8
4
4
3
2
2
6
8
3
4
3
2
7
4
2
3
4
3
6
9
10
3
6
3
6
10
7
4
4
4
4
8
9
1
8
7
9
3
6
2
4
1
4
6
6
2
4
3
5
9
3
1
5
2
11
6
11
2
6
2
7
4
3
2
6
3
4
3
6
5
3
3
12
4
2
4
7
3
9
8
12
8
5
2
11
12
4
3
9
3
8
3
6
2
120
139
54
101
153
180
67
160
185
82
172
238
67
89
189
13
7
2
2
2
4
6
2
7
3
2
3
3
4
10
0
5
7
7
3
1
2
5
2
3
4
1
6
1
3
1
2
2
1
1
1
3
2
1
4
3
3
0
6
0
3
2
4
5
0
3
2
2
2
2
1
1
1
1
6
3
1
1
2
2
1
4
1
2
0
2
5
5
2
1
2
2
3
1
2
1
2
2
2
2
3
2
3
4
1
6
1
2
4
3
5
5
5
1
4
2
1
2
1
3
2
2
2
6
3
2
7
1
2
5
2
2
3
1
2
9
2
87
87
87
94
83
104
99
94
121
74
128
99
84
108
96
10
2
2
3
3
3
4
9
4
4
5
17
10
9
0
4
5
9
18
3
5
3
2
6
5
4
2
1
2
6
9
6
5
3
3
2
7
2
4
4
5
3
3
2
3
6
4
5
6
1
3
5
1
6
4
3
4
9
4
4
2
4
4
9
4
7
3
3
2
3
5
7
1
2
2
3
1
3
2
2
2
5
2
2
4
5
7
7
6
1
3
9
2
2
1
7
2
5
4
2
3
3
4
4
5
3
2
6
2
2
4
5
4
3
3
4
3
2
6
6
5
79
88
89
67
97
109
162
80
103
122
152
125
101
131
125
2
4
2
3
4
6
10
1
2
1
7
10
11
8
3
3
3
5
2
4
3
1
8
1
1
4
3
1
2
4
2
3
3
2
4
2
6
1
2
10
2
3
2
3
1
2
5
1
3
2
2
7
1
1
2
1
2
2
2
3
1
3
4
4
1
1
4
5
4
7
2
3
1
3
3
4
3
6
1
2
2
2
1
2
4
3
4
3
1
3
6
5
0
3
2
6
2
5
2
4
1
3
2
1
4
3
4
4
2
3
2
13
1
2
3
1
1
3
6
8
204
214
289
333
205
217
204
195
184
214
194
181
276
194
188
2
5
1
1
1
3
3
2
2
0
2
1
0
4
2
1
8
10
1
2
1
4
3
1
3
1
1
1
2
0
1
1
1
1
3
1
0
1
1
1
3
0
2
3
2
1
3
0
3
4
1
1
0
0
1
1
1
1
0
1
2
2
0
3
1
1
2
1
2
1
1
3
2
1
3
0
0
0
0
1
1
1
4
1
1
6
4
2
3
3
2
1
2
1
5
2
3
1
1
1
1
0
1
2
1
2
3
0
0
1
5
2
1
1
3
1
2
3
1
171
149
155
196
191
112
143
266
169
170
123
158
143
157
200
0
0
4
4
3
2
2
1
2
1
4
10
3
1
3
7
6
14
2
1
3
3
2
2
4
4
2
1
1
4
1
2
1
3
4
2
3
2
8
2
5
3
9
1
5
1
3
3
7
2
2
2
2
1
0
1
1
1
2
5
1
4
4
2
6
3
1
1
3
2
3
4
2
2
1
1
4
6
1
1
7
1
1
1
4
2
1
2
0
3
0
4
3
2
5
3
2
5
1
4
3
2
2
1
4
1
2
2
3
3
1
2
6
2
2
2
2
4
217
154
151
132
223
121
142
103
171
162
148
140
156
154
118
0
3
1
9
2
5
2
2
1
7
10
5
2
2
5
3
5
2
1
8
3
3
2
3
1
2
1
1
2
2
2
3
1
2
3
0
1
4
2
3
7
3
1
2
1
5
3
4
1
1
5
4
8
1
2
5
2
1
2
0
8
3
3
1
0
1
2
3
1
3
1
2
1
1
1
1
2
4
2
5
6
1
4
3
1
0
9
4
4
4
0
3
3
2
3
1
4
2
2
1
2
3
3
2
1
1
4
1
4
1
1
3
3
1
1
2
0
224
196
205
277
251
218
266
223
250
266
216
205
197
245
219
3
3
2
1
1
2
4
3
3
0
4
2
2
4
1
3
3
2
1
1
0
1
1
3
4
2
1
1
1
1
2
2
1
3
1
1
3
3
1
2
3
3
2
1
1
1
2
5
1
8
2
1
2
1
1
1
1
1
2
1
3
0
1
1
3
1
2
1
1
1
1
3
0
4
1
2
2
1
3
1
1
1
2
1
1
2
2
1
1
1
2
3
3
1
1
1
1
1
1
1
1
1
2
1
1
2
1
3
1
2
1
3
4
2
2
6
256
231
195
244
257
247
222
236
280
221
205
260
192
218
242
1
2
5
4
1
1
3
3
0
4
1
1
4
3
5
4
2
6
2
2
2
2
1
0
1
0
13
5
5
0
1
2
2
2
5
4
2
3
1
4
2
2
3
3
1
2
1
1
2
0
1
1
5
2
0
4
2
1
0
1
2
1
1
6
0
2
3
1
1
2
4
1
1
2
1
11
1
3
1
4
4
5
2
0
4
1
1
1
1
1
5
5
1
2
2
3
1
2
3
3
5
1
2
11
3
3
3
0
4
4
8
1
1
2
4
138
338
214
286
208
134
154
140
142
223
262
200
204
172
270
6
2
2
2
3
3
3
0
2
2
2
8
2
2
1
2
5
2
1
2
1
1
1
3
1
4
3
3
3
5
1
2
1
2
2
3
2
0
8
11
12
2
1
1
1
3
1
3
0
6
1
0
1
1
0
2
1
7
0
2
1
1
4
1
2
6
2
2
1
5
3
5
1
3
0
1
5
3
3
2
6
5
0
0
1
3
1
2
4
1
0
1
0
1
1
3
2
5
1
3
1
2
1
2
2
4
1
1
1
1
3
2
1
3
46
103
105
104
90
91
47
37
76
87
94
120
81
64
135
16
8
3
5
13
24
12
17
7
14
20
9
8
14
7
6
13
11
7
2
6
5
9
3
3
8
6
2
6
3
2
1
1
3
8
2
3
5
2
4
2
9
2
9
7
4
4
5
1
3
6
5
5
4
4
3
4
5
2
2
1
2
2
8
7
9
4
2
1
1
3
6
2
12
11
3
3
4
2
3
3
3
20
5
9
3
2
6
2
13
3
4
1
4
7
6
5
12
4
3
15
3
1
5
8
5
12
3
3
4
9
5
5
116
103
58
80
78
134
23
121
109
75
126
124
19
10
238
10
4
11
7
7
0
11
4
8
6
12
5
7
2
2
10
2
5
4
4
2
3
0
3
2
5
3
2
1
2
1
2
3
5
6
3
2
4
3
2
0
13
3
7
2
5
1
3
3
5
7
6
2
2
3
5
3
1
2
4
1
3
1
3
3
1
4
2
1
2
2
3
11
5
2
6
3
3
4
8
8
12
6
6
2
8
2
3
3
1
4
3
2
3
1
1
7
7
2
4
0
2
3
11
2
3
2
3
1
4
4
4
189
174
127
101
154
160
140
122
136
111
96
155
185
203
139
1
6
3
17
0
16
3
10
11
7
4
11
2
2
6
8
5
4
3
1
2
1
5
5
4
1
4
3
2
2
4
5
4
6
2
3
1
2
2
4
5
1
4
6
5
2
1
5
4
5
4
0
3
3
2
5
8
3
4
1
2
2
5
6
3
4
5
4
1
2
2
9
6
10
2
3
6
4
1
2
5
13
10
1
2
4
5
3
2
7
4
1
1
3
5
2
5
3
7
2
2
2
2
6
4
15
5
2
1
3
6
101
154
173
161
121
125
154
138
165
155
170
128
217
158
159
8
3
8
4
2
14
8
9
1
5
5
5
2
8
1
5
1
0
5
7
0
2
5
4
2
5
3
3
2
1
1
6
0
1
1
1
3
2
2
2
0
1
5
4
4
9
2
1
2
0
3
4
2
1
2
4
1
0
10
2
1
2
1
2
1
1
1
0
0
1
4
1
1
1
4
8
3
4
3
3
1
2
12
3
3
6
4
2
3
1
2
8
2
4
2
1
1
9
0
2
1
1
3
4
2
1
10
4
3
3
170
104
108
106
117
144
174
94
158
125
63
119
89
218
91
11
5
0
8
1
23
11
1
6
15
3
7
2
2
5
2
1
12
8
3
3
3
2
4
2
4
2
3
2
4
2
2
5
8
4
3
1
1
4
7
1
7
2
6
2
3
1
1
3
6
8
6
3
5
1
3
3
5
3
2
2
2
4
7
1
4
1
1
2
14
0
2
4
1
8
6
6
2
3
6
6
4
2
3
3
1
2
1
0
6
4
2
4
5
0
4
3
2
2
2
2
2
2
2
1
17
3
5
5
166
49
125
130
143
14
140
108
144
102
79
20
117
149
104
10
10
6
12
5
5
3
4
8
5
8
5
1
2
2
4
5
2
5
4
3
2
1
3
6
1
3
2
2
2
1
2
2
6
3
2
5
3
1
4
2
4
9
1
1
5
4
0
8
2
1
5
7
1
2
1
4
3
3
1
2
1
3
2
8
1
8
1
3
5
2
5
5
6
11
13
2
2
4
5
2
18
3
2
3
2
4
2
4
1
4
2
3
2
1
3
4
3
4
3
3
1
2
4
2
3
3
6
75
67
77
70
78
128
67
183
115
39
167
113
90
92
153
14
14
13
11
27
13
6
4
10
5
14
3
8
3
3
2
10
2
1
5
1
1
8
4
1
2
3
2
5
4
3
2
1
0
4
8
4
1
3
4
6
13
0
7
5
4
2
1
6
3
3
1
5
2
0
4
2
1
2
4
1
5
5
0
5
2
4
6
1
1
3
2
4
4
4
2
14
5
3
2
6
7
10
6
1
3
6
4
8
6
3
1
1
2
5
1
1
1
3
5
4
5
2
3
4
7
10
0
113
0
112
0
0
0
0
0
0
119
0
0
0
0
24
0
0
0
11
20
12
0
0
0
5
20
5
0
0
0
5
9
8
0
0
0
5
8
3
0
0
0
7
17
9
0
0
0
4
31
16
0
0
0
4
9
6
0
0
0
7
9
6
0
0
0
3
16
5
0
0
0
3
19
7
0
0
0
6
6
7
0
0
0
2
15
7
0
0
0
6
16
3
0
0
0
18
22
8
0
0
0
9
15
2
0
0
0
2
6
2
0
0
0
11
15
4
0
0
0
139
116
108
143
112
170
154
132
139
137
118
114
112
113
122
6
11
10
5
12
12
6
7
12
6
10
9
5
5
3
3
5
7
3
8
3
4
1
2
6
4
5
1
4
7
22
4
1
4
8
3
10
3
8
3
3
6
4
5
5
2
4
3
2
12
2
3
3
2
4
3
4
7
2
3
6
3
2
3
1
6
6
3
14
5
3
5
5
4
5
5
12
2
3
10
5
7
6
8
10
8
3
7
6
5
6
2
8
1
2
8
7
11
6
9
7
2
3
4
6
141
133
143
89
78
165
199
108
86
206
117
81
127
91
62
8
25
3
8
4
7
6
11
3
10
1
3
3
10
2
2
2
4
14
14
7
1
0
4
2
3
1
3
3
3
0
3
6
7
2
3
4
4
6
8
8
6
2
1
4
5
2
1
1
2
1
3
5
4
0
2
0
1
2
6
2
1
1
2
2
5
1
4
11
7
4
2
6
5
2
1
3
4
6
9
7
1
2
6
4
11
4
2
2
2
4
4
3
1
2
4
6
1
1
2
5
4
3
2
92
94
114
86
88
92
163
139
166
102
111
93
162
126
115
27
8
6
14
11
2
14
8
9
2
2
1
5
1
4
8
3
0
5
3
3
1
4
3
7
1
3
12
3
3
4
5
2
9
5
4
11
8
3
10
6
2
1
10
5
2
0
1
1
9
2
3
5
1
2
9
12
2
4
0
3
2
2
9
2
2
3
9
6
5
4
3
13
9
4
5
8
5
6
20
6
11
8
3
10
8
6
6
3
2
9
3
2
2
7
5
6
8
4
4
11
4
7
44
142
141
127
104
79
78
99
94
194
142
180
124
139
101
3
11
12
6
9
19
1
8
4
1
4
7
2
9
5
7
3
5
3
3
1
5
1
7
1
3
10
4
1
2
2
4
3
5
2
22
5
4
5
6
2
6
4
5
2
2
2
3
2
3
2
2
3
8
1
2
2
5
2
3
2
1
3
5
1
6
2
4
6
4
5
3
2
7
2
11
3
5
5
2
7
4
3
7
9
11
2
3
1
11
2
3
1
6
4
5
5
7
9
3
4
9
177
74
242
273
178
59
205
190
187
41
52
90
247
184
197
3
3
1
3
3
8
4
2
1
1
0
0
2
7
2
1
2
1
1
1
0
4
8
2
7
0
1
3
2
5
25
2
1
1
5
1
1
2
3
1
3
1
2
1
2
3
4
1
2
0
1
1
3
4
4
2
4
1
2
1
1
11
5
5
2
1
3
10
1
1
1
3
4
2
3
1
1
5
2
2
3
2
1
2
4
5
4
1
4
1
5
1
2
2
2
2
10
1
1
2
1
74
69
88
109
80
105
88
89
85
90
77
82
134
136
100
16
5
5
7
6
3
3
2
3
8
3
3
6
5
4
5
1
3
4
4
4
2
5
1
4
3
4
3
5
3
3
6
4
6
2
1
6
4
2
3
1
7
2
7
2
4
2
1
6
3
2
5
9
4
7
4
2
5
7
4
6
14
2
4
2
1
3
3
1
3
3
5
4
2
2
7
5
1
3
3
3
4
4
1
3
2
3
13
5
2
6
9
2
2
2
3
3
6
2
7
39
21
15
26
40
35
30
15
43
236
35
157
37
140
62
7
4
8
2
3
6
1
2
10
1
2
3
9
10
8
5
2
2
4
2
11
3
1
5
6
3
5
6
4
4
4
4
5
3
2
5
1
6
2
2
4
3
0
3
6
2
1
1
3
2
4
4
4
2
4
1
2
3
1
6
5
4
2
6
4
3
6
2
9
9
6
3
3
6
9
18
1
2
9
2
8
9
6
2
4
1
7
5
2
5
7
11
10
7
11
6
5
3
7
168
201
199
187
92
155
140
182
93
282
264
140
249
128
116
2
3
3
2
1
0
3
9
3
1
3
2
1
1
1
1
1
1
2
1
0
0
3
1
1
1
1
1
0
2
11
1
4
4
9
1
1
1
4
1
1
1
8
2
2
1
1
2
2
1
2
1
1
4
0
2
3
1
3
1
2
4
8
5
2
3
3
1
0
1
4
2
4
2
3
1
1
0
2
2
2
4
1
1
3
2
9
1
1
4
4
1
1
1
1
4
5
3
38
29
10
4
5
43
118
19
87
17
11
8
5
165
2
4
3
7
1
1
2
3
4
3
1
1
2
5
6
3
2
1
3
3
1
1
1
1
1
1
5
3
1
4
2
4
6
1
1
3
3
1
1
2
3
0
2
2
1
1
2
3
0
1
3
2
1
2
2
3
7
2
1
5
1
3
4
2
4
3
0
2
1
3
1
4
2
6
1
3
2
5
3
3
3
2
2
1
2
4
1
2
1
6
2
2
4
3
1
8
9
4
104
181
102
77
119
86
111
83
71
86
78
107
42
86
37
5
1
1
2
10
5
1
9
1
5
4
4
5
1
2
3
7
3
2
0
3
6
1
2
3
2
2
5
6
3
3
3
3
5
2
2
2
2
2
1
2
2
2
1
1
4
2
2
3
1
3
2
3
4
2
1
4
2
1
3
1
2
1
1
5
9
4
1
3
2
2
5
1
2
1
4
8
4
5
3
4
1
2
7
3
1
1
4
7
2
3
1
1
2
2
17
397
303
328
316
350
335
2
5
3
0
1
0
2
7
2
1
1
1
1
1
2
2
2
1
4
1
1
3
1
2
3
4
1
1
1
1
2
2
3
7
6
1
1
4
0
7
1
2
1
0
2
1
1
1
2
2
3
1
1
1
1
12
5
2
2
0
1
2
1
1
2
4
16
3
8
3
1
3
1
2
3
1
2
3
3
7
2
3
5
0
2
2
2
4
2
2
4
2
1
1
1
257
174
262
216
241
181
3
2
1
4
2
1
11
1
1
3
2
0
1
1
3
2
0
4
2
2
1
0
4
5
5
6
3
2
5
1
10
7
3
1
2
2
1
1
2
1
2
1
1
1
1
1
7
1
1
5
1
2
2
1
8
4
1
5
5
2
2
3
9
2
2
8
3
2
1
3
11
2
4
3
5
2
4
3
2
1
4
8
2
2
0
5
7
4
1
2
2
2
5
2
287
264
239
226
229
205
1
0
2
0
3
4
4
1
1
1
1
0
1
2
2
4
2
0
1
1
1
1
2
1
2
2
1
1
1
1
1
7
13
1
1
3
3
4
2
3
1
1
1
1
0
4
4
4
4
1
1
1
2
2
4
3
7
1
1
3
1
2
3
8
2
1
1
1
1
1
1
3
3
3
2
2
1
7
4
3
3
1
1
0
3
2
2
1
5
1
1
2
1
294
249
290
235
254
266
0
3
1
4
3
1
0
3
1
3
0
1
1
2
1
1
0
2
1
2
2
1
6
2
0
4
2
1
1
1
1
2
1
7
1
2
1
9
0
5
1
2
1
2
3
2
1
4
0
1
1
1
1
1
1
2
1
3
4
5
1
2
2
2
1
1
1
1
1
6
3
3
1
5
0
2
2
2
1
2
1
2
1
3
7
6
2
1
1
1
1
1
313
354
322
367
388
378
5
2
3
1
2
0
1
3
1
0
2
2
1
1
1
2
9
1
3
1
0
1
3
1
2
1
3
1
0
1
2
3
0
1
1
1
1
2
1
2
1
2
1
1
1
1
1
2
1
1
1
2
4
1
1
7
2
10
2
0
1
1
1
6
3
4
4
3
1
1
1
1
5
3
1
0
0
1
1
2
1
2
2
8
1
1
1
5
2
3
3
289
249
382
201
296
254
2
1
0
2
1
4
3
3
1
1
4
2
0
2
1
2
1
2
1
2
1
2
1
2
7
3
4
3
1
3
2
3
1
1
1
1
1
2
5
1
0
1
1
0
2
3
5
1
0
1
2
2
1
1
5
5
4
7
1
2
2
2
4
3
1
4
3
2
2
1
1
5
8
3
1
1
0
5
8
1
1
3
0
4
2
1
1
2
4
2
216
265
249
280
290
278
1
0
2
0
2
4
0
6
2
1
3
2
1
1
5
2
2
1
2
4
1
1
1
3
3
0
0
0
3
8
1
8
6
1
1
1
2
2
0
0
1
0
6
1
1
3
3
0
2
1
0
0
5
2
3
4
1
0
2
1
2
0
2
2
4
2
2
1
1
0
1
3
2
0
1
1
5
6
3
2
2
0
1
2
3
3
12
24
4
171
238
209
231
297
292
1
1
2
3
1
3
1
2
1
5
3
1
5
8
7
11
1
3
5
3
1
18
5
4
2
3
1
4
1
3
1
3
2
3
2
5
1
1
2
5
1
4
2
4
3
6
3
2
5
1
1
2
1
2
1
5
1
2
1
1
2
3
6
2
1
13
9
2
2
3
4
6
1
4
2
4
1
1
1
2
6
1
6
6
1
2
2
24
95
78
85
120
155
114
2
1
2
3
8
1
2
2
3
1
3
6
3
0
6
2
3
1
6
2
2
2
4
4
3
10
1
1
2
1
2
4
1
2
1
1
2
1
1
3
3
0
3
3
3
1
1
4
6
1
3
0
2
4
1
3
13
1
3
1
2
2
2
1
3
2
6
4
2
2
2
8
3
4
5
1
1
0
5
5
3
2
3
1
5
2
6
135
123
128
101
86
113
16
4
3
3
3
2
5
6
6
5
4
3
5
3
2
13
2
2
1
1
1
1
4
2
1
2
1
2
3
6
3
3
9
2
1
2
2
3
2
16
4
1
2
2
1
1
2
3
3
2
1
2
5
5
1
7
4
5
2
1
3
1
4
7
8
13
1
5
6
3
3
7
1
4
1
1
2
3
5
7
11
7
1
2
3
2
107
81
97
123
101
108
8
1
7
3
2
0
2
14
7
1
3
2
3
1
2
1
4
0
1
2
1
1
1
1
3
2
2
1
4
4
2
4
12
1
2
7
11
4
10
5
16
1
1
5
2
2
4
4
3
1
1
2
5
1
4
4
6
0
3
3
1
3
5
5
2
1
2
2
3
2
2
3
7
1
3
2
7
3
4
11
5
1
4
2
2
128
205
104
125
87
124
3
5
5
7
3
4
9
3
3
2
3
9
3
2
2
8
3
4
2
4
1
2
3
2
2
3
3
2
4
5
4
7
3
4
6
5
1
7
5
4
1
3
3
4
3
2
2
3
3
1
2
3
2
4
5
5
3
1
4
3
4
4
5
4
2
5
4
2
8
6
3
11
2
4
3
4
2
8
10
9
3
3
4
4
83
78
120
154
134
122
3
3
2
1
1
1
1
4
4
3
2
4
1
2
2
0
2
6
4
1
2
2
0
4
1
2
1
0
3
3
1
2
3
1
1
2
1
2
2
2
2
1
1
4
2
1
2
3
4
6
7
1
2
2
0
10
2
8
4
2
1
2
2
6
2
2
3
1
3
2
3
7
1
1
1
1
1
2
1
5
3
2
1
124
108
116
155
121
151
10
8
2
1
7
0
5
7
6
3
0
2
3
4
1
0
0
0
1
0
1
0
1
2
0
2
2
1
1
2
2
2
4
6
1
5
2
3
4
2
4
5
4
6
1
2
2
5
0
3
1
3
3
3
0
11
12
4
1
11
1
1
1
5
3
7
2
2
2
10
4
2
0
2
10
14
3
2
3
13
1
4
142
167
178
117
128
174
14
1
2
2
1
2
2
2
5
1
1
1
4
2
1
4
0
0
1
0
0
2
1
3
2
1
1
2
1
2
3
2
12
0
4
5
6
4
3
6
4
0
1
0
2
1
2
1
2
0
1
0
5
0
2
4
2
1
1
1
1
0
3
3
7
2
2
0
3
3
7
2
3
1
3
2
2
1
5
2
8
119
130
115
110
111
181
3
3
2
1
1
4
2
3
2
2
1
3
3
4
1
1
2
1
0
1
2
4
1
7
1
2
2
2
3
4
1
4
2
4
3
3
2
4
3
4
2
3
1
2
2
3
1
3
0
3
3
3
0
3
3
7
2
1
1
2
1
7
3
5
1
5
3
5
3
2
6
16
1
1
3
2
1
7
4
3
109
96
67
211
166
228
4
1
4
3
2
1
3
1
16
2
4
1
6
2
1
0
1
1
2
1
2
1
1
3
2
0
1
0
1
2
4
3
2
2
1
0
1
2
1
2
1
2
5
0
1
1
2
1
6
0
5
0
1
3
3
4
3
2
4
5
1
1
1
12
2
2
1
0
1
2
4
8
4
2
5
4
2
2
1
227
169
205
199
271
233
6
6
2
19
5
3
0
3
1
4
1
3
0
1
3
1
1
1
1
5
1
0
4
6
2
10
3
4
1
10
1
3
2
5
1
1
3
1
5
2
4
8
4
1
3
3
1
2
2
8
3
4
3
3
3
19
7
3
1
4
1
1
4
2
1
2
2
1
2
3
8
14
15
14
2
2
1
5
190
194
196
169
204
174
4
1
5
3
8
1
12
1
3
0
1
1
1
0
1
1
6
1
3
1
6
2
2
7
9
0
1
2
16
1
5
5
2
0
5
3
3
1
6
6
2
2
0
3
2
0
2
6
6
0
1
3
2
1
18
2
5
1
2
3
2
7
11
2
6
1
2
4
3
3
10
20
9
2
2
2
2
110
201
160
118
102
164
1
1
2
13
1
5
2
2
1
4
1
2
4
1
2
1
1
2
1
5
4
1
4
3
1
1
2
1
2
4
5
13
1
2
2
5
3
5
5
4
0
2
3
3
0
2
5
3
0
2
2
4
3
1
1
4
0
3
1
1
8
6
4
4
1
2
0
3
1
2
3
6
1
3
3
3
172
108
136
115
121
97
11
4
3
2
1
2
2
1
21
3
8
1
1
2
1
1
1
2
6
1
0
2
3
1
6
2
6
1
1
2
1
3
4
1
0
1
0
1
7
2
4
1
4
0
2
2
2
6
3
4
3
3
0
2
3
5
11
7
3
3
1
1
1
5
4
1
2
1
3
1
2
3
3
6
4
148
129
125
148
128
174
4
5
3
2
2
4
1
8
2
3
1
1
2
4
2
1
1
1
2
2
5
3
2
5
4
8
1
2
2
1
2
4
3
3
2
2
2
2
3
2
3
3
1
5
2
5
1
2
2
4
1
4
1
1
8
15
2
5
2
3
1
1
3
3
1
2
4
8
9
2
4
6
3
9
135
156
144
180
179
171
26
1
6
1
2
1
2
1
6
0
4
1
2
2
2
1
3
1
2
1
2
3
6
4
20
1
8
2
2
3
9
4
2
1
3
2
3
0
2
2
1
1
3
1
3
1
3
7
1
1
6
3
2
1
5
3
18
2
4
2
6
3
3
2
6
2
10
4
1
8
10
3
7
173
175
180
151
146
176
2
1
1
2
2
1
2
1
6
2
5
0
4
1
5
2
1
2
5
2
1
3
11
4
1
3
3
1
2
12
12
1
1
4
5
1
1
1
1
1
0
2
9
2
1
4
9
2
3
4
1
1
1
3
15
6
3
4
3
6
2
3
7
3
3
3
4
2
2
10
1
20
220
286
196
247
151
186
1
2
1
2
1
3
2
2
2
2
2
0
1
1
3
5
2
1
1
1
3
2
1
2
1
4
5
2
3
1
1
7
9
2
1
1
1
4
3
2
3
5
1
0
2
2
3
1
6
2
1
1
3
1
2
10
2
2
2
1
2
1
3
1
3
3
1
4
2
3
2
162
205
211
172
212
201
3
9
4
1
0
1
3
1
2
3
1
1
1
1
7
1
1
4
3
1
2
3
2
5
2
2
2
2
1
0
5
6
3
1
1
1
3
4
3
2
2
12
0
3
0
0
12
6
4
1
1
3
2
0
12
1
2
5
4
3
1
3
6
5
4
9
1
1
2
1
274
301
287
287
326
335
4
1
7
2
1
3
1
0
2
5
1
3
4
3
1
2
2
1
1
4
2
1
5
3
1
1
0
2
1
2
3
12
6
1
1
4
1
2
3
1
2
0
2
1
1
9
3
4
5
1
1
3
1
3
1
3
2
1
1
1
4
3
3
2
13
0
2
3
3
238
278
307
246
297
321
3
2
4
3
2
3
4
2
2
3
3
1
5
3
3
2
2
2
1
3
2
4
2
3
1
1
1
2
1
4
3
3
1
1
2
2
0
3
3
3
2
2
4
5
4
10
3
2
1
4
5
3
1
2
3
5
1
1
1
2
7
4
4
3
1
7
8
1
257
302
276
234
335
254
1
3
1
5
1
1
0
2
2
1
4
1
2
1
1
1
1
1
1
2
1
1
0
1
1
1
1
1
3
2
2
3
2
4
2
1
6
2
2
2
1
2
3
2
0
3
1
3
12
1
0
1
2
1
5
1
4
1
3
1
1
1
1
1
3
0
1
304
176
296
174
283
178
1
3
4
2
5
1
2
5
2
0
2
1
1
3
2
3
2
4
1
1
1
2
2
1
7
1
2
3
4
2
2
1
4
1
1
2
2
4
3
4
18
3
1
1
9
2
11
3
4
7
2
2
2
5
6
4
1
1
1
2
9
5
2
2
2
12
153
211
131
132
221
126
2
1
2
1
1
1
4
1
1
2
1
2
3
8
1
2
1
3
4
1
1
3
1
1
0
2
1
1
6
2
2
2
4
1
3
1
4
0
1
8
5
3
3
1
1
2
2
7
2
0
2
1
2
1
4
3
2
0
3
6
0
4
5
3
1
140
179
258
238
124
164
1
1
1
1
2
2
3
2
1
1
1
1
3
3
1
2
1
1
1
1
2
1
1
2
1
2
1
1
3
2
2
4
0
1
1
5
4
1
2
6
1
2
1
4
3
2
2
6
2
1
1
2
1
1
2
2
3
2
1
1
2
1
1
3
134
204
289
182
158
214
1
2
4
1
5
2
2
2
1
0
1
0
1
0
2
1
1
1
2
0
1
2
0
5
2
2
1
1
2
3
2
3
4
1
5
3
1
2
2
1
1
3
2
0
3
1
1
2
1
1
2
0
2
0
2
5
2
1
1
1
1
2
5
168
213
141
175
167
136
2
2
0
4
4
3
2
0
1
0
1
1
2
3
1
1
4
3
2
2
1
0
2
5
1
2
0
2
2
4
1
3
3
5
2
2
1
2
1
1
3
1
1
2
2
0
3
2
1
6
0
2
2
4
1
3
1
3
1
1
4
3
222
152
204
148
284
136
2
1
2
0
3
4
2
1
0
1
1
2
10
3
1
2
0
1
1
1
1
4
2
3
3
2
4
8
0
1
1
2
3
0
1
2
3
1
1
2
2
1
1
1
1
8
3
4
0
0
1
1
1
2
2
1
2
1
2
2
2
126
158
170
157
188
201
2
5
3
1
9
0
2
1
1
0
3
3
4
2
1
5
1
3
2
1
4
2
6
3
1
1
1
2
2
10
3
9
1
0
1
3
1
1
1
2
0
1
0
2
4
4
1
3
1
0
1
2
1
0
2
4
1
0
1
3
245
244
207
322
196
198
3
2
9
1
6
1
0
1
1
0
1
1
5
2
2
2
0
3
1
1
1
1
1
7
4
1
1
0
0
1
1
1
3
4
1
4
5
2
1
2
1
4
3
1
0
2
5
2
1
1
3
5
1
3
2
3
2
3
2
98
150
112
215
229
235
5
0
4
1
3
4
1
5
3
1
1
2
2
3
1
1
2
2
3
1
2
2
3
1
8
1
2
3
2
2
2
3
1
3
4
1
1
2
1
2
2
1
1
1
4
2
2
3
1
3
5
2
1
4
1
7
4
1
166
170
140
164
137
118
5
2
2
1
4
3
1
0
1
1
4
5
1
0
2
2
1
1
6
14
3
1
4
3
13
1
1
3
1
0
3
1
2
1
1
1
3
0
3
1
2
5
1
2
4
1
1
1
2
1
4
2
0
1
4
2
1
188
150
149
192
160
154
1
6
3
2
1
10
1
3
0
6
1
6
1
2
2
22
3
5
7
1
1
5
7
6
0
3
1
3
1
2
1
3
3
4
1
3
0
1
3
6
1
3
3
5
0
4
8
3
0
4
5
2
1
3
3
3
187
190
245
130
172
197
2
1
1
1
1
4
2
2
3
2
4
1
3
1
1
6
3
5
7
0
1
6
3
1
4
3
3
0
2
2
2
2
5
4
2
2
2
5
6
2
2
2
9
1
2
1
1
1
6
4
4
0
1
1
3
258
282
204
268
236
214
19
6
0
2
3
1
6
1
1
3
0
1
4
1
1
0
2
3
0
1
3
3
0
3
1
3
0
1
2
7
1
1
7
7
1
1
1
1
3
2
3
2
1
1
2
4
1
4
3
2
1
2
3
2
266
323
336
228
280
302
6
1
3
8
2
0
9
4
3
1
3
2
2
1
2
3
2
1
4
3
2
0
3
2
6
1
1
1
2
1
4
22
6
2
2
2
4
1
3
4
5
1
2
2
5
2
13
10
7
0
2
2
4
288
276
250
285
225
201
1
1
8
7
4
6
12
5
2
1
5
3
2
1
4
2
1
1
2
3
1
1
2
2
1
1
1
2
2
7
7
2
2
2
2
3
10
3
1
4
1
1
2
5
2
8
16
2
1
1
1
2
292
358
362
301
314
361
3
0
1
1
1
2
2
3
1
1
2
1
1
1
4
6
8
2
3
2
3
0
4
4
1
2
1
2
1
0
3
1
2
1
2
0
2
0
5
2
1
1
2
1
0
1
1
3
2
1
3
248
241
155
247
133
131
1
4
1
2
2
3
0
3
1
4
2
1
1
3
6
2
8
3
1
1
3
3
2
2
8
8
3
2
0
1
1
3
2
10
1
1
2
4
6
2
1
3
1
1
1
1
2
5
4
14
256
259
338
251
253
244
9
0
6
3
1
0
5
17
3
1
2
4
2
1
1
2
3
1
5
5
3
0
0
8
1
1
2
2
1
2
2
3
3
3
4
6
1
1
1
2
3
1
2
2
4
1
2
1
6
277
126
280
125
345
124
1
5
2
1
9
20
3
4
3
2
1
1
0
3
1
1
1
4
2
5
1
0
4
2
6
1
7
4
2
2
2
7
2
2
2
3
2
2
3
4
2
3
4
2
1
1
3
14
115
128
83
176
83
117
7
2
7
0
2
2
1
4
2
4
1
0
1
1
1
0
0
3
4
1
1
3
4
2
1
2
3
0
1
1
4
6
4
4
4
1
1
2
2
2
2
1
5
1
1
3
1
117
118
80
160
122
111
13
10
2
5
5
7
1
2
6
2
1
1
3
3
1
2
2
4
1
0
2
0
2
8
2
2
1
2
3
4
2
6
5
10
1
3
3
10
2
3
6
6
0
1
2
3
135
75
100
84
134
98
10
2
9
28
9
6
1
4
3
1
2
3
2
3
1
1
5
0
3
1
4
1
9
1
2
0
1
2
1
8
6
19
11
2
3
3
6
4
5
7
6
1
2
1
4
143
105
100
134
119
103
3
14
11
15
3
3
8
3
4
1
3
3
3
1
2
4
1
1
4
2
3
2
4
4
3
1
2
8
4
10
5
11
3
1
7
9
1
2
4
3
1
1
2
3
43
84
117
114
90
98
6
2
3
0
3
1
1
2
6
1
1
1
2
0
2
0
1
3
3
1
1
1
2
2
1
1
4
0
1
2
2
5
2
3
2
0
1
1
2
1
1
1
2
171
80
199
90
187
93
24
4
1
3
1
4
2
3
2
3
0
2
1
1
1
1
3
1
1
1
2
3
1
4
3
6
1
1
2
3
4
2
4
2
1
7
5
4
1
1
2
4
127
141
108
114
103
117
16
2
1
1
7
1
1
1
2
1
1
1
5
3
1
2
3
2
2
1
2
3
2
1
1
2
3
2
4
2
4
8
8
1
4
1
3
2
1
1
2
133
146
124
148
109
128
1
3
1
3
1
3
2
1
0
1
3
1
0
3
5
2
3
2
1
4
0
2
2
4
0
2
13
2
1
2
3
6
1
1
2
1
0
3
1
5
102
129
110
123
143
123
5
9
7
4
2
5
2
6
2
3
5
5
2
3
2
3
1
3
2
2
4
6
7
6
3
2
4
1
2
3
3
10
1
2
5
2
2
3
1
182
233
114
208
87
99
6
7
4
1
4
6
2
6
2
4
0
7
2
10
4
17
2
1
4
1
3
11
3
10
2
3
2
1
1
1
1
2
2
6
1
1
2
2
184
187
207
151
201
201
13
0
5
1
2
1
4
7
6
1
1
3
2
1
1
3
4
2
3
2
2
1
10
2
4
0
7
1
7
1
1
3
9
1
1
2
1
239
266
164
310
193
184
1
4
3
6
0
3
10
4
3
3
1
9
2
4
17
10
4
2
1
2
6
3
5
1
1
1
3
1
1
2
1
7
0
1
1
1
84
126
157
82
100
190
3
3
2
1
2
1
3
7
2
4
2
3
1
0
3
2
3
1
4
1
0
1
2
3
0
0
3
2
1
0
1
6
3
3
1
180
229
197
155
207
155
5
11
2
2
2
3
1
2
3
3
2
1
1
2
2
2
3
1
1
1
2
9
6
1
2
2
3
2
1
1
3
7
3
4
98
218
226
111
111
204
3
3
6
2
6
2
5
3
1
3
1
1
3
1
7
9
9
3
5
2
7
3
1
4
3
1
1
2
4
1
3
1
1
169
175
166
118
175
138
1
2
3
3
1
4
5
8
2
2
2
13
1
13
10
2
3
2
3
12
2
2
2
3
2
2
2
2
2
3
3
5
206
120
193
149
209
246
4
1
4
1
1
2
2
2
0
0
3
0
0
3
2
1
1
1
4
1
2
0
2
7
1
1
3
2
7
2
1
160
140
147
203
210
191
6
19
1
3
8
3
2
3
3
8
1
4
5
2
4
2
6
5
1
1
1
2
2
6
5
4
1
1
3
2
155
159
158
146
140
167
8
1
3
3
2
2
5
2
5
1
8
3
1
3
2
5
3
1
3
3
2
2
5
2
4
1
1
2
2
120
120
120
109
106
138
2
1
2
2
3
16
4
6
3
2
7
6
4
6
2
15
3
2
1
3
3
3
5
6
0
5
3
6
157
197
165
132
188
177
0
2
0
3
0
0
0
1
2
4
1
1
0
0
1
4
0
1
0
1
1
1
1
6
2
6
1
112
155
181
125
139
201
4
12
1
1
1
1
2
8
8
4
1
4
1
8
0
2
1
5
1
1
2
4
1
3
1
3
137
161
164
154
167
225
4
5
5
4
2
2
3
14
8
3
1
2
6
2
1
1
3
6
6
11
2
5
3
6
13
120
176
101
131
101
96
4
4
5
1
2
6
4
4
1
1
2
3
3
2
2
3
3
2
2
2
5
3
6
2
74
103
117
93
74
97
2
3
3
4
3
1
4
2
3
3
2
1
3
1
2
3
3
5
2
1
3
6
2
149
104
153
105
148
101
7
3
0
1
3
4
3
4
2
4
1
1
1
3
4
16
9
6
1
3
1
3
51
133
93
37
49
92
11
3
2
2
2
2
2
7
1
1
1
1
1
3
5
18
9
3
2
2
4
64
54
11
81
17
16
11
3
11
4
5
4
12
9
2
3
1
2
1
4
18
7
1
2
1
4
134
173
139
115
107
150
2
6
4
2
0
1
2
1
1
1
2
2
4
3
1
1
1
3
5
91
94
89
117
96
121
5
2
5
1
2
6
2
1
0
2
11
5
7
2
3
4
3
5
116
151
171
134
147
173
7
5
2
4
4
1
3
1
2
3
11
8
4
4
2
1
3
83
135
116
97
75
86
1
2
2
5
3
5
2
6
4
1
2
4
1
3
6
14
107
148
86
114
88
80
6
7
8
2
1
2
2
2
1
16
5
2
0
1
2
96
137
110
117
100
133
7
10
1
1
3
5
1
2
6
3
1
1
1
1
157
75
78
74
74
119
29
1
4
5
7
1
3
2
3
1
1
5
1
117
111
110
84
114
77
1
9
7
9
1
4
4
4
5
6
2
7
141
182
124
123
132
110
2
2
6
0
1
1
2
0
5
10
8
113
137
134
102
101
199
4
7
0
1
1
1
0
3
8
6
123
169
182
133
124
147
7
0
2
6
3
1
2
3
2
109
126
93
112
89
120
1
11
2
2
3
5
4
2
237
252
245
333
344
361
13
5
2
1
2
1
2
154
253
274
148
159
307
8
12
4
3
2
4
284
292
343
333
322
319
8
1
2
3
8
218
149
259
172
222
166
1
4
1
3
196
306
191
192
318
186
2
2
3
88
95
154
244
86
96
12
3
120
128
130
215
157
193
2
312
357
261
362
301
297
