202
85
88
97
138
116
114
130
189
160
213
124
181
186
145
8
8
5
8
8
9
7
7
4
3
8
3
1
14
3
3
1
6
7
31
9
3
6
4
6
11
5
1
1
1
4
4
4
2
0
1
5
1
7
1
11
5
11
3
4
6
11
2
7
1
11
6
5
2
9
2
5
4
2
7
1
3
6
1
0
2
4
2
2
1
9
1
1
5
2
2
1
2
7
4
4
1
3
2
6
5
4
1
3
1
3
6
5
2
0
4
2
2
2
1
0
1
0
1
1
2
1
0
1
1
2
1
1
1
7
2
1
3
5
2
2
3
6
4
1
2
4
6
7
2
1
5
3
8
3
1
2
1
4
1
2
3
1
1
1
2
6
8
1
3
1
3
4
3
108
27
83
103
68
40
83
106
93
37
78
90
87
80
138
19
15
9
16
11
19
19
8
22
3
5
8
19
4
2
4
19
0
0
10
14
7
16
12
12
9
9
1
14
14
7
12
7
3
11
12
8
7
8
5
18
23
14
10
16
12
14
11
8
12
14
7
19
13
17
7
13
6
12
6
10
6
6
1
8
8
12
9
14
4
4
4
11
22
8
4
7
7
5
10
9
4
9
7
13
22
10
7
4
13
10
17
8
4
9
8
15
8
6
4
2
5
9
9
9
3
3
3
11
3
3
3
4
23
10
10
7
2
4
9
13
10
13
6
15
11
12
6
7
4
10
4
13
6
4
6
5
5
7
11
12
5
4
5
12
17
8
5
6
7
8
12
9
74
88
68
68
102
122
205
138
106
142
157
166
186
100
112
5
9
17
4
31
27
6
5
8
12
8
13
5
8
7
7
0
0
9
16
13
12
12
14
4
6
9
4
11
4
4
2
7
12
13
2
6
2
26
22
22
3
9
10
25
22
24
5
21
16
13
10
14
4
7
5
7
6
9
5
3
1
6
6
3
9
4
10
7
3
4
7
5
4
4
4
18
5
4
5
15
22
7
15
10
8
14
3
11
6
7
7
11
13
10
6
5
2
6
5
6
4
3
2
6
2
3
2
2
5
7
2
16
9
6
8
9
3
10
11
16
4
11
5
6
6
13
7
19
12
5
7
3
5
8
8
4
8
5
6
2
2
5
6
15
18
13
9
8
4
4
6
12
135
191
168
17
27
26
57
157
159
158
82
213
72
81
5
9
14
9
15
10
5
4
1
3
6
6
0
2
13
0
10
10
16
25
6
2
2
6
1
2
4
7
2
2
1
1
3
1
2
2
2
4
4
0
4
2
6
13
15
10
10
4
6
2
6
4
9
1
1
1
6
1
1
1
2
1
3
2
1
1
3
2
2
1
2
1
2
1
4
3
3
0
1
5
1
3
2
3
5
12
5
4
11
2
1
3
17
7
14
1
1
0
3
3
2
2
1
2
1
1
1
1
1
1
2
4
2
0
2
8
5
4
5
1
2
2
2
7
4
1
2
3
3
2
6
2
6
4
4
2
2
3
1
2
2
3
1
1
1
3
9
3
4
3
5
97
119
107
76
126
123
91
122
171
112
76
87
39
76
103
40
4
8
14
1
5
17
0
3
9
3
4
8
2
13
0
11
17
12
2
8
7
11
8
6
1
4
7
5
2
6
3
2
4
4
5
5
8
11
22
12
9
13
7
8
4
14
17
3
3
7
4
6
9
4
9
3
4
5
6
3
1
5
9
6
6
5
4
2
7
1
7
3
2
7
13
2
2
2
2
1
5
7
6
15
4
6
10
4
2
13
8
4
6
4
2
1
3
7
5
1
2
5
1
1
4
1
4
3
2
5
6
2
4
7
6
6
14
2
4
6
8
7
5
4
10
3
1
2
3
1
11
13
3
1
5
2
1
5
1
4
3
3
3
11
2
9
14
7
14
138
115
87
139
46
134
91
123
53
81
138
40
86
22
31
20
6
10
7
10
17
11
5
7
18
4
9
28
0
0
8
12
24
18
12
7
22
2
9
28
14
4
12
3
5
11
13
1
12
5
13
13
14
8
15
11
14
15
8
13
24
19
6
20
17
8
12
10
3
19
1
2
7
8
5
12
5
6
6
17
10
8
1
2
9
5
3
12
4
4
10
2
6
16
3
5
20
12
25
17
6
9
12
9
8
24
5
13
3
2
2
5
3
3
3
1
6
5
2
2
8
6
7
6
11
4
5
3
6
20
8
15
3
5
5
22
14
5
9
5
3
4
2
5
11
11
9
18
3
4
5
6
3
12
3
5
14
9
7
11
8
4
7
22
173
260
319
206
292
182
167
228
182
266
188
278
202
293
211
5
6
4
14
3
2
2
4
1
1
8
21
0
12
5
7
9
15
6
5
3
2
1
4
9
10
4
3
3
4
6
3
10
2
20
6
11
12
2
9
13
15
8
2
6
8
6
5
2
1
5
4
7
3
1
2
3
3
2
2
6
3
4
4
4
4
2
1
2
2
1
1
2
1
2
1
3
5
9
3
9
3
7
4
8
6
2
3
4
10
3
2
7
0
1
3
0
2
3
3
6
1
1
2
1
2
1
3
7
4
3
1
4
9
5
11
5
2
7
7
3
1
7
3
3
2
1
5
1
3
5
2
4
0
1
4
1
1
2
1
8
4
2
5
3
5
6
8
113
143
101
81
116
144
147
96
130
111
121
128
84
134
76
19
6
13
6
5
2
4
8
15
8
6
0
0
7
13
13
17
9
2
9
5
11
6
6
3
4
6
1
10
4
5
8
3
16
13
0
18
8
7
15
18
12
7
13
12
4
16
7
2
10
4
6
14
4
5
5
1
3
8
4
6
8
5
2
5
2
5
5
2
4
3
2
4
1
3
15
16
6
5
16
2
11
14
13
8
9
5
8
17
13
6
4
4
4
3
2
1
6
3
6
7
4
1
2
3
5
4
5
13
6
7
10
9
10
4
9
3
11
16
3
2
9
3
8
3
3
3
6
5
13
15
4
2
6
11
15
10
3
1
12
6
12
13
6
8
6
16
116
103
110
150
89
95
32
121
62
50
123
76
60
81
78
5
11
2
13
2
3
7
10
1
9
0
0
8
8
11
8
8
7
7
7
3
6
10
5
5
11
2
5
4
4
14
12
4
13
0
13
9
11
11
11
11
8
8
17
2
14
7
14
8
12
2
9
6
6
7
10
3
7
3
3
5
14
5
6
4
5
13
9
4
4
3
4
11
12
3
6
10
9
17
10
4
13
13
12
7
19
2
10
9
11
7
7
1
3
7
7
9
7
11
4
2
4
3
9
4
3
14
6
11
13
2
6
3
9
17
10
2
5
4
4
8
12
3
3
3
10
3
13
6
6
3
6
5
14
1
9
3
5
6
15
6
6
5
5
4
13
207
245
302
239
357
210
212
170
212
251
240
267
226
302
253
3
1
1
0
2
4
4
2
4
0
0
7
6
4
3
2
1
5
2
1
2
4
3
2
5
1
6
1
1
4
2
10
3
0
20
3
8
3
4
2
4
4
8
1
2
4
12
4
4
1
4
0
3
3
4
1
1
0
1
2
4
2
2
0
3
0
1
0
0
1
1
0
0
1
1
0
1
4
3
5
3
7
3
2
0
2
2
1
1
2
0
0
2
3
1
1
1
0
0
0
1
0
1
0
1
3
1
1
1
7
2
4
3
2
0
1
1
2
1
4
1
0
1
3
3
2
1
2
2
0
1
3
1
1
0
0
1
2
3
3
1
2
1
2
3
192
176
157
113
169
161
142
80
179
219
105
211
113
227
113
6
3
2
1
4
16
4
4
0
7
2
7
8
6
7
3
2
2
3
3
6
4
13
5
1
6
3
6
8
4
3
6
11
2
6
18
3
9
5
3
5
6
2
4
12
2
13
1
0
5
2
9
3
5
4
8
2
1
3
3
2
3
10
4
1
6
2
5
4
1
2
1
3
3
6
2
6
6
5
4
13
4
2
3
3
15
11
6
2
3
3
2
7
2
2
1
4
2
4
1
8
1
1
6
5
2
12
4
3
16
10
7
3
3
5
3
4
6
5
3
2
4
5
4
3
3
4
13
3
1
8
4
3
5
1
5
3
4
2
7
4
10
3
4
164
207
120
196
172
150
131
206
193
117
212
173
172
163
226
2
3
12
1
6
8
1
0
0
1
7
5
7
4
5
1
3
3
2
6
5
5
20
3
6
2
2
4
3
2
5
8
11
9
12
4
5
6
2
4
13
1
9
9
3
6
4
1
4
3
2
0
4
1
2
1
4
1
7
2
3
7
4
3
4
2
3
2
3
1
3
3
5
2
3
3
4
5
7
8
4
5
3
5
11
8
16
2
2
1
4
5
3
1
3
3
1
3
2
1
3
2
3
6
13
0
5
1
23
4
43
2
1
3
6
9
6
3
4
3
1
3
2
2
2
3
6
2
2
2
5
0
2
5
2
2
2
3
3
3
15
5
6
243
194
224
231
285
156
235
212
297
148
199
181
199
260
243
2
1
3
1
1
2
0
8
2
3
2
2
4
2
3
2
2
5
3
2
1
1
0
10
3
0
5
1
4
6
8
2
1
4
5
15
5
1
5
3
5
5
2
0
3
1
3
2
2
5
1
1
0
5
19
1
1
2
2
1
1
0
6
3
4
2
2
2
2
0
4
30
3
2
4
1
2
2
4
0
1
1
3
3
1
1
3
1
2
3
1
2
1
1
4
3
1
1
1
1
1
1
3
3
1
2
1
5
4
4
2
4
2
2
0
3
2
3
1
5
1
3
1
1
4
1
9
2
1
1
0
1
0
2
5
6
5
4
0
1
4
1
177
182
177
159
165
305
304
188
237
265
184
245
199
230
157
22
3
1
3
1
0
5
3
1
1
10
3
6
1
1
2
2
2
1
1
1
5
12
2
2
2
1
4
6
11
2
2
4
3
7
7
1
7
5
2
3
5
0
2
2
3
3
2
3
1
1
1
9
2
10
4
11
3
2
0
2
3
19
7
2
2
6
4
1
2
9
2
15
2
3
7
2
3
2
1
5
2
1
4
18
3
6
10
10
1
3
1
1
1
4
3
3
1
1
1
2
4
3
5
2
4
2
4
3
5
3
3
3
1
2
1
0
5
12
15
1
2
10
2
3
9
4
2
1
2
1
0
3
6
23
10
4
1
0
1
5
74
83
149
43
164
90
106
60
139
99
199
106
105
171
69
7
3
9
3
0
0
0
2
7
5
5
14
1
1
4
12
3
2
4
2
1
16
3
3
2
2
6
2
8
2
2
4
13
17
5
1
14
7
3
6
5
3
7
2
4
8
3
19
1
4
4
8
2
4
5
3
10
3
7
5
10
6
6
6
4
6
5
7
3
6
7
8
1
8
11
8
7
2
4
2
4
8
14
9
1
4
7
4
2
7
1
4
6
4
2
6
2
2
5
3
4
9
3
6
2
3
8
13
0
2
5
5
3
10
4
1
10
6
3
7
3
1
6
5
2
5
3
3
4
2
3
2
5
3
12
15
7
3
4
6
273
129
233
194
198
140
261
223
187
164
119
91
199
177
174
11
7
1
0
10
2
16
13
1
2
2
13
10
1
1
1
1
4
3
2
2
3
4
3
3
1
2
0
7
4
3
11
2
3
2
6
6
4
2
3
3
4
5
3
1
0
1
10
0
2
1
0
3
0
2
5
1
0
1
2
1
1
0
8
9
5
1
2
1
1
4
4
20
4
5
3
4
2
2
9
4
3
2
1
1
1
0
3
4
0
2
2
0
0
0
2
2
1
1
1
2
1
2
4
19
3
4
2
2
3
0
2
7
3
2
1
2
1
5
5
4
4
3
0
4
1
2
3
0
0
1
3
1
6
4
3
1
1
6
275
217
281
293
247
262
273
291
282
230
230
305
281
243
253
1
1
0
0
4
6
2
3
2
1
4
18
2
5
5
1
11
2
1
6
2
1
10
6
4
3
10
3
9
9
1
7
4
1
12
16
1
2
1
2
7
15
1
3
2
4
4
5
1
10
3
2
3
2
2
3
1
14
3
2
3
0
10
6
6
4
1
2
3
3
4
2
7
7
4
2
2
7
4
4
3
3
2
1
3
3
11
1
1
13
0
3
1
1
1
4
1
3
3
2
3
1
1
7
5
9
3
0
1
2
2
7
6
4
2
1
6
8
25
5
13
5
1
1
4
9
0
2
1
3
9
4
4
1
9
3
3
4
184
184
253
207
300
212
133
205
167
162
216
159
183
217
183
2
0
0
2
2
4
8
5
3
2
1
4
2
4
3
5
2
1
5
1
1
2
2
1
7
12
9
2
5
3
5
7
3
2
16
1
4
3
6
3
1
1
10
1
2
1
2
10
6
1
2
2
2
3
1
15
3
1
3
1
2
1
3
3
1
2
4
3
1
5
6
7
8
5
1
4
0
4
3
4
1
1
0
1
2
5
2
1
1
1
4
4
2
2
2
1
3
3
2
2
5
5
9
8
14
1
0
1
4
3
3
8
3
1
3
2
1
1
0
3
3
1
4
2
2
5
2
2
2
2
1
4
4
5
3
2
7
96
229
226
226
250
142
145
129
128
273
295
275
268
239
306
0
14
18
15
10
22
5
5
2
1
1
6
5
7
4
3
2
3
3
1
2
8
14
12
0
6
1
7
13
24
23
10
8
10
3
7
7
2
1
12
3
17
0
3
2
3
1
2
3
6
2
2
15
2
1
1
6
2
0
3
2
2
1
3
2
3
1
8
5
3
5
4
10
8
5
4
2
18
10
6
5
2
0
2
1
2
1
1
3
2
1
2
0
3
2
1
4
6
1
1
2
3
6
7
5
4
3
9
0
3
3
3
11
4
1
6
3
3
3
3
1
4
1
3
1
1
1
1
15
2
2
5
6
3
2
7
0
0
0
0
0
0
0
185
0
0
0
0
0
0
0
0
0
25
0
0
16
0
0
10
0
0
15
0
0
4
0
0
11
0
0
5
0
0
0
0
0
8
0
0
32
0
0
19
0
0
14
0
0
12
0
0
5
0
0
5
0
0
19
0
0
19
0
0
4
0
0
10
0
0
5
0
0
11
0
0
15
0
0
8
0
0
13
0
0
9
0
0
8
0
0
3
0
0
3
0
0
8
0
0
3
0
0
5
0
0
12
0
0
3
0
0
9
0
0
8
0
0
11
0
0
6
0
0
10
0
0
9
0
0
5
0
0
10
0
0
3
0
0
14
0
0
8
0
0
18
109
0
0
0
0
0
0
0
0
0
0
0
0
0
0
12
17
0
0
0
0
14
11
0
0
0
0
11
8
0
0
0
0
5
10
0
0
0
0
10
17
0
0
0
0
25
25
0
0
0
0
20
12
0
0
0
0
8
10
0
0
0
0
10
9
0
0
0
0
9
9
0
0
0
0
11
7
0
0
0
0
19
7
0
0
0
0
10
11
0
0
0
0
8
6
0
0
0
0
12
3
0
0
0
0
3
11
0
0
0
0
4
10
0
0
0
0
16
11
0
0
0
0
12
11
0
0
0
0
9
7
0
0
0
0
6
8
0
0
0
0
24
14
0
0
0
0
8
9
205
159
133
278
191
153
173
207
162
148
207
248
139
166
218
19
7
12
2
5
41
1
1
6
10
3
1
2
1
6
4
1
1
1
4
12
0
16
10
3
8
6
7
6
7
9
1
10
6
18
2
3
1
12
0
2
7
4
1
2
4
2
0
5
3
5
0
1
1
2
0
2
3
2
1
1
1
4
2
2
13
2
5
3
8
4
4
4
1
9
3
1
3
1
1
2
2
3
2
1
1
2
1
1
0
1
0
2
2
1
0
1
4
4
2
6
5
5
0
5
5
9
3
1
4
1
3
4
1
4
3
5
1
0
1
1
1
3
1
1
5
2
1
5
10
1
5
2
226
265
146
254
298
215
124
186
234
131
318
275
136
139
254
25
11
17
2
11
5
2
1
13
3
4
7
4
2
5
2
6
5
5
4
16
12
7
7
7
19
19
14
20
16
4
8
6
9
6
28
3
8
2
6
8
10
3
4
4
3
2
9
7
2
5
3
3
4
2
1
16
2
8
4
2
3
6
1
9
8
20
8
13
4
3
3
8
12
13
4
4
6
1
1
4
1
3
2
2
1
4
1
1
1
1
1
8
4
1
3
7
11
12
8
5
4
2
2
14
9
5
6
8
1
6
2
6
9
7
5
2
3
4
13
4
3
7
3
4
5
6
4
13
11
10
12
126
171
104
157
149
122
204
161
159
95
140
135
131
123
151
11
11
4
15
5
5
2
11
10
5
4
7
9
2
6
4
6
11
10
0
11
14
10
13
5
9
11
27
21
2
11
9
9
16
13
2
12
1
6
15
7
5
4
5
5
17
8
14
10
2
7
16
2
1
3
5
2
6
4
4
4
5
4
21
9
12
6
10
12
5
3
14
9
5
14
4
3
6
3
2
2
3
2
5
1
3
1
2
2
3
1
7
4
5
5
7
4
9
11
11
14
3
10
8
9
18
7
12
9
9
10
5
14
16
5
3
3
6
9
2
3
2
5
14
9
5
4
16
11
12
6
114
119
138
177
165
88
186
170
104
106
119
166
209
136
149
6
5
7
2
3
7
2
3
1
5
2
10
7
3
2
5
12
25
12
7
2
8
13
9
15
6
11
28
9
8
5
7
3
4
7
6
1
6
2
5
1
2
2
6
2
3
3
2
1
3
4
6
2
5
2
3
1
3
6
4
4
8
8
7
8
2
7
7
17
5
4
15
5
11
8
1
2
2
1
1
5
3
5
1
0
2
0
2
1
3
5
4
1
3
1
2
3
9
7
12
7
8
4
7
2
6
5
5
1
7
4
3
7
9
4
1
1
3
2
4
1
5
11
5
6
5
7
3
1
7
255
254
104
203
200
250
105
208
181
120
224
263
107
129
192
13
5
8
3
6
7
3
5
3
5
2
3
2
4
5
6
13
11
14
5
18
13
7
13
4
9
19
6
7
7
5
4
5
1
7
3
8
3
3
2
3
3
2
4
8
6
1
3
4
3
10
2
7
3
4
4
3
3
3
9
3
5
13
7
2
7
13
10
9
4
7
9
5
1
4
9
3
3
4
2
4
5
3
2
3
1
3
2
1
3
5
2
4
3
1
2
9
1
10
4
10
1
6
9
5
7
3
8
6
5
6
13
6
4
1
3
8
2
2
2
3
7
8
11
8
7
5
2
10
237
198
130
220
212
186
148
230
182
116
188
172
169
172
195
2
3
1
11
3
1
5
0
1
3
2
1
5
2
2
14
0
4
1
8
6
5
9
1
11
8
3
3
6
5
4
2
0
2
3
2
3
1
1
5
1
4
8
5
1
2
3
2
9
13
5
3
1
1
4
1
1
4
1
7
3
7
4
3
6
6
2
8
2
6
1
9
3
2
3
4
0
3
2
2
5
2
2
2
1
1
3
2
4
7
3
2
2
2
4
10
2
2
3
10
1
6
5
4
2
15
7
6
4
3
7
6
4
6
2
2
1
2
2
1
3
2
8
7
10
4
3
3
311
230
173
161
232
219
185
148
215
210
177
209
126
181
186
7
17
2
6
2
3
1
5
4
3
3
2
3
2
4
8
7
8
4
2
7
18
5
6
7
2
6
3
7
3
4
1
2
1
1
5
9
1
4
1
0
1
2
5
3
1
3
1
2
2
1
5
2
2
3
2
2
0
1
3
4
7
8
2
4
5
1
3
6
4
2
4
0
1
1
1
1
2
1
2
0
1
1
1
3
1
1
4
0
0
2
3
4
6
2
5
1
2
4
4
3
4
2
1
1
3
1
23
2
7
4
10
0
2
2
1
1
3
1
3
8
6
1
3
0
1
4
184
190
187
177
209
252
202
191
244
200
196
256
241
241
213
8
0
3
1
5
4
1
1
3
1
2
9
3
1
0
8
3
3
5
4
4
1
3
17
4
2
2
2
4
12
1
2
0
1
6
1
3
12
0
2
3
5
8
6
4
2
2
2
3
1
14
6
5
4
2
6
0
1
5
16
11
6
3
6
3
1
4
3
2
3
1
0
1
3
5
9
2
13
3
1
2
0
3
10
3
0
1
4
1
1
1
5
3
1
1
0
1
4
2
2
10
6
2
2
4
4
2
14
14
4
5
1
2
3
1
2
1
1
6
2
5
2
5
3
2
20
160
203
178
234
197
155
172
174
170
197
156
174
179
225
190
1
1
1
5
7
0
2
3
3
6
6
5
1
5
2
2
7
1
10
3
1
10
5
1
3
1
4
2
1
1
5
0
1
3
1
4
3
1
4
2
1
3
3
2
10
2
2
3
0
3
10
5
2
1
2
2
1
4
17
10
10
2
3
1
2
3
4
3
4
0
1
7
4
3
8
6
0
1
1
2
2
4
4
8
3
1
1
2
8
1
5
6
4
2
2
1
4
1
4
9
7
1
1
1
2
2
5
6
6
4
3
4
1
3
1
1
2
4
4
12
8
2
2
4
6
165
149
125
190
197
144
144
228
189
225
167
228
171
212
211
6
3
3
1
14
1
3
2
8
0
6
11
11
4
1
7
8
2
7
3
6
6
7
2
4
4
7
1
5
3
2
3
1
2
1
1
5
2
6
6
2
1
1
1
3
3
4
3
4
2
3
3
3
6
3
2
3
4
4
5
8
6
4
19
5
3
2
6
10
4
3
1
0
1
1
2
3
1
3
2
1
0
1
2
3
4
6
7
2
1
4
4
2
21
5
9
0
4
3
1
5
5
2
4
1
2
2
2
5
6
5
3
1
2
1
1
15
4
5
3
2
1
3
2
24
17
30
24
17
159
175
163
144
122
115
144
174
145
132
5
5
3
3
4
2
9
2
2
3
6
23
15
6
3
4
5
12
5
7
6
1
8
8
9
5
3
5
13
2
3
6
0
1
2
3
10
4
5
2
2
1
2
2
5
1
8
2
4
2
1
3
6
4
1
11
3
3
3
6
10
3
2
3
9
5
4
3
2
3
2
3
2
3
2
3
3
2
8
2
1
2
3
3
12
5
3
2
2
5
9
4
2
6
6
4
3
5
3
1
3
6
5
4
6
8
4
2
7
5
8
2
1
3
4
3
3
2
10
6
5
3
8
148
183
179
141
190
220
204
233
239
233
255
283
186
220
252
2
7
2
3
1
0
2
3
3
3
7
3
2
3
6
11
3
7
8
5
2
3
1
2
2
1
1
5
1
4
1
6
0
2
1
2
1
4
5
8
3
2
4
1
0
2
4
1
4
1
1
4
1
2
6
1
4
5
4
5
2
1
4
13
4
4
1
1
1
2
4
6
1
1
0
2
1
1
2
1
1
1
1
1
1
1
5
8
8
5
5
2
2
9
4
2
4
3
1
7
3
1
1
2
1
2
0
1
1
1
2
4
1
1
3
6
2
5
7
3
2
3
307
234
219
232
263
221
242
228
266
171
256
212
181
188
209
6
2
2
2
2
1
5
2
3
0
9
7
8
4
3
4
6
4
8
1
3
1
1
7
2
0
4
1
3
1
9
5
2
1
2
1
7
4
3
2
3
0
2
1
1
5
5
3
2
1
4
1
2
5
3
5
3
6
3
4
4
4
3
6
4
1
1
3
1
3
5
1
2
0
1
2
2
2
3
1
1
5
1
1
5
3
9
10
10
2
7
3
1
3
2
12
4
3
1
1
3
1
3
6
4
1
1
2
2
2
3
1
1
1
1
2
2
4
12
2
7
202
280
260
240
238
169
229
150
185
242
266
232
209
235
240
1
3
2
1
4
3
1
4
11
2
11
8
2
2
7
1
2
5
0
4
2
2
3
2
0
3
1
2
1
5
1
1
1
1
1
2
1
2
4
7
0
2
1
1
6
2
2
1
0
1
2
2
3
4
4
3
3
12
1
4
3
3
5
6
3
1
1
2
1
7
0
2
0
1
2
5
2
6
1
2
1
3
1
2
2
4
5
9
2
1
2
7
3
1
5
5
1
3
1
2
1
3
3
2
2
6
1
1
2
1
0
7
2
3
1
1
3
5
3
8
270
227
323
331
286
298
267
236
312
280
229
330
315
310
258
0
5
1
1
2
5
4
10
8
1
3
3
2
10
0
3
8
5
1
2
2
2
2
2
6
2
2
0
1
1
3
5
1
1
1
1
1
0
2
2
4
1
4
1
3
3
1
2
1
7
1
1
2
2
2
5
3
2
1
3
11
1
2
2
3
0
4
2
0
1
1
3
0
2
1
1
1
0
1
2
2
1
5
0
2
2
5
3
3
3
4
0
3
2
1
2
3
1
1
1
1
1
2
1
1
0
2
0
2
1
4
7
1
4
2
2
1
1
5
183
182
185
211
240
123
152
267
207
204
143
189
155
174
238
2
1
3
13
3
4
10
8
9
2
8
10
5
2
6
6
4
7
3
2
13
2
1
3
2
5
1
2
2
5
1
4
2
2
2
1
1
7
3
2
3
4
19
5
4
1
2
5
4
2
2
3
4
5
4
4
3
2
2
3
2
1
2
1
7
2
0
4
1
2
1
2
3
2
3
1
2
1
1
4
4
0
1
5
2
5
2
7
2
3
1
3
2
2
4
4
5
4
3
5
5
4
1
3
3
3
2
2
1
2
3
1
4
3
4
5
0
8
277
312
304
244
260
272
327
202
283
274
249
250
214
278
214
2
3
5
6
7
4
2
1
4
3
4
6
1
2
5
2
9
4
3
1
7
6
2
4
2
2
1
1
5
2
2
2
1
4
1
0
0
2
2
2
1
2
3
3
1
3
3
3
3
2
9
3
2
8
4
2
6
2
2
2
27
1
2
1
0
3
0
1
2
2
1
1
1
0
1
0
1
4
5
1
5
1
1
3
2
2
7
2
1
4
1
1
1
2
0
1
1
0
3
2
1
3
2
1
4
1
2
1
4
4
2
2
3
1
1
1
2
267
198
217
336
274
234
308
268
308
323
217
218
215
270
277
1
2
2
3
3
2
1
4
3
3
2
2
3
4
1
6
2
2
0
0
0
4
1
1
7
2
1
1
3
1
3
2
1
0
2
1
2
2
1
1
4
2
2
2
1
1
2
4
1
6
2
2
1
2
2
1
1
5
2
3
1
0
1
2
5
2
1
1
1
2
0
0
0
2
1
1
1
2
1
3
1
0
1
5
2
6
1
7
1
1
1
2
1
1
1
1
2
2
2
4
1
2
3
1
0
2
2
1
5
1
2
2
1
2
1
5
259
200
172
275
263
244
233
249
301
204
200
251
170
215
266
4
3
3
9
3
6
10
3
5
4
0
9
6
4
8
4
1
5
8
2
5
1
1
2
1
1
14
3
1
4
4
3
6
2
1
2
3
2
2
4
5
8
3
1
4
6
2
7
4
7
4
5
5
5
2
2
2
2
4
2
0
1
2
3
6
2
2
2
0
2
2
1
1
1
1
10
3
6
3
3
3
2
6
6
2
1
5
2
3
2
4
1
2
2
4
5
4
7
2
1
2
3
2
2
2
4
1
2
5
2
4
2
4
5
4
214
292
206
243
219
197
212
246
238
209
197
193
200
184
277
3
4
0
4
6
4
10
6
3
1
5
14
2
4
6
3
5
2
2
1
2
3
2
4
2
8
1
0
1
3
1
4
3
3
5
2
1
2
6
9
11
4
2
1
6
5
14
10
6
8
1
2
2
2
4
4
5
7
1
3
2
1
8
4
1
2
2
2
3
6
2
2
3
6
2
3
2
1
2
5
14
6
2
2
3
5
1
5
2
3
3
3
1
2
0
3
5
7
9
8
2
4
1
3
3
3
4
4
3
5
8
5
1
15
161
157
216
191
215
189
122
171
180
116
189
174
168
184
204
6
14
13
2
10
13
7
9
6
15
11
26
3
8
13
6
7
7
11
3
4
4
6
2
2
5
2
1
6
4
1
2
1
6
1
2
3
4
2
6
1
2
5
5
7
7
4
3
3
7
15
5
11
2
7
4
6
4
1
0
1
1
1
5
1
1
1
1
1
1
2
2
1
10
7
1
2
8
2
6
3
9
4
12
10
6
15
5
1
12
2
6
2
4
7
10
2
6
4
2
3
1
2
3
2
7
6
4
3
4
5
3
5
163
153
154
145
94
148
117
168
109
137
120
74
133
90
148
37
6
9
11
14
14
19
6
8
9
4
16
8
2
8
13
10
13
12
6
7
6
1
4
3
7
7
2
2
10
2
1
3
4
5
4
2
2
4
5
3
11
12
7
4
7
5
5
8
12
13
3
4
10
16
3
4
4
2
1
1
2
7
4
4
3
3
1
2
2
2
3
9
17
6
10
3
3
3
3
7
7
12
10
1
6
7
4
5
4
6
10
5
3
5
5
3
5
5
2
1
1
4
1
11
5
4
10
4
1
12
6
141
0
113
114
0
0
107
121
0
0
0
0
101
0
0
14
12
11
15
0
0
3
16
14
18
0
0
7
9
13
17
0
0
7
5
6
5
0
0
9
14
9
7
0
0
4
16
11
7
0
0
10
5
7
9
0
0
12
19
15
15
0
0
17
26
17
14
0
0
9
6
6
4
0
0
10
8
9
10
0
0
7
10
9
5
0
0
22
11
20
9
0
0
28
9
14
14
0
0
11
9
13
11
0
0
18
8
6
10
0
0
9
15
13
3
0
0
4
17
13
15
0
0
5
10
16
77
88
110
134
106
124
132
131
108
92
114
75
133
115
109
7
7
12
9
7
3
6
10
5
8
4
14
6
2
5
10
1
3
6
8
4
7
6
4
6
9
19
2
2
4
2
3
3
1
2
3
3
2
6
1
3
4
14
5
11
9
17
6
4
3
9
8
2
8
2
1
3
3
4
2
2
1
4
2
1
1
5
2
4
4
2
4
1
2
11
16
10
11
13
3
2
5
3
13
10
8
8
4
6
3
5
10
11
8
3
4
6
12
17
4
5
2
3
2
4
2
9
13
2
9
247
222
164
208
198
214
177
217
190
175
215
194
197
208
198
7
7
10
8
8
10
18
4
10
4
4
5
2
3
3
2
3
7
3
5
4
1
1
2
4
4
4
7
5
2
1
2
2
4
3
2
1
2
2
3
1
8
5
12
3
13
2
2
2
15
11
3
9
1
1
4
3
6
7
3
0
4
1
3
1
1
3
3
3
6
6
1
4
1
6
4
16
1
1
2
3
2
3
3
3
4
2
3
7
3
5
7
5
2
6
2
2
10
1
7
4
3
1
4
4
5
3
1
6
118
115
105
127
144
102
117
107
128
116
162
76
112
99
86
6
3
10
7
10
7
6
6
7
11
8
6
4
7
2
2
5
2
5
1
5
3
2
9
5
7
2
10
5
3
2
1
12
5
5
3
2
3
7
6
15
7
12
6
10
9
8
4
5
9
9
25
5
1
4
2
2
6
6
5
6
3
2
3
5
2
2
3
7
8
4
4
8
6
14
22
8
1
1
4
3
17
7
2
4
2
4
5
2
5
5
3
2
4
6
4
4
2
5
4
12
2
8
2
11
5
7
20
161
104
165
163
158
155
141
215
210
97
136
144
131
134
184
9
16
11
9
19
4
8
7
16
8
23
7
9
2
2
7
4
2
2
6
2
2
6
7
2
5
10
15
2
7
2
5
3
5
3
3
4
4
4
7
17
10
1
12
9
9
3
6
9
16
2
4
2
2
1
1
3
5
5
3
2
3
4
3
3
2
2
7
5
4
2
11
4
6
7
19
5
5
4
2
12
2
8
12
0
4
6
9
7
1
4
1
5
7
6
1
3
1
5
24
5
14
3
4
6
8
5
119
151
134
154
112
107
93
98
51
127
172
111
132
105
127
19
3
13
25
3
6
7
5
8
7
2
6
2
5
5
7
2
5
6
8
3
13
1
9
2
5
3
9
6
5
12
4
17
4
4
12
7
10
6
10
7
10
13
11
4
8
6
8
4
6
1
3
6
4
3
4
4
2
7
2
1
4
2
1
4
1
5
7
4
2
2
2
2
4
4
3
2
4
3
7
7
3
8
10
6
11
2
8
2
15
2
6
2
5
1
1
2
3
19
12
6
8
7
5
7
9
158
145
131
218
131
224
203
178
179
224
164
164
139
156
138
4
18
17
9
11
12
6
3
14
5
17
8
6
4
12
2
6
5
6
4
8
7
1
1
6
11
4
10
5
5
11
4
4
2
9
1
4
10
13
9
4
12
6
4
2
5
12
19
3
5
1
4
3
2
1
3
3
5
2
2
1
5
3
3
1
13
5
4
7
5
7
7
9
9
14
6
6
1
6
11
6
9
9
6
16
8
4
14
12
9
3
3
5
2
4
1
4
11
13
13
7
5
3
6
7
292
297
296
105
101
284
290
107
100
278
106
102
101
101
64
8
14
1
5
6
9
4
4
1
4
0
0
6
4
2
1
7
2
0
8
3
0
1
1
9
2
0
1
7
0
4
1
2
3
2
1
14
1
7
1
7
3
3
0
0
3
2
1
6
1
1
0
4
2
3
1
1
0
0
1
0
0
0
0
5
0
2
2
4
8
2
5
5
2
2
2
4
3
11
3
1
2
1
5
7
3
3
5
13
0
2
4
0
1
2
0
9
1
5
0
6
0
2
2
128
151
101
147
81
187
209
216
193
152
238
142
199
176
152
34
3
4
8
4
11
7
3
4
2
4
2
5
2
3
7
3
2
7
4
2
4
2
6
5
6
6
12
6
8
3
5
2
8
9
8
17
15
6
10
6
4
3
10
19
6
5
4
1
4
1
5
4
4
2
3
2
2
3
2
1
1
2
13
3
1
1
7
4
8
9
8
3
3
4
6
1
4
2
5
0
7
8
10
11
7
9
6
1
4
6
2
2
7
1
10
5
3
4
22
7
5
7
156
192
194
233
118
138
172
141
116
192
157
162
190
147
115
10
9
12
9
7
22
4
8
3
4
11
10
2
3
4
4
5
9
10
4
1
3
6
3
8
2
6
6
11
2
9
8
4
8
7
13
19
9
7
4
8
2
7
17
4
9
3
3
3
2
1
6
6
3
4
1
4
2
7
3
5
2
2
6
3
10
4
9
6
11
7
5
5
16
13
4
9
5
6
3
10
8
13
10
15
5
2
1
6
9
3
6
3
4
25
12
8
5
7
5
12
10
240
147
316
318
273
141
227
232
284
149
139
160
292
251
269
2
2
1
8
2
7
4
1
3
1
1
1
2
2
1
1
2
1
1
6
1
7
1
1
2
2
1
2
0
1
7
9
0
2
2
2
2
7
3
1
3
1
4
1
3
2
0
1
1
0
0
3
2
7
1
1
1
1
1
1
1
7
1
3
1
1
1
6
4
4
1
5
3
2
1
1
1
8
3
3
0
0
1
6
5
5
1
3
2
1
2
2
2
10
9
3
3
1
1
3
3
87
47
79
100
68
123
148
148
154
120
135
151
117
164
127
14
10
7
3
2
8
3
3
3
2
4
4
2
8
8
5
2
7
3
3
7
2
4
5
3
8
3
1
2
6
5
10
11
9
10
4
14
10
5
7
1
6
6
8
9
1
2
1
2
3
5
5
5
2
3
3
2
2
1
1
8
11
6
4
5
4
3
13
5
7
2
6
2
3
6
4
4
5
12
3
4
2
4
3
3
7
8
6
4
4
3
8
8
2
3
7
6
8
2
15
117
90
91
95
101
68
85
86
107
167
132
169
140
202
132
8
4
1
4
3
0
8
3
2
2
1
1
3
6
7
10
5
0
3
6
5
2
2
1
2
5
2
3
4
4
1
8
2
6
1
6
2
9
2
5
6
5
4
2
1
3
2
2
2
5
1
3
1
1
1
1
1
3
0
2
5
3
0
3
1
3
4
2
3
4
4
2
5
11
4
2
3
3
4
3
1
6
2
2
1
1
4
1
2
1
2
10
5
6
6
3
5
4
4
151
126
131
142
8
77
85
86
6
242
216
27
203
57
22
8
9
0
10
1
1
6
4
1
2
3
1
2
3
2
2
3
3
3
1
1
2
2
0
5
2
2
4
3
1
17
2
5
2
15
3
7
2
4
8
2
6
5
2
2
2
1
1
5
1
3
1
1
4
2
1
1
1
2
2
3
3
5
3
3
3
3
2
1
4
2
2
11
1
4
2
1
4
4
4
1
4
0
0
5
1
3
3
2
3
3
2
2
2
3
6
7
2
203
200
108
83
85
167
117
91
87
73
111
31
10
205
5
4
2
10
2
2
2
5
2
3
6
2
1
4
4
4
5
5
3
3
3
2
4
1
3
1
1
3
7
1
8
3
4
9
6
3
2
1
3
7
2
8
1
4
2
1
4
2
2
0
2
2
2
2
4
0
1
2
4
4
1
2
2
4
11
3
1
3
4
5
1
5
2
3
3
1
2
3
2
4
14
6
2
1
2
3
4
2
4
5
3
2
4
5
5
5
3
5
163
188
130
188
107
138
146
179
87
103
200
94
108
100
106
3
2
0
1
4
4
1
5
1
1
0
1
4
4
1
3
3
1
1
3
4
6
1
1
2
1
1
2
7
11
5
2
4
17
2
5
2
3
2
4
1
2
2
3
2
2
1
2
2
1
1
0
3
1
2
1
9
1
0
2
3
3
4
8
2
3
4
2
6
2
3
2
2
1
3
5
11
2
5
4
1
2
2
5
1
2
2
1
5
5
6
2
3
2
3
2
383
376
362
379
342
357
11
2
3
2
2
0
3
1
2
1
1
3
1
1
1
3
1
2
3
2
1
3
1
2
5
5
5
2
5
9
1
6
4
9
6
2
6
2
3
13
1
1
1
1
2
1
1
3
4
2
1
0
1
1
1
13
7
3
4
0
1
1
8
2
6
8
7
1
2
4
2
6
2
3
2
2
2
8
3
7
3
2
3
0
2
2
1
8
2
8
6
3
3
3
5
228
183
219
221
165
139
4
2
3
2
1
6
12
5
5
3
5
8
2
6
3
2
5
6
4
2
2
2
2
5
6
7
13
6
11
5
12
7
13
2
4
4
2
5
6
2
2
3
3
2
4
6
6
2
1
3
2
2
2
5
5
5
3
11
6
5
4
9
8
8
4
19
3
10
6
4
2
4
13
4
3
9
8
6
7
4
4
7
2
2
3
5
14
5
4
7
9
1
2
6
298
350
299
267
304
275
2
0
0
0
4
2
2
1
1
1
0
0
2
5
3
5
2
1
2
1
1
2
3
2
1
1
4
4
2
10
2
7
13
2
5
3
9
2
1
1
1
1
1
1
2
4
3
2
2
1
1
1
2
3
2
8
8
2
2
1
3
2
12
5
6
2
1
1
1
1
1
6
3
3
1
2
2
6
3
4
3
3
0
1
3
7
1
3
6
2
1
1
2
323
208
271
205
255
201
0
1
1
4
1
2
1
3
4
5
1
4
3
4
4
1
1
3
2
4
2
3
14
3
2
2
3
1
5
6
6
6
4
5
1
4
3
3
2
5
2
2
2
3
3
4
2
3
0
8
1
2
2
1
2
5
1
1
2
6
1
6
2
6
0
2
3
2
3
5
5
7
1
3
5
2
2
5
3
4
1
1
2
2
6
9
9
8
1
5
3
7
321
351
326
364
352
374
3
1
9
1
1
0
3
3
4
0
1
5
1
1
1
7
12
1
1
2
1
1
2
6
1
8
5
7
1
1
1
4
8
2
3
0
0
0
1
1
2
1
0
1
0
1
0
2
3
0
0
2
0
0
2
3
2
8
7
4
1
1
2
6
1
3
8
1
1
1
2
3
5
4
3
0
0
2
1
2
0
1
1
2
1
3
2
5
4
2
4
350
288
353
287
387
291
3
1
5
1
2
2
5
2
1
2
3
2
2
1
3
1
2
2
0
2
3
2
6
6
7
1
6
4
3
6
3
6
4
3
1
1
2
0
3
4
0
0
0
1
0
0
1
0
1
1
4
1
1
1
8
4
6
4
3
1
1
4
1
2
3
2
2
2
1
2
3
3
6
2
0
1
2
3
5
1
1
1
3
3
4
1
4
4
4
2
270
313
265
316
303
316
2
3
3
2
2
1
5
9
6
0
1
2
1
5
0
2
1
2
5
2
1
2
4
7
4
1
2
1
3
9
6
3
5
1
1
2
1
1
2
1
2
1
0
0
2
3
2
3
3
0
0
1
3
1
3
7
8
1
0
3
3
1
3
4
8
3
0
1
5
2
3
3
3
0
0
2
4
8
7
2
5
1
1
3
3
3
9
9
4
261
281
272
319
373
347
1
1
1
6
2
8
2
5
1
2
5
1
10
4
8
2
1
3
3
2
1
9
17
3
4
14
5
2
4
4
9
3
1
1
4
4
1
4
5
10
1
7
3
4
1
7
6
2
2
2
1
4
2
1
4
5
1
8
11
4
1
4
4
4
5
12
6
4
5
5
11
12
1
1
3
3
0
3
1
2
3
2
3
2
4
10
4
16
155
139
133
172
204
147
5
1
1
4
6
0
0
2
2
0
2
1
12
2
1
3
1
2
0
6
2
5
2
9
2
1
1
1
7
2
2
4
1
1
0
3
0
2
1
4
1
1
0
0
1
1
0
3
1
2
1
1
1
2
1
3
2
2
6
1
5
1
1
5
3
2
2
1
2
3
2
2
0
2
2
0
2
1
1
13
2
1
5
3
2
2
3
199
223
190
183
165
226
13
6
4
2
2
2
6
4
7
3
1
1
9
0
1
24
3
3
3
6
8
2
5
1
4
4
1
3
3
1
3
3
6
8
0
2
2
4
3
4
2
3
1
1
1
2
1
6
4
6
1
4
3
5
2
4
5
9
1
3
5
4
1
7
34
15
1
3
5
4
5
2
3
3
0
1
2
1
6
12
14
11
1
1
1
4
207
152
188
194
159
168
13
0
13
9
1
6
5
15
3
1
3
8
5
1
2
3
4
1
4
5
1
2
6
3
5
3
8
2
6
1
2
4
10
1
2
4
6
4
7
21
10
1
0
2
3
2
3
4
2
0
3
1
3
1
2
7
5
0
5
4
2
5
28
10
4
0
6
4
8
4
3
11
4
0
3
2
1
17
8
9
23
0
9
5
3
167
189
161
163
161
175
12
5
3
6
2
6
6
2
3
3
3
30
2
3
4
1
7
6
7
3
6
6
5
1
4
23
10
4
1
6
5
11
1
3
3
8
5
10
10
4
1
1
6
3
3
2
2
1
4
6
6
3
3
3
2
9
4
4
7
1
3
17
10
4
1
4
8
1
6
4
7
4
2
4
2
2
4
6
13
12
4
8
3
2
125
104
173
261
146
129
2
3
1
0
1
2
2
5
2
3
2
1
1
5
3
4
1
8
9
4
3
6
1
7
4
5
2
0
1
4
3
2
0
8
0
1
1
2
0
1
0
2
2
2
1
0
2
1
2
12
9
1
1
3
4
2
4
7
5
2
1
7
1
1
5
6
4
1
2
6
3
0
1
4
2
1
2
4
2
10
4
4
7
144
141
136
212
193
273
8
6
3
7
3
2
13
5
6
16
1
2
2
2
3
5
7
7
7
4
2
2
6
6
4
2
2
2
3
2
3
5
2
17
1
3
4
2
1
3
5
22
3
1
0
1
3
7
4
6
2
2
3
5
1
5
17
3
3
1
2
2
2
5
4
8
2
2
3
3
4
4
1
1
1
4
5
2
1
8
2
9
198
231
263
189
199
214
21
1
2
1
0
4
4
3
8
3
2
1
1
2
3
10
3
1
1
1
1
3
3
4
5
0
1
3
3
8
6
2
4
2
2
3
1
4
2
6
7
1
1
1
2
2
2
3
3
1
2
2
2
1
0
5
2
2
0
0
4
1
0
2
16
0
3
2
2
9
10
0
6
2
1
3
2
5
3
3
5
116
195
147
98
77
165
3
3
5
1
2
3
2
1
2
3
3
4
5
5
5
4
2
2
2
3
1
4
9
6
2
2
2
1
3
2
1
4
1
4
3
1
3
3
7
8
1
1
3
1
1
5
9
9
1
3
3
2
1
2
7
4
1
2
1
4
1
3
1
4
1
3
2
4
1
6
8
12
2
3
3
4
7
9
6
1
116
93
92
187
174
218
14
1
3
2
5
1
1
1
30
4
8
3
3
8
1
2
1
6
4
0
4
17
3
2
2
1
2
0
3
4
3
5
2
3
3
0
2
2
2
5
6
3
8
1
0
3
4
3
8
4
7
1
2
1
3
2
6
3
4
3
8
4
2
22
4
5
3
0
1
2
2
10
6
3
14
3
3
5
1
197
178
197
177
240
207
3
3
2
15
14
1
1
11
2
3
3
2
5
2
4
2
6
1
2
15
3
5
1
13
7
4
1
4
0
2
2
8
1
4
0
7
2
2
6
6
3
16
2
3
2
7
2
15
2
6
4
10
1
3
3
17
6
4
2
2
4
3
15
4
2
2
0
2
1
2
3
29
25
19
3
3
1
3
148
160
165
170
203
161
6
2
5
3
3
1
4
10
2
4
1
3
1
3
4
7
9
3
7
2
6
1
1
8
6
0
2
2
6
4
23
16
6
1
3
2
15
1
7
27
8
1
1
3
5
0
1
9
4
2
5
3
1
1
9
5
5
2
2
4
4
6
5
2
7
1
1
1
3
8
6
38
18
2
5
5
3
123
182
179
120
134
202
1
2
5
1
2
7
3
8
2
6
5
3
5
2
8
9
3
3
4
9
3
3
5
1
2
1
0
2
2
2
4
6
2
3
1
1
2
4
7
7
1
1
5
5
3
4
5
8
1
3
1
2
5
5
3
3
2
2
1
2
7
5
2
5
1
1
2
2
5
3
4
20
1
0
1
3
232
186
185
203
201
195
4
3
4
0
3
1
4
5
2
16
9
4
2
3
7
6
1
3
5
4
0
2
4
3
5
2
2
1
1
2
3
3
4
2
1
1
1
2
1
3
2
4
5
3
2
1
5
2
6
4
6
1
6
2
11
9
4
3
6
2
1
1
1
2
3
3
1
3
3
2
2
9
2
6
5
211
180
171
199
203
239
7
6
1
2
2
2
5
7
5
3
2
1
3
5
2
5
2
4
3
1
5
2
2
3
9
3
1
5
2
1
3
3
2
3
2
2
0
1
6
2
3
7
2
3
2
4
1
3
4
2
1
18
0
2
5
14
3
4
5
2
2
2
1
1
1
1
3
7
16
2
7
5
8
26
151
215
132
175
159
153
14
1
2
2
3
3
10
4
7
4
6
2
4
5
8
4
7
0
1
4
4
2
2
3
18
1
2
2
3
2
8
3
5
2
3
2
5
1
1
2
10
1
1
3
6
1
2
2
2
2
14
1
4
2
12
4
4
1
1
2
9
2
2
2
8
1
5
8
6
1
7
3
21
230
163
183
152
159
189
2
2
2
2
2
3
5
4
5
6
1
2
3
5
3
3
1
2
3
2
1
1
6
8
2
0
3
1
2
5
9
5
1
1
1
3
3
1
4
3
0
2
2
3
1
1
2
2
4
1
1
3
2
3
6
13
1
1
4
4
0
5
1
5
6
7
1
1
7
3
2
25
317
379
324
330
269
314
2
2
0
10
2
3
2
5
2
2
4
2
9
2
4
2
0
1
1
3
1
1
1
2
0
5
1
0
1
1
0
6
9
2
1
1
1
3
2
6
2
3
4
2
1
1
1
1
1
3
1
3
3
7
2
4
1
6
2
1
2
2
1
4
2
2
4
2
2
1
5
257
299
274
271
304
273
6
26
6
3
4
4
4
3
3
2
4
8
1
12
7
2
4
3
1
1
0
2
5
7
2
6
0
3
1
2
9
6
6
7
1
1
4
2
5
2
7
6
1
3
1
2
11
1
2
3
2
4
2
3
6
5
7
6
2
4
0
2
7
6
6
14
2
2
1
4
227
272
262
280
301
293
6
6
3
3
5
6
1
1
4
3
5
1
6
5
1
4
2
2
1
6
6
3
1
3
6
2
2
1
2
6
9
12
11
3
1
4
8
3
5
3
7
5
1
1
4
5
3
5
11
1
2
1
8
6
1
4
3
2
1
3
6
6
4
7
16
5
1
3
4
301
322
324
307
345
319
2
2
6
3
4
1
2
2
2
1
1
2
2
2
3
2
3
1
1
2
3
6
1
3
2
2
2
1
3
10
2
1
1
1
3
2
1
3
6
5
2
2
3
2
5
10
4
4
2
3
2
3
2
2
1
3
2
1
1
1
4
4
7
7
3
3
1
2
197
185
220
140
244
164
2
7
9
8
2
9
1
7
9
6
6
2
1
2
1
9
1
4
1
5
3
1
6
5
3
2
2
5
3
5
4
11
2
4
8
6
9
1
17
2
2
5
11
1
2
6
3
6
3
23
9
3
3
1
4
3
1
3
3
5
5
5
3
10
2
5
8
271
200
250
196
225
210
22
10
8
4
10
7
2
3
6
5
3
1
2
8
2
4
4
3
2
3
9
4
3
11
5
3
3
0
3
3
6
1
7
19
2
7
6
7
2
4
11
2
2
1
8
3
5
7
15
5
4
2
6
9
2
2
4
6
4
3
12
10
2
22
2
16
200
209
172
165
248
163
13
3
8
5
9
4
8
4
3
2
4
3
3
6
8
3
8
4
2
7
5
3
11
9
10
4
4
2
12
5
13
11
24
8
10
3
3
11
3
7
9
6
4
10
19
6
13
26
7
3
5
6
4
6
6
7
10
11
14
17
5
11
11
6
11
101
141
126
172
50
90
4
6
1
7
9
16
7
4
3
2
2
1
10
4
1
4
3
2
3
3
5
4
6
3
2
2
2
1
6
5
8
8
2
5
1
1
3
4
4
5
4
2
2
7
3
6
6
15
2
1
1
4
3
1
4
3
6
4
4
6
11
8
6
6
96
114
119
156
127
120
9
4
9
10
7
21
5
5
2
3
1
4
1
6
3
6
2
6
1
1
2
2
3
11
6
2
2
5
3
10
5
16
5
4
7
2
4
15
3
14
3
10
3
6
3
7
4
4
1
8
3
4
3
1
1
13
3
6
8
15
4
10
5
106
148
62
104
120
66
17
8
5
10
4
4
3
1
6
1
3
4
7
5
4
7
5
2
1
3
2
0
2
9
1
5
1
5
8
8
5
13
6
11
6
15
10
6
2
13
2
5
2
7
8
7
4
2
2
8
1
3
3
2
6
6
9
3
3
6
7
8
179
116
157
89
199
77
14
4
9
8
10
9
4
1
1
2
3
6
5
2
1
7
3
1
2
2
2
1
2
8
10
2
5
2
3
2
5
5
5
2
3
4
4
6
2
3
3
4
5
6
5
1
2
7
5
0
2
1
5
5
4
7
9
1
5
5
5
61
79
92
138
171
171
3
4
10
10
3
2
1
2
2
1
1
7
9
3
4
4
6
1
1
3
6
2
9
4
1
1
3
18
6
4
10
11
3
3
6
2
5
1
1
5
3
1
4
5
9
2
3
5
5
1
1
2
6
6
3
7
4
1
2
1
172
179
124
301
137
128
1
15
8
2
1
4
2
5
3
1
2
2
0
4
1
3
1
1
3
2
1
1
3
7
4
6
9
2
1
11
1
7
5
8
7
6
1
10
2
1
7
13
3
1
1
5
6
3
2
3
3
5
1
5
3
5
2
4
6
85
121
96
130
126
117
21
17
1
3
9
6
1
4
3
4
3
3
4
8
1
6
3
4
3
7
2
6
3
7
14
17
4
7
5
6
5
10
10
6
3
2
13
12
1
9
16
13
2
6
5
4
1
3
6
4
5
13
15
9
3
7
10
12
103
112
100
135
151
121
7
3
2
4
7
1
7
1
5
2
7
2
2
1
5
3
1
1
9
7
5
5
12
1
9
2
10
20
10
2
7
6
4
4
3
4
1
1
13
7
5
2
3
3
4
3
8
3
3
1
10
4
5
6
10
2
8
118
65
85
142
118
129
3
3
4
5
8
2
9
5
2
2
13
4
3
3
7
9
5
6
10
4
2
6
3
8
3
4
4
4
4
4
4
3
3
3
7
10
3
1
7
10
9
32
3
4
3
3
6
7
4
3
12
11
3
3
5
10
321
329
329
311
316
327
1
0
1
2
1
2
1
3
2
1
2
1
1
1
1
13
3
4
5
1
1
2
1
2
3
2
3
1
6
2
0
9
1
2
3
1
0
2
2
4
2
2
1
2
3
1
1
7
1
2
3
1
1
1
4
332
338
269
345
305
283
10
9
1
1
1
1
3
3
2
3
0
1
3
1
1
2
7
6
1
2
0
3
1
1
5
4
1
2
3
2
0
2
2
3
1
1
4
2
3
3
2
3
1
3
1
1
1
7
5
4
2
1
1
2
344
333
333
332
320
321
10
1
3
5
17
2
10
13
2
1
2
3
2
1
1
1
2
1
1
1
5
1
3
3
2
1
1
5
3
3
3
15
3
1
3
4
1
0
2
4
3
2
7
2
1
2
5
20
10
1
1
8
1
288
277
305
275
278
276
3
1
18
7
3
12
5
5
1
8
2
6
1
1
2
2
2
1
4
4
1
2
1
2
0
2
3
2
3
10
6
3
1
3
4
3
6
4
2
5
0
1
2
2
5
6
9
5
1
9
3
3
373
365
378
370
375
378
3
1
1
2
1
1
1
1
1
1
3
1
3
1
3
3
6
6
5
3
2
0
1
1
2
5
2
1
0
2
2
2
8
8
3
0
2
2
7
4
2
2
2
1
1
1
1
6
2
1
3
286
272
259
270
270
239
1
3
1
2
1
2
2
4
1
2
2
2
0
2
3
1
5
3
3
1
4
3
2
1
2
10
1
1
0
2
1
4
3
5
1
1
2
4
2
2
4
4
3
2
4
7
3
9
2
7
327
331
360
347
357
324
8
2
3
4
2
0
4
7
1
1
1
3
2
0
2
3
2
1
1
3
2
0
4
3
2
3
1
1
2
1
2
3
5
0
2
3
4
1
1
3
2
2
2
4
3
1
1
3
9
331
333
352
338
325
322
1
11
6
1
2
9
5
2
1
1
3
3
1
2
3
3
2
3
2
2
0
1
1
2
3
0
1
2
1
4
6
5
3
1
3
3
1
2
3
5
2
4
7
3
1
2
3
9
179
217
156
262
168
202
6
1
4
2
1
3
2
4
2
1
1
2
2
2
3
2
2
4
12
0
3
3
1
5
5
2
3
0
1
5
2
5
7
2
4
1
1
2
2
6
7
3
2
2
1
2
1
244
230
176
199
179
190
9
8
2
5
7
12
1
5
3
10
1
1
2
2
2
4
3
8
0
1
3
2
2
7
7
3
0
2
3
3
4
4
4
4
0
1
8
2
9
4
10
6
2
1
3
3
217
144
144
163
166
156
17
1
4
11
8
4
1
9
4
1
1
3
4
2
3
2
3
2
1
2
3
2
4
2
3
3
2
4
1
3
4
10
9
0
2
3
5
4
6
9
6
3
2
2
4
190
174
158
212
190
214
3
7
8
9
3
3
8
2
2
1
2
4
1
3
1
4
1
1
2
0
1
4
2
6
1
0
4
1
1
11
7
7
0
2
3
4
7
4
4
9
1
1
1
4
157
175
229
202
196
202
5
4
2
1
1
1
1
3
5
2
2
1
1
1
0
1
3
4
2
1
0
0
4
1
1
1
2
0
2
1
1
1
2
3
1
2
1
2
1
6
2
2
2
217
91
264
120
254
123
16
9
2
2
1
2
2
4
6
11
1
1
2
3
1
0
2
2
2
4
4
3
1
2
4
5
2
2
1
4
3
2
4
3
3
3
4
1
3
2
3
8
184
176
174
178
133
149
7
1
2
1
2
1
1
2
6
1
3
3
4
1
1
2
3
1
1
3
3
1
3
4
4
1
2
2
4
0
3
6
3
3
2
1
3
4
1
1
3
147
165
140
148
145
148
2
1
1
9
3
4
2
3
2
2
2
1
0
2
5
2
2
3
2
2
2
1
3
7
2
2
3
4
1
5
5
8
3
2
5
3
2
4
1
6
159
168
185
179
249
171
4
3
12
2
2
2
5
8
11
3
4
2
3
3
2
1
2
4
3
1
6
6
1
3
3
4
2
0
1
4
3
5
3
3
13
3
2
6
5
190
238
237
181
196
196
11
3
1
3
5
10
4
4
3
5
1
9
3
11
2
4
2
3
2
3
1
5
6
1
2
2
1
1
2
1
4
4
5
7
1
2
0
4
211
212
255
183
231
227
24
1
3
2
2
3
3
3
4
2
1
2
1
3
3
1
5
1
1
1
2
4
14
5
3
1
4
0
4
7
1
6
8
2
1
1
2
250
300
189
296
221
199
4
6
3
5
3
6
15
6
2
2
0
4
2
11
12
8
2
9
1
4
5
17
8
4
2
1
2
3
12
5
4
5
1
3
2
3
95
125
146
87
128
174
4
3
5
2
2
1
3
4
1
4
1
2
4
2
2
3
5
8
3
1
1
1
5
8
1
1
2
5
4
1
1
5
3
5
5
215
260
218
182
245
194
8
15
4
3
2
10
3
2
3
3
2
1
1
2
4
8
4
5
2
1
1
4
10
2
1
1
1
3
2
3
11
7
10
4
151
250
262
125
147
246
5
2
5
3
7
3
11
9
6
0
3
1
3
2
3
7
14
1
4
4
6
5
3
7
4
3
5
7
7
3
5
5
8
114
169
113
127
121
102
6
7
3
12
3
5
4
4
6
5
3
4
2
17
9
4
4
8
5
20
4
7
7
9
5
9
2
2
7
6
6
11
225
126
178
137
193
170
6
2
4
0
3
4
3
2
1
2
3
3
2
5
2
3
1
5
3
1
3
3
2
6
2
3
3
2
4
4
5
142
148
109
158
209
154
31
19
0
1
3
2
4
3
4
8
2
3
4
1
5
3
2
4
2
1
1
1
3
5
9
12
2
3
1
2
140
174
142
114
101
140
14
1
14
2
2
1
7
5
5
0
3
11
3
4
5
6
8
1
2
3
5
5
5
7
6
5
2
2
4
110
145
124
102
109
136
3
3
5
5
3
3
1
15
3
3
8
14
7
4
9
20
2
4
2
7
7
8
5
15
5
8
7
6
129
206
143
115
131
148
1
6
3
1
0
5
4
2
2
5
3
0
0
1
4
3
0
1
1
2
2
2
1
6
0
3
5
102
176
182
117
115
189
11
2
1
3
9
1
3
3
4
8
2
1
4
2
2
3
2
1
4
2
3
4
5
10
13
5
102
107
106
170
134
179
12
5
3
2
7
2
8
12
9
2
5
4
4
7
1
1
3
6
3
8
4
6
5
8
12
119
169
102
158
106
90
4
3
8
2
2
9
7
9
1
2
1
11
5
3
5
6
4
5
4
4
12
20
4
21
101
165
78
110
9
105
14
5
3
2
8
4
4
3
3
7
3
2
2
2
1
9
11
8
4
3
3
6
9
210
182
205
170
209
199
4
3
2
14
7
2
11
2
2
2
0
2
1
1
5
19
18
7
1
2
2
3
83
189
184
53
92
169
5
2
6
5
1
1
1
2
2
1
7
3
2
13
7
15
6
2
3
2
2
114
84
16
97
54
75
2
3
3
2
7
4
7
1
1
3
3
2
4
5
23
22
1
4
4
5
245
199
235
219
236
240
22
13
4
0
1
1
1
1
1
1
2
4
3
5
2
5
3
2
4
115
119
141
179
141
150
17
4
2
3
1
3
3
4
0
3
3
23
15
2
11
11
1
9
94
192
178
92
124
170
5
4
3
2
3
8
3
3
2
14
4
3
16
5
5
2
5
119
107
117
127
99
90
3
7
3
6
2
2
2
5
5
4
5
3
10
3
4
16
170
226
167
180
188
158
3
2
2
1
2
0
2
9
4
19
19
1
2
1
2
129
132
149
156
161
172
6
5
2
2
2
2
9
6
9
9
2
2
2
4
174
116
94
128
96
170
23
2
4
3
10
6
6
11
5
3
1
1
8
132
106
116
94
138
65
3
5
8
8
3
7
5
5
8
2
1
7
148
270
185
157
187
206
5
1
2
1
1
1
2
4
3
3
3
172
120
153
112
139
211
9
6
2
1
2
3
6
3
12
4
109
136
181
111
108
143
16
2
4
3
2
1
2
3
5
182
160
119
142
103
107
3
4
3
2
1
3
2
6
246
243
235
354
372
396
11
7
22
3
2
1
7
164
257
278
178
171
307
16
15
6
2
3
2
252
231
250
300
303
303
20
6
5
6
7
314
219
319
207
279
208
6
2
1
4
187
339
175
189
330
173
5
4
8
97
97
193
320
111
113
9
26
133
130
145
273
255
260
19
277
312
251
321
302
269
