125
32
64
77
111
57
72
82
127
125
202
94
154
164
132
2
5
3
1
6
2
11
3
1
1
1
3
3
3
2
0
1
6
7
7
3
2
4
4
6
1
2
1
1
1
3
2
3
1
1
3
2
1
2
0
6
2
1
4
2
2
8
3
10
4
6
1
2
4
7
2
4
1
3
2
2
3
1
1
2
1
2
2
1
0
4
1
1
2
4
1
1
1
1
2
2
0
6
1
1
1
1
4
1
0
2
2
2
3
2
1
0
2
1
5
0
0
1
2
1
1
2
1
1
1
0
1
1
1
2
2
2
1
2
1
2
2
1
5
1
3
1
1
2
1
1
1
1
5
1
0
1
1
2
0
1
2
1
0
1
2
7
6
1
2
1
2
2
1
123
18
48
96
34
57
67
68
75
23
17
86
46
16
43
6
6
2
5
8
10
5
5
3
6
4
5
9
4
1
6
11
12
4
2
10
8
16
3
9
2
4
2
6
11
1
3
2
1
3
3
1
2
2
8
15
18
2
4
4
9
13
12
4
14
8
4
7
6
4
2
1
3
13
5
3
3
2
1
3
2
2
5
6
2
4
1
2
10
2
1
11
4
3
2
5
5
14
5
4
3
1
6
6
3
2
3
2
2
5
5
12
5
3
1
2
2
1
2
2
3
1
2
3
3
2
2
1
9
9
4
3
4
3
7
2
0
5
2
6
2
7
5
1
6
2
4
6
2
2
3
3
5
2
6
4
2
2
4
3
5
4
4
6
3
2
4
3
19
30
26
25
30
61
94
74
38
73
57
54
69
48
98
4
5
10
9
13
5
7
4
5
2
4
11
4
3
11
4
14
5
4
2
4
7
9
4
4
3
5
3
5
1
3
4
3
1
3
1
2
2
16
11
10
3
2
3
8
8
20
4
12
4
4
6
10
4
4
4
4
4
7
2
5
4
3
2
5
9
2
1
1
4
3
3
3
3
2
2
1
3
1
2
13
15
4
7
3
4
3
1
2
1
5
2
3
3
2
3
7
3
6
2
2
3
4
3
2
2
2
2
2
1
2
1
11
6
8
6
7
3
5
3
4
7
5
5
1
3
2
5
2
2
6
1
5
6
4
3
3
2
3
5
3
1
2
7
4
5
3
4
3
1
2
4
4
105
166
169
15
8
3
50
179
112
135
79
178
51
89
4
15
5
9
8
17
3
2
7
1
0
2
1
6
4
11
5
5
10
13
6
5
2
2
2
2
9
4
1
2
1
4
1
4
0
1
4
3
5
3
4
4
6
8
15
4
3
5
5
1
5
3
6
0
1
3
3
0
1
2
3
2
2
3
1
0
5
3
3
1
4
0
3
2
2
3
1
1
1
6
2
2
1
2
1
7
2
1
2
1
0
3
6
4
1
0
1
1
2
2
0
0
1
1
2
2
0
0
1
2
3
4
2
0
2
14
2
2
3
3
2
2
2
9
2
1
1
2
1
3
1
1
5
3
5
1
1
1
3
1
4
2
3
0
1
2
2
8
2
3
1
27
99
39
19
26
91
75
27
68
55
8
71
15
9
67
30
1
6
16
0
3
9
0
3
3
2
5
8
3
9
8
3
4
2
5
8
2
8
8
3
3
4
2
3
6
3
3
1
1
1
4
4
5
2
5
5
6
2
8
4
8
2
6
2
7
2
3
2
4
4
5
1
3
3
4
2
2
3
3
1
5
3
4
2
5
2
4
2
1
4
5
1
1
4
2
1
2
1
4
7
2
1
3
1
2
4
2
6
2
3
3
2
1
5
2
2
1
3
2
1
2
1
11
1
2
2
3
0
3
4
2
5
4
2
3
2
10
3
8
2
4
2
2
2
3
1
7
3
2
1
0
3
2
3
4
1
3
1
2
2
3
2
5
9
2
59
21
22
13
23
42
14
24
18
8
53
30
9
9
9
18
4
6
6
4
8
2
6
5
11
4
8
18
11
6
10
7
7
9
5
4
6
2
2
6
8
3
8
2
4
4
2
2
4
1
3
7
7
5
8
6
3
10
9
4
15
10
1
10
5
6
4
6
1
6
1
12
3
5
1
4
3
4
1
2
4
7
1
5
2
2
1
3
2
3
1
1
1
6
0
2
1
4
13
3
1
1
2
1
3
8
1
5
3
1
3
5
2
1
1
0
1
3
3
3
3
2
1
3
4
3
3
5
4
7
5
11
1
1
5
9
5
3
6
1
5
6
3
2
2
5
4
6
3
2
2
4
2
4
1
2
1
2
1
4
10
2
5
2
48
104
259
75
217
108
59
122
53
104
100
94
82
217
77
10
11
1
11
5
6
1
6
1
1
1
6
29
4
5
6
7
13
5
2
3
3
2
6
10
4
6
1
3
1
2
1
2
4
17
3
6
6
3
11
5
17
6
6
13
13
2
9
6
1
2
4
4
11
3
2
2
1
1
2
7
3
2
4
1
1
2
3
3
3
2
2
1
2
3
5
4
4
4
4
1
4
2
3
5
9
4
1
2
2
3
2
5
2
1
2
2
1
4
2
3
2
2
3
1
1
1
2
6
3
3
1
2
5
7
9
14
4
6
6
4
6
2
1
4
5
4
4
2
7
4
3
2
3
1
8
2
5
5
1
3
4
3
2
3
2
3
5
76
35
64
38
100
75
69
27
74
75
81
49
37
46
34
9
3
9
7
7
1
4
4
5
7
5
7
5
7
7
8
2
5
4
6
15
6
2
13
4
11
2
3
2
5
7
4
6
11
7
9
0
16
3
6
13
11
3
20
8
3
8
8
3
4
2
5
8
2
3
1
4
2
5
6
2
2
8
4
4
2
2
4
4
6
3
2
3
2
3
5
7
5
3
11
2
3
5
10
3
8
18
2
3
10
2
9
1
4
2
4
4
11
6
7
2
2
3
3
2
5
1
7
3
7
10
5
3
2
2
7
4
5
4
5
3
5
8
6
5
1
2
7
5
8
8
5
4
3
10
1
5
2
4
8
3
2
3
3
3
3
4
47
64
91
77
77
29
37
86
51
62
82
37
82
93
82
5
12
3
5
3
7
5
7
1
15
10
6
9
15
5
8
10
8
4
7
10
9
7
2
7
13
3
4
4
4
7
8
6
4
12
2
5
10
5
17
14
1
6
10
2
12
12
10
7
13
5
8
9
1
3
9
2
4
5
3
7
9
4
3
8
3
6
8
3
6
4
5
4
11
5
11
2
6
4
12
1
4
6
4
12
5
4
6
6
6
5
7
2
2
5
3
3
7
4
5
4
3
3
4
4
7
13
6
7
8
6
8
7
4
3
7
5
13
4
3
6
11
2
4
4
2
5
11
6
10
3
3
10
10
2
4
3
4
6
10
4
7
3
3
7
9
179
212
264
191
319
164
167
148
195
222
199
231
187
280
211
1
4
0
1
1
2
3
4
4
10
11
3
2
2
6
1
0
3
2
0
0
1
1
6
2
3
1
4
0
1
1
7
2
1
2
5
6
2
2
1
4
1
5
1
6
2
5
5
3
3
2
0
1
1
6
2
1
4
1
0
2
2
0
0
1
1
0
0
0
1
1
0
1
2
1
1
1
2
3
3
3
1
0
0
0
1
1
0
1
1
1
0
1
3
1
0
0
0
0
0
0
0
0
0
1
3
0
0
9
3
3
2
1
1
1
1
1
2
0
2
1
0
1
1
1
5
2
4
0
1
0
2
1
4
0
0
3
1
3
1
2
1
1
2
1
72
54
49
41
48
92
61
63
77
88
32
81
4
90
51
7
2
1
7
7
24
3
5
8
3
1
3
4
14
3
2
2
4
1
3
6
2
8
7
1
8
4
1
4
5
4
3
2
4
6
13
5
8
7
2
3
3
2
10
2
3
4
1
1
4
2
1
4
1
4
2
1
2
4
3
3
7
2
0
1
1
1
3
4
1
2
1
2
6
3
3
4
2
3
5
2
2
4
1
1
7
3
0
1
1
6
3
5
1
2
1
1
4
3
1
9
3
2
7
2
1
3
4
2
15
7
5
0
6
3
7
2
2
3
2
2
5
4
3
1
4
2
2
1
2
6
2
2
3
1
1
1
2
1
4
2
7
1
3
16
70
18
69
20
82
80
67
88
69
113
62
37
43
96
1
4
2
1
4
5
2
6
6
2
5
7
6
2
2
1
2
4
4
5
3
5
13
2
3
1
4
1
9
2
1
4
3
4
7
1
7
2
4
4
3
0
6
2
4
4
3
1
2
1
2
2
3
3
3
1
1
1
6
3
1
2
2
2
6
2
2
2
3
1
1
3
2
2
2
6
3
3
3
1
2
0
1
3
4
3
10
1
3
1
1
4
3
1
0
2
2
1
1
3
2
2
3
2
2
2
5
5
3
10
11
0
1
2
6
1
3
1
1
1
2
1
1
1
1
2
1
3
2
3
2
1
2
2
3
1
1
4
0
1
8
2
1
180
159
175
156
226
131
177
162
205
130
161
142
143
202
157
2
4
3
2
1
1
2
9
1
3
2
3
2
2
1
1
0
3
2
1
1
2
1
9
1
1
4
1
1
4
1
1
0
2
4
8
3
1
7
1
5
2
1
0
0
2
1
3
0
5
0
2
1
4
11
2
1
3
0
1
0
0
7
1
4
1
1
1
1
1
3
9
4
6
1
2
0
1
1
1
1
2
1
1
1
2
2
1
2
1
1
1
1
1
5
1
2
3
1
2
2
0
4
4
0
1
1
3
2
1
1
2
1
3
0
2
0
1
1
3
2
3
1
2
4
1
3
1
1
3
1
0
1
1
5
7
5
1
0
1
0
1
121
137
138
50
122
168
137
79
137
160
82
220
78
171
32
13
2
3
1
1
4
6
2
2
2
6
5
5
2
3
1
3
2
2
3
3
1
7
5
1
1
2
4
6
6
1
2
2
4
18
10
6
8
5
1
5
4
1
1
0
2
1
2
3
0
1
1
2
2
4
3
3
2
1
1
3
4
10
4
1
1
8
3
1
1
14
6
3
1
2
1
3
1
1
1
2
1
2
4
4
0
8
4
5
1
2
1
2
1
4
2
2
1
1
2
2
3
4
2
5
1
2
10
3
0
2
2
1
1
2
3
2
3
2
11
2
1
1
2
2
6
3
2
3
0
1
1
2
7
13
9
6
0
2
2
4
21
13
53
17
81
15
10
9
56
18
77
13
14
42
9
5
2
4
2
7
5
1
2
10
6
10
2
1
11
3
6
4
2
3
5
2
9
3
3
1
3
2
9
7
1
2
3
7
9
9
1
7
4
3
2
4
1
2
2
2
6
4
7
1
3
3
10
2
1
3
2
3
8
2
1
2
2
3
5
2
6
2
2
5
16
2
7
1
3
9
5
2
2
4
2
3
8
7
5
4
3
5
6
3
0
2
3
3
7
3
2
2
2
3
9
4
5
2
3
2
10
4
4
0
2
6
2
1
0
1
4
3
5
6
9
3
1
3
11
7
4
4
6
6
3
2
3
1
2
7
5
2
1
3
4
261
89
223
163
185
108
253
208
177
122
76
68
165
172
130
14
8
1
4
2
2
3
5
1
2
1
7
2
1
0
1
3
6
1
1
6
1
2
3
2
4
1
2
5
11
1
6
2
4
1
6
6
1
3
2
2
4
3
1
1
0
0
3
2
5
4
1
1
2
1
2
2
0
6
0
6
1
1
5
4
3
1
1
2
2
4
1
11
11
2
1
3
0
0
4
2
1
1
0
1
2
1
1
4
2
0
0
1
1
1
2
1
0
1
1
1
0
0
2
8
2
5
0
0
0
1
1
4
3
4
2
1
2
4
4
3
2
2
1
0
0
1
1
1
1
0
1
1
1
1
2
2
1
2
257
228
303
300
238
240
265
257
253
232
211
290
271
239
222
2
1
4
6
4
3
1
3
2
1
3
6
3
2
3
1
16
10
1
4
1
2
5
14
1
0
2
3
2
11
2
7
3
4
7
4
1
4
2
1
12
10
0
3
2
5
3
4
3
14
2
6
3
2
2
4
1
2
1
2
1
1
3
4
8
2
1
4
2
2
4
5
6
3
1
4
1
1
1
2
2
2
1
4
2
2
2
5
1
5
3
4
1
1
3
8
1
3
1
2
2
4
1
6
3
9
0
1
3
1
2
2
2
1
2
3
3
3
9
6
7
13
2
3
3
2
0
1
1
5
3
4
1
2
2
5
1
4
75
86
111
99
138
112
82
99
41
81
131
57
96
99
81
2
11
3
0
9
2
5
4
2
2
4
7
1
5
2
3
4
0
10
2
1
1
3
1
2
7
3
2
5
2
5
6
6
2
5
1
2
3
2
2
2
1
4
2
2
2
5
2
1
5
4
1
5
1
2
7
1
2
1
1
2
3
2
2
4
1
3
3
3
1
3
6
2
1
1
1
0
4
2
4
2
0
1
1
1
9
2
1
1
1
1
3
2
5
6
2
3
6
4
2
5
2
6
11
16
2
5
2
3
2
2
8
2
2
3
5
1
1
3
5
1
3
2
2
5
4
2
1
4
1
3
1
1
4
2
9
4
86
189
199
213
227
112
117
111
105
257
249
207
230
177
242
26
13
4
10
2
19
3
2
3
2
1
5
10
9
1
0
4
5
2
2
2
2
11
10
3
8
2
2
20
12
18
4
12
11
4
4
5
4
1
8
3
12
1
1
2
5
0
6
4
5
1
1
4
3
1
2
5
4
1
2
1
2
0
5
2
5
2
4
1
4
2
1
7
3
1
2
3
5
5
1
2
1
2
2
2
2
4
1
2
1
2
1
0
3
1
1
9
6
1
1
3
6
2
7
3
4
4
2
2
2
3
3
9
3
2
3
1
8
3
3
3
3
1
3
4
1
1
2
11
2
1
2
4
2
2
4
31
28
46
52
30
94
99
99
79
110
104
119
122
107
88
10
8
12
8
14
17
4
5
4
5
6
10
9
8
3
7
2
3
3
3
1
19
15
9
6
5
7
20
23
19
14
22
15
6
9
4
8
10
6
8
11
4
4
3
3
3
3
2
3
2
3
5
5
4
7
4
2
3
5
3
4
3
3
3
7
2
8
6
6
7
4
4
4
7
4
3
10
2
7
4
1
4
4
1
1
2
2
5
5
3
3
2
0
8
3
5
4
4
2
7
6
4
3
9
3
5
4
5
4
13
6
12
13
5
6
3
4
8
11
2
6
10
5
2
7
1
5
9
4
5
6
3
6
9
6
42
99
112
117
108
14
45
39
26
100
134
153
128
131
160
5
16
9
19
13
4
4
3
1
10
6
4
1
4
5
6
7
4
2
3
8
9
8
8
4
4
26
19
18
9
14
10
3
5
8
2
6
9
5
9
3
3
1
4
2
4
5
2
3
5
1
6
3
5
3
1
1
7
5
3
2
1
6
9
3
7
2
5
8
8
2
3
4
6
5
11
4
3
3
2
2
5
1
1
9
3
4
2
3
3
0
1
1
2
4
3
1
3
5
3
7
7
2
3
2
4
7
2
2
3
8
4
4
7
1
6
5
7
5
4
3
3
3
2
2
1
1
6
5
3
4
3
2
3
187
149
99
220
177
119
123
167
145
98
144
203
100
105
172
8
1
7
2
1
10
1
1
8
5
2
3
1
3
6
1
0
0
1
11
12
3
3
13
4
4
9
2
7
4
13
0
11
2
2
1
3
1
5
1
0
6
3
0
4
4
1
0
7
0
2
0
1
1
2
0
1
2
1
2
1
2
2
1
0
8
2
3
3
2
2
3
2
2
5
2
1
1
1
0
2
1
1
2
0
1
1
1
1
1
1
0
1
1
3
3
1
5
5
4
1
3
1
1
1
4
3
3
2
2
1
3
1
2
6
2
3
1
1
2
1
1
2
0
1
3
1
1
2
4
3
4
2
92
88
45
80
196
92
49
81
97
21
256
89
39
26
94
10
9
6
2
4
4
2
2
10
3
3
2
1
1
6
1
1
3
5
6
3
12
13
3
2
16
8
14
18
9
2
4
6
4
6
6
1
8
1
0
2
6
1
2
10
1
1
5
3
4
1
2
0
1
0
2
6
2
4
6
5
4
3
3
5
1
3
8
5
3
3
1
2
7
3
0
1
1
1
2
3
2
1
1
1
1
2
1
0
1
1
1
3
1
1
3
4
4
3
4
8
3
1
4
3
2
1
7
5
2
5
3
3
4
5
6
2
3
2
7
1
1
4
2
2
3
3
4
2
2
2
4
43
88
48
93
129
30
141
62
109
21
77
84
43
104
85
6
2
2
12
2
1
8
6
2
7
3
1
2
2
1
4
2
3
2
2
4
15
5
6
6
5
14
31
20
1
8
8
8
5
8
2
10
1
1
4
2
1
1
3
2
3
5
4
5
1
2
2
1
1
1
3
3
2
1
1
3
1
1
5
5
11
1
2
1
2
1
2
9
2
1
2
2
1
3
6
2
2
2
0
0
0
1
2
2
3
5
4
2
1
2
1
7
4
2
3
1
1
5
9
2
8
3
3
4
4
4
2
3
9
2
2
3
3
6
1
1
1
2
7
2
1
1
6
2
7
2
80
86
89
99
133
36
107
106
77
78
75
115
144
93
99
6
6
2
7
4
10
5
2
7
7
2
3
4
7
3
3
5
8
10
9
4
6
12
7
12
13
6
9
7
6
4
9
10
7
5
9
2
3
2
3
2
7
4
6
2
8
4
4
1
2
3
3
2
5
1
10
3
4
5
3
3
5
2
6
6
2
6
6
14
3
2
3
1
5
5
2
2
2
2
5
2
2
3
2
1
5
1
2
2
2
6
4
2
2
1
3
2
3
3
8
4
19
2
6
6
6
5
7
2
6
1
6
6
4
1
11
2
9
2
7
1
10
6
6
4
3
2
7
3
4
115
93
19
110
68
95
12
102
37
33
75
92
21
51
31
11
0
7
6
13
10
3
4
3
1
3
3
1
2
6
4
18
9
6
2
8
5
10
5
3
11
10
3
3
3
2
2
3
3
9
6
4
2
5
2
2
2
3
4
16
3
2
2
6
5
6
4
12
3
3
4
11
2
4
3
3
3
5
6
4
1
3
10
4
2
3
2
10
2
5
7
3
1
3
4
8
4
4
2
5
2
5
2
0
3
8
3
5
1
3
3
4
2
8
2
5
1
4
3
7
9
4
5
5
1
7
7
5
2
3
4
13
2
2
2
7
1
6
4
3
2
5
4
7
105
104
83
121
111
85
78
102
78
76
85
78
86
117
103
3
1
3
2
3
1
3
1
1
1
5
1
3
3
2
2
6
3
4
3
2
5
2
2
12
3
1
2
9
4
2
2
1
1
2
1
1
1
1
1
2
2
3
5
1
3
1
5
2
3
3
5
2
2
4
2
3
3
3
3
1
4
1
2
1
0
1
1
0
3
2
2
1
1
0
1
1
2
1
2
3
1
5
1
2
1
3
1
5
3
2
3
1
1
1
2
1
5
4
2
0
2
3
6
3
1
1
1
1
1
3
1
3
2
2
6
2
1
2
2
1
3
2
2
1
3
2
4
252
174
126
84
177
190
164
86
197
166
48
202
16
167
75
5
2
3
4
1
1
1
1
1
1
4
2
2
1
3
2
4
2
2
2
5
7
10
5
6
0
2
2
7
2
4
1
3
1
2
7
1
0
7
2
1
1
1
3
1
3
0
1
1
1
1
6
1
0
3
0
1
1
2
0
2
3
2
2
1
7
1
4
3
3
1
1
1
0
1
4
1
1
1
0
0
2
0
0
1
1
0
2
2
1
1
1
5
6
4
1
0
2
2
6
0
7
1
5
1
3
3
3
1
3
2
1
1
1
1
2
2
1
1
4
2
1
1
11
2
0
2
47
32
47
33
60
70
93
70
105
40
21
48
83
164
91
6
2
1
2
2
5
1
0
2
5
1
4
2
3
1
3
5
5
1
6
3
3
6
5
1
3
1
1
3
3
1
1
1
1
2
2
1
4
1
7
2
5
3
21
9
5
0
2
1
2
5
6
2
10
2
2
3
3
1
2
1
3
0
1
2
1
1
2
1
3
1
1
5
0
3
4
1
2
1
1
0
1
2
2
5
1
1
1
2
1
3
2
6
4
0
2
2
2
1
4
5
3
3
2
1
1
1
4
7
6
1
1
2
2
0
1
1
3
1
0
2
1
3
3
2
5
92
83
88
138
124
88
116
112
108
147
100
75
109
94
115
1
2
3
4
2
1
1
1
2
1
1
1
0
3
1
2
4
2
8
1
3
4
3
1
1
2
2
3
3
2
1
2
1
2
1
1
3
2
2
2
3
2
5
7
7
3
1
13
1
17
8
4
11
1
0
2
1
1
3
1
3
1
1
2
0
2
4
3
2
1
1
7
2
2
6
2
2
1
3
3
1
3
3
8
2
0
2
2
2
1
1
4
4
0
0
3
5
2
2
2
2
4
2
1
1
1
7
9
3
4
3
1
4
2
3
2
3
0
2
6
1
3
2
1
3
117
81
89
94
111
99
101
129
127
106
110
118
89
103
120
7
1
3
2
4
2
10
0
1
3
3
9
5
0
3
4
3
7
9
2
7
7
2
3
1
3
2
2
3
6
4
2
1
2
1
1
2
2
3
3
1
1
1
1
3
1
2
2
2
2
2
2
1
3
4
1
1
3
1
1
2
2
4
2
2
2
3
2
10
2
3
2
1
1
1
1
1
3
2
2
2
0
1
1
5
14
7
3
1
2
6
2
2
8
5
1
1
1
1
2
2
1
2
4
1
2
1
1
8
5
3
4
1
1
2
2
1
2
2
2
1
4
3
1
29
20
35
23
16
103
107
105
59
86
83
32
100
56
51
5
7
1
2
5
2
1
3
3
7
6
8
6
3
2
7
10
13
7
13
3
2
3
6
3
4
4
4
5
2
3
4
2
5
2
3
6
4
3
4
3
4
2
4
1
2
4
2
4
5
2
5
7
2
4
4
4
4
3
3
2
6
3
2
5
1
1
3
2
4
2
1
2
3
3
4
2
3
5
2
1
5
3
5
4
3
4
7
2
8
2
2
1
2
2
4
3
5
2
4
3
5
3
3
3
3
4
2
7
5
5
3
5
2
7
2
1
4
11
4
3
3
2
121
163
41
106
147
197
46
194
208
48
195
243
30
68
201
3
7
3
1
1
2
2
3
2
2
1
3
4
4
4
11
4
5
10
3
1
0
3
1
2
1
4
3
2
2
1
1
2
4
1
1
3
1
2
2
2
3
2
2
1
0
1
4
4
0
1
1
1
1
3
2
2
1
1
2
2
1
1
3
2
4
2
0
1
1
1
2
2
1
1
1
1
2
1
1
1
2
1
1
1
1
1
2
6
4
1
1
4
4
2
3
3
5
2
1
1
1
2
1
2
1
0
1
1
1
2
5
2
2
2
2
1
1
2
1
6
2
81
70
78
81
57
97
106
86
118
87
127
106
75
98
98
7
2
4
1
3
3
2
2
3
4
3
6
9
2
6
3
4
5
12
2
2
2
3
5
3
1
3
1
2
3
5
3
2
4
2
2
4
2
5
1
5
1
1
1
1
5
3
2
3
1
3
1
1
4
3
3
3
2
1
4
1
2
7
4
5
2
2
2
2
2
4
2
1
1
3
2
2
2
1
1
3
0
1
4
1
2
5
9
6
3
3
3
4
5
1
13
2
3
2
1
5
1
4
6
6
1
2
1
2
1
3
1
6
3
2
7
2
2
8
2
2
77
89
102
101
97
118
145
45
98
125
98
139
86
148
92
3
3
1
2
2
6
5
5
8
2
8
4
4
3
4
2
9
4
1
3
4
3
3
0
1
3
3
1
0
3
6
2
2
1
2
3
0
1
3
7
2
2
1
1
3
2
5
1
2
1
3
2
1
3
7
1
1
5
1
1
3
2
5
2
2
3
3
2
3
5
2
3
3
2
3
1
3
7
6
1
1
4
1
4
2
5
6
4
2
2
3
2
1
2
2
2
4
3
1
3
1
2
1
1
1
2
2
6
1
2
4
6
1
2
2
4
3
7
4
6
181
198
264
282
197
196
188
175
232
226
184
209
274
198
180
1
5
1
2
0
2
2
2
3
1
5
2
4
7
2
2
4
5
1
1
0
1
2
1
1
2
4
0
1
0
1
3
2
1
1
1
1
0
2
1
2
1
1
0
1
3
3
1
2
2
1
1
1
1
1
3
1
1
1
0
1
0
2
2
3
0
1
0
0
0
2
0
0
2
1
0
0
0
1
4
0
3
2
0
2
1
2
1
1
1
3
1
1
1
2
2
3
1
1
2
1
0
1
1
1
1
3
0
0
1
2
7
1
1
2
1
4
1
1
188
163
134
198
216
121
128
266
177
147
119
176
122
135
184
2
1
4
7
2
2
2
1
2
3
1
3
2
1
8
4
5
1
1
2
4
2
2
1
2
2
1
1
3
7
1
1
1
3
2
5
1
1
9
5
2
1
1
2
3
1
2
3
9
1
5
4
4
1
1
2
1
4
5
3
3
6
5
2
3
4
1
1
2
3
2
2
2
4
1
4
5
4
3
1
3
5
1
2
1
2
1
2
3
2
0
1
1
8
3
5
4
3
3
2
3
1
2
2
2
2
1
3
2
1
1
3
6
1
1
2
2
10
233
172
152
173
232
146
150
136
220
174
169
161
133
162
162
0
2
2
4
5
2
5
1
2
3
6
3
2
3
2
2
2
1
1
2
3
6
1
2
1
0
1
1
1
3
1
2
1
1
2
1
1
2
3
1
3
2
3
0
0
3
3
1
2
1
4
1
2
2
5
4
2
0
2
1
6
1
1
1
1
4
4
2
1
3
1
1
0
0
1
0
1
4
4
3
5
1
2
3
3
1
10
7
6
4
1
2
4
0
2
0
2
1
1
0
4
1
1
1
1
0
2
2
2
2
2
1
4
2
1
0
0
234
208
208
268
244
222
268
213
253
282
211
220
198
268
219
2
0
3
1
2
1
4
1
1
3
3
2
3
2
0
4
4
2
1
1
0
1
0
1
1
1
1
3
0
0
1
2
2
1
0
2
1
2
1
2
3
0
2
2
1
3
1
2
1
6
7
1
1
1
1
0
1
2
3
0
0
0
2
1
1
1
1
1
1
2
1
0
1
1
1
1
1
0
0
1
1
3
7
1
0
1
1
1
0
1
3
1
1
0
1
2
0
3
3
1
1
0
3
1
1
1
0
3
0
1
2
2
1
1
1
4
236
229
186
258
257
228
229
254
288
224
216
259
193
226
260
2
2
2
4
0
1
5
2
8
2
0
2
8
3
3
3
2
8
3
1
1
1
2
1
2
1
18
3
3
1
2
0
1
1
2
3
3
2
1
4
2
4
4
2
3
2
1
0
1
1
3
1
0
2
1
1
2
1
0
2
1
1
1
0
1
2
2
2
3
1
3
0
3
2
1
1
5
5
2
3
4
1
2
1
4
1
4
0
0
0
4
2
1
1
3
2
2
2
2
3
2
3
2
6
1
0
3
0
2
2
2
2
1
0
3
140
333
260
270
241
134
168
145
145
236
254
219
233
207
283
2
2
2
2
2
5
1
7
2
2
6
7
4
3
1
1
1
2
1
1
1
1
0
2
3
4
2
3
1
8
2
2
2
2
2
1
0
1
4
8
8
3
1
2
5
1
1
0
1
6
1
2
1
1
0
2
2
11
1
1
0
3
2
5
1
2
1
2
2
1
1
4
3
3
1
0
5
2
1
2
9
4
1
1
1
2
0
1
3
2
1
1
1
1
0
4
1
5
1
1
1
2
1
3
2
2
1
2
1
2
1
1
1
4
15
81
82
85
84
33
27
15
32
65
77
85
39
83
120
3
8
4
3
1
16
7
7
8
24
5
1
2
5
11
3
4
2
16
1
4
0
5
1
0
2
4
1
3
4
1
2
3
2
1
1
2
3
4
2
2
5
2
4
1
2
2
4
3
3
5
2
2
2
4
1
4
3
1
2
0
1
1
2
1
4
1
1
1
1
0
4
1
6
3
1
1
1
3
2
3
4
3
7
5
4
2
2
2
7
1
1
1
4
4
8
3
1
3
1
7
1
0
2
5
1
1
4
1
2
1
3
1
127
113
32
79
77
135
18
121
96
76
121
109
9
5
192
11
2
2
3
7
11
10
4
13
4
8
2
6
4
5
5
3
4
1
3
2
0
0
1
6
3
3
3
1
3
0
3
3
3
2
5
1
2
1
1
4
9
2
2
6
2
3
1
1
3
6
3
2
5
9
4
3
3
4
3
3
1
3
1
2
2
1
3
1
2
1
1
5
3
2
4
1
4
8
1
1
7
5
5
3
1
3
4
2
8
5
3
1
1
1
2
6
4
2
1
1
2
3
3
2
7
2
3
1
2
1
3
234
180
166
119
187
178
168
123
163
124
91
157
196
211
139
1
5
2
7
15
11
3
6
9
7
6
3
2
7
4
2
6
2
1
1
1
1
2
3
2
1
6
3
2
2
2
5
5
3
3
1
1
5
2
3
5
1
1
3
2
3
1
1
3
7
1
3
1
1
3
5
5
4
4
2
1
5
3
3
3
2
2
1
1
3
1
4
3
10
3
4
2
3
1
3
4
8
7
1
2
3
3
4
3
6
2
2
2
3
2
1
2
4
5
4
1
0
2
9
2
20
12
5
2
2
2
107
121
186
148
112
111
155
133
145
154
145
102
187
139
144
15
5
9
5
8
4
6
13
0
2
5
3
1
5
5
4
1
0
3
6
1
1
3
3
0
4
3
2
2
1
1
2
0
1
2
2
2
3
5
1
0
1
6
3
7
3
3
1
1
1
3
1
1
0
1
1
1
1
4
1
0
3
0
0
1
1
1
1
1
1
2
1
1
1
5
4
2
2
5
2
1
1
11
3
6
2
2
2
2
1
1
3
0
2
0
0
3
3
0
1
1
1
4
2
2
1
3
4
3
2
131
76
80
24
97
80
103
32
105
86
17
79
26
159
21
13
2
7
5
5
11
17
1
4
4
4
8
2
1
4
2
1
2
6
6
2
5
3
1
3
2
1
1
3
2
3
2
1
2
4
2
1
1
2
2
1
3
3
2
4
6
2
1
1
6
2
3
4
2
5
2
1
4
5
1
2
1
2
4
1
2
3
1
2
2
1
0
3
3
4
14
6
1
2
1
2
4
1
5
5
1
3
1
1
2
3
4
2
2
2
5
3
2
1
4
1
1
1
1
2
2
1
5
1
151
10
124
114
120
29
130
98
147
110
67
31
113
135
89
8
12
7
5
2
4
2
1
3
6
8
1
2
3
4
3
3
1
4
2
5
3
2
3
4
3
3
5
2
1
1
2
3
2
3
1
3
2
4
2
6
2
6
1
2
3
4
3
2
2
4
7
2
1
2
2
5
5
1
1
1
3
3
3
2
1
3
2
4
4
2
2
3
2
11
5
2
4
1
4
1
12
2
3
5
2
5
4
3
1
4
1
1
4
1
1
3
1
3
5
2
6
2
1
5
5
4
1
32
37
75
49
31
119
27
187
111
11
144
94
45
56
122
4
12
3
13
14
5
4
3
8
3
17
2
2
1
1
2
2
1
1
2
1
1
4
2
2
1
0
4
3
0
3
1
1
1
2
3
1
5
3
3
9
2
1
1
4
2
1
0
4
2
0
0
3
1
0
1
1
3
2
1
3
1
0
0
1
1
0
2
2
0
1
3
4
1
2
2
2
4
2
2
1
3
4
4
1
1
2
2
3
4
0
0
1
1
5
1
1
1
3
4
2
0
3
1
1
1
2
110
104
103
137
93
84
70
84
46
90
109
78
94
68
100
16
9
10
16
3
9
7
3
7
12
3
6
2
6
3
10
3
3
7
7
6
12
2
4
2
4
4
11
4
4
2
3
12
11
4
12
8
10
4
10
3
5
3
3
4
6
3
3
2
2
2
6
5
4
2
3
3
6
3
13
3
5
2
3
6
2
4
12
4
3
2
3
2
4
5
9
4
6
5
5
16
9
23
8
3
8
8
7
7
2
3
2
5
10
1
2
1
3
4
21
6
9
4
5
7
6
117
93
77
109
83
135
139
115
124
104
117
94
106
105
94
5
10
14
5
5
22
2
2
6
7
9
6
5
3
4
2
2
7
6
2
5
6
2
3
7
5
4
4
3
4
12
2
2
4
4
10
7
2
10
6
6
7
5
3
5
2
2
3
11
5
2
4
2
3
3
1
2
3
3
4
4
1
1
4
1
8
5
2
6
3
1
7
6
2
4
5
10
2
4
2
13
23
5
12
7
7
2
13
6
8
5
1
8
1
1
2
8
10
11
8
3
4
4
3
6
136
135
150
91
73
179
195
107
60
248
127
77
128
87
60
4
5
1
4
7
12
4
8
2
2
0
1
5
4
1
1
5
1
5
8
1
2
1
3
5
0
1
3
5
1
1
1
1
2
3
4
13
3
4
6
11
2
1
0
2
5
2
3
1
1
1
1
3
2
2
2
0
1
1
2
0
1
1
1
5
2
2
0
3
9
3
1
12
4
2
4
3
1
5
3
10
1
2
3
3
9
2
2
2
0
3
4
1
3
1
2
6
3
1
1
5
2
2
2
84
37
99
58
55
56
99
81
101
77
81
55
106
80
57
21
2
6
16
5
3
7
5
7
1
5
2
11
4
7
3
10
0
5
3
7
2
9
1
5
2
3
9
8
5
6
5
9
10
8
1
9
5
8
4
12
1
3
2
6
4
4
1
2
3
2
3
4
1
2
4
7
1
3
0
1
2
3
5
9
0
5
3
11
9
11
2
3
4
10
4
9
5
4
6
5
5
11
2
8
4
7
2
2
2
6
3
4
12
6
2
7
5
6
9
6
1
9
29
86
95
76
78
78
74
99
85
159
88
147
79
141
81
2
9
12
4
5
16
3
3
2
2
8
8
2
2
2
7
5
14
9
3
4
1
1
9
2
3
7
2
3
7
6
3
3
2
5
6
3
6
2
4
2
1
2
6
3
1
5
4
3
5
3
5
3
3
1
1
2
1
2
2
1
1
9
4
1
1
5
3
6
4
4
6
6
10
3
7
10
3
11
3
3
6
7
11
18
4
4
0
3
9
5
3
2
2
5
6
4
4
7
3
4
6
166
75
220
238
186
74
178
164
194
36
50
87
237
192
194
5
1
1
2
3
3
2
3
3
0
0
0
1
2
4
1
2
0
1
1
1
2
2
1
1
2
2
1
1
3
7
3
1
1
3
1
1
1
2
2
1
0
1
2
6
1
1
2
1
1
0
1
1
2
0
2
1
0
0
0
0
3
10
4
2
1
1
14
1
1
2
2
2
1
7
0
1
4
1
1
2
0
2
2
2
4
2
2
2
1
1
0
2
5
3
3
2
1
0
2
1
45
10
52
80
44
95
88
83
77
105
86
82
104
117
104
4
1
4
4
3
2
3
3
2
2
6
2
7
4
3
3
5
3
3
3
3
1
2
1
8
4
3
2
3
7
2
7
4
5
3
9
5
2
1
2
5
2
2
5
2
4
3
2
1
1
4
5
5
0
6
2
2
2
2
3
5
5
2
3
5
2
4
3
2
1
2
8
5
3
1
3
4
2
4
3
1
6
10
1
1
2
2
8
1
2
4
5
4
4
3
5
5
2
3
8
65
50
26
25
59
22
17
27
40
162
54
117
77
140
87
4
1
3
7
4
4
2
1
2
1
2
8
4
5
2
5
2
1
2
1
4
2
2
1
3
6
4
3
2
1
3
2
6
5
3
1
2
6
0
3
2
1
2
3
4
1
1
0
2
1
1
7
2
2
1
0
2
1
1
3
4
1
1
3
3
2
2
2
7
8
3
2
2
1
2
7
0
5
2
1
15
3
3
1
1
2
3
3
0
2
7
3
5
2
1
3
4
2
1
188
211
200
195
90
181
157
203
89
299
281
141
276
119
117
2
2
0
1
0
2
2
12
4
1
4
1
1
3
4
2
0
1
1
2
0
1
2
1
3
1
2
1
1
0
8
1
3
1
6
0
3
1
2
1
1
1
3
1
1
0
1
0
2
2
1
0
2
2
0
1
2
1
2
2
1
2
6
3
1
2
2
2
1
0
2
1
4
3
3
1
1
0
2
2
2
1
2
0
6
2
2
1
2
2
1
2
1
0
1
1
2
1
113
124
71
21
78
44
129
48
94
1
45
3
8
167
4
3
2
7
1
0
2
4
2
4
1
1
1
4
1
1
1
3
1
2
1
5
6
2
5
1
2
4
1
1
1
4
4
1
2
2
3
1
1
4
2
2
0
1
2
2
1
3
2
1
1
2
1
1
1
1
2
2
4
5
1
1
4
5
7
2
2
2
1
4
1
3
1
2
3
3
0
4
3
1
3
4
1
2
2
1
3
1
2
5
4
1
3
4
2
3
2
4
114
175
93
63
112
85
109
74
78
75
77
100
35
81
45
4
4
2
2
1
1
1
8
1
4
2
2
2
2
2
2
1
1
1
1
3
2
3
1
3
3
1
4
5
4
1
2
1
3
1
2
1
3
4
1
2
5
3
1
4
1
1
1
3
1
2
1
3
2
2
0
5
1
1
1
1
1
1
3
3
4
1
1
2
1
3
2
4
3
2
3
6
4
4
3
2
3
2
3
1
1
2
1
6
3
2
1
3
1
1
8
392
336
361
363
384
368
3
3
4
0
0
0
1
5
0
3
0
1
1
2
1
1
0
2
1
0
0
2
0
1
2
8
1
1
3
2
1
3
6
6
2
1
0
5
1
4
1
1
1
1
1
1
1
1
2
1
2
0
1
1
1
4
5
3
1
1
1
2
1
3
4
4
5
2
2
1
1
2
1
1
2
1
0
1
1
3
3
3
3
0
0
0
0
4
1
0
2
1
1
2
1
222
134
266
190
215
143
4
14
1
2
1
2
5
1
1
1
4
1
1
1
4
5
1
3
2
4
1
4
4
3
6
3
2
1
4
2
4
8
1
2
1
1
2
1
2
3
1
3
1
3
2
2
2
1
1
1
0
1
1
1
6
2
1
5
2
4
2
2
7
2
4
9
0
4
2
4
4
1
4
3
5
1
3
2
3
3
4
5
1
2
1
3
5
1
3
3
2
3
2
1
244
243
241
174
229
202
2
1
3
1
2
2
4
1
2
0
1
1
1
6
2
1
2
1
1
1
1
1
6
2
2
1
4
1
1
2
1
4
3
1
1
6
7
2
2
0
2
3
0
2
1
2
1
2
5
1
1
1
1
5
4
5
5
2
2
1
1
2
1
3
12
0
1
0
1
1
4
1
4
2
2
1
2
3
7
6
5
1
2
0
3
1
2
4
4
0
1
0
1
307
222
276
226
247
227
0
3
1
3
4
2
1
2
2
1
1
1
1
2
1
1
2
7
1
2
1
3
5
2
0
2
1
2
0
0
2
1
3
5
2
1
4
3
1
2
1
1
0
2
3
1
1
1
1
1
0
3
1
1
2
1
0
1
4
1
1
2
3
2
0
1
1
1
2
4
2
2
1
1
1
3
3
4
1
3
1
2
1
2
3
2
1
4
0
2
1
1
304
331
307
367
364
394
3
2
6
4
1
0
1
2
2
1
1
1
1
0
1
2
5
1
1
0
2
3
3
1
5
6
3
1
2
0
3
4
2
1
2
1
1
1
1
3
5
1
1
1
1
0
1
4
2
0
1
1
2
1
0
3
3
3
2
0
1
2
2
6
0
7
5
3
1
1
1
1
4
1
1
1
0
1
1
1
0
1
1
3
1
1
1
2
3
2
3
251
311
336
223
287
291
6
1
2
1
1
2
5
2
1
3
0
1
1
1
4
1
1
1
3
2
4
1
1
1
3
4
3
3
1
4
5
4
1
1
0
0
0
1
1
1
1
1
1
1
1
2
1
0
1
1
0
1
2
1
5
5
4
8
4
2
1
2
3
3
3
5
3
2
2
2
1
3
5
2
0
1
0
1
2
1
3
2
3
1
1
2
4
3
7
2
194
245
247
228
267
248
1
0
3
1
2
2
5
3
3
0
1
2
1
3
1
2
2
0
1
2
1
1
1
2
2
0
1
1
2
3
1
4
4
0
3
1
1
1
5
0
2
0
2
1
4
2
1
0
2
1
0
3
18
1
11
8
6
1
1
1
2
1
1
7
3
1
3
0
1
1
3
1
2
2
1
1
3
8
2
1
3
0
3
0
1
0
8
7
3
209
251
203
229
318
243
2
1
0
3
3
6
2
1
3
4
2
2
4
2
2
3
3
2
2
2
1
9
1
3
0
0
4
2
1
2
3
0
1
1
1
3
2
4
4
3
1
0
1
4
0
7
7
1
4
2
1
5
1
1
5
2
0
3
0
2
0
3
4
3
3
6
5
3
2
2
3
5
2
3
1
4
1
2
0
2
2
4
5
3
1
0
1
9
146
125
132
145
186
129
2
1
3
3
8
0
4
2
1
0
1
0
1
1
1
1
4
3
3
3
5
3
5
3
0
4
3
1
4
2
4
7
3
0
2
0
0
1
2
2
1
0
2
2
3
0
2
2
1
1
1
1
4
2
2
3
4
3
5
0
1
2
2
2
4
2
4
6
1
3
1
6
1
1
3
1
0
1
2
8
4
1
4
0
2
0
3
146
150
110
146
82
116
16
6
2
3
2
1
2
5
4
8
1
2
4
3
2
15
2
0
1
4
2
0
1
3
5
2
0
2
4
1
4
5
16
4
0
1
1
2
2
8
5
1
0
2
3
0
1
3
4
2
1
1
5
2
1
11
5
3
0
1
7
2
2
3
9
11
0
2
4
2
9
2
2
4
5
1
2
3
2
10
10
6
2
1
3
1
136
63
86
118
102
101
14
1
3
6
5
0
3
9
3
1
5
4
4
1
2
1
2
0
2
1
1
2
0
1
1
0
3
1
3
2
3
3
4
1
1
2
4
2
3
10
6
0
1
5
5
2
2
3
3
1
3
0
2
0
2
2
4
0
3
2
1
2
4
6
2
1
1
1
1
1
5
2
4
0
2
1
10
2
7
4
11
1
2
1
4
121
129
102
110
121
119
6
8
4
7
1
4
6
5
2
2
2
13
3
4
3
4
2
2
2
1
3
1
6
1
2
4
4
2
2
8
8
5
2
3
3
4
2
6
7
6
1
2
7
3
3
4
1
3
2
3
6
6
3
5
3
6
2
3
4
4
4
8
8
1
1
4
6
1
7
4
7
10
4
3
4
4
4
3
14
7
2
2
1
3
77
85
83
162
131
124
4
1
1
2
2
0
1
4
1
2
1
1
1
2
6
2
4
2
2
0
0
3
1
6
3
1
3
3
1
1
1
6
2
3
1
1
1
1
1
1
1
1
1
1
1
1
1
4
4
7
4
1
1
4
3
4
1
2
1
1
1
2
0
3
5
1
2
0
1
3
3
1
1
1
3
1
1
1
0
8
6
2
1
136
114
96
170
138
152
12
8
1
1
7
7
7
5
6
11
1
2
1
3
1
0
1
3
0
1
7
1
1
1
1
1
0
1
1
1
2
2
1
4
1
2
2
2
1
4
3
14
3
3
1
1
1
6
3
2
1
3
2
1
1
12
9
4
1
8
1
1
2
12
7
5
2
5
2
6
1
4
1
1
6
1
2
1
4
7
3
11
116
152
179
117
135
180
12
3
1
3
2
3
6
1
16
1
1
1
2
1
1
1
1
0
1
1
0
1
2
4
5
1
1
2
1
1
2
1
7
1
3
2
1
3
7
11
3
1
1
1
1
2
5
4
3
1
3
1
2
0
0
5
2
1
1
0
3
0
2
3
5
1
2
3
2
6
13
1
6
1
3
1
1
2
8
6
8
109
120
89
92
83
132
2
11
2
3
2
3
4
4
2
5
4
4
1
5
1
3
1
1
1
3
1
6
2
5
1
1
2
2
1
7
1
3
1
2
2
5
1
2
3
11
1
2
2
4
1
3
4
4
0
5
0
7
0
2
3
10
1
4
1
3
1
9
3
10
1
9
1
7
1
2
7
9
1
2
3
2
1
8
1
3
93
89
31
183
128
181
3
4
4
0
5
1
1
1
7
1
10
0
3
1
1
1
1
2
2
1
1
3
1
1
2
1
1
1
3
3
3
4
1
1
1
0
1
1
0
5
2
2
2
0
1
4
1
1
6
1
2
0
1
1
1
2
6
2
3
0
2
0
1
3
2
3
2
1
2
2
2
3
2
1
6
0
2
1
1
199
145
191
185
235
214
8
5
2
6
9
2
0
5
3
6
0
8
2
3
1
2
3
1
1
1
3
1
1
1
5
2
0
1
1
3
0
4
1
2
0
1
2
4
4
5
7
4
1
2
4
1
1
4
2
3
1
8
2
1
2
11
5
1
0
3
3
3
4
2
5
5
1
1
1
2
2
20
19
7
2
5
4
3
141
153
141
131
190
139
4
1
3
3
2
2
5
3
2
0
2
1
1
0
0
0
3
1
2
1
3
1
1
5
8
1
0
1
6
2
11
5
2
1
1
5
4
1
4
10
3
0
0
2
3
0
3
5
4
0
1
1
1
1
10
1
3
0
2
1
5
12
11
2
6
0
1
1
2
5
6
29
3
1
2
2
2
65
130
131
74
83
120
1
0
2
3
2
4
3
3
2
2
4
1
3
2
0
9
2
2
3
8
2
3
1
3
0
1
1
1
1
2
5
10
1
0
1
3
2
6
6
3
1
3
4
2
0
4
3
10
1
1
1
2
3
1
2
1
1
0
1
1
2
5
7
5
5
3
1
3
1
2
1
5
1
0
1
2
117
113
172
109
121
116
6
3
1
1
1
1
2
3
21
3
6
0
2
2
0
1
2
9
7
4
1
0
2
6
2
2
1
1
1
1
1
2
2
0
0
1
2
1
1
1
4
4
4
0
0
1
1
3
1
5
2
3
1
2
4
2
5
6
5
1
0
1
1
1
0
1
2
1
2
1
1
2
1
4
3
153
124
126
156
133
189
12
4
1
4
2
2
1
3
1
1
1
2
3
3
2
1
1
1
1
1
1
1
2
4
5
2
0
3
1
1
4
10
2
2
1
4
3
1
2
2
4
7
1
4
3
5
1
2
5
2
2
7
1
3
4
5
8
4
1
4
1
0
1
2
2
0
7
5
2
1
3
4
5
11
119
143
114
139
159
136
9
1
13
1
5
1
9
4
8
0
2
1
5
2
3
1
5
0
1
1
3
1
3
3
15
0
4
3
3
3
8
3
4
1
4
2
4
1
0
4
1
0
2
2
4
1
5
4
2
5
13
3
5
2
1
4
12
2
1
3
5
2
2
1
4
1
5
5
3
5
6
2
10
134
109
124
114
124
120
2
3
2
2
2
4
2
5
2
2
2
1
3
2
1
2
1
1
4
3
2
2
3
9
1
4
2
2
1
5
8
3
1
2
2
2
3
4
0
4
0
1
3
3
1
1
4
3
2
3
3
3
1
5
6
12
4
3
2
6
2
2
0
3
2
5
4
1
1
4
6
17
207
262
195
263
166
189
2
1
2
3
3
1
2
2
1
1
1
1
1
2
5
2
2
2
2
1
1
3
2
2
1
3
1
0
0
1
1
2
5
4
3
2
1
1
5
2
4
2
2
1
2
1
3
1
1
1
1
1
1
1
2
1
1
1
4
1
0
1
3
1
1
2
1
0
1
2
3
143
164
189
139
193
163
4
20
1
4
1
2
4
3
5
4
1
3
2
14
3
2
3
3
1
3
2
3
3
3
3
5
1
2
1
2
5
7
4
3
2
1
6
2
1
2
7
3
1
2
2
4
7
2
1
3
1
6
1
5
9
3
4
10
2
2
1
4
8
8
11
17
1
1
3
7
238
273
255
246
294
290
1
1
6
1
2
2
1
1
3
1
1
5
1
2
1
2
1
1
2
2
2
1
3
1
1
1
1
1
2
1
4
1
4
0
1
3
2
1
7
0
4
1
2
1
0
3
3
4
1
0
2
1
1
1
3
2
3
0
1
2
2
2
3
2
4
1
7
2
1
231
265
255
218
253
258
1
3
2
3
3
1
1
0
2
2
1
3
5
1
2
1
1
2
1
1
2
3
2
1
2
1
1
1
3
5
3
1
1
1
2
2
0
2
2
4
2
2
5
2
6
8
4
3
3
1
3
2
1
1
4
3
0
1
0
2
5
3
9
4
1
1
2
4
237
248
265
189
334
206
2
5
2
3
0
1
0
1
1
3
1
1
0
1
1
2
1
0
2
3
1
1
1
1
0
1
0
1
0
1
3
3
2
3
3
1
2
2
2
0
1
3
1
0
0
3
1
0
1
1
2
0
2
2
4
1
1
2
1
0
1
1
1
1
2
2
2
281
143
240
142
217
135
1
4
2
4
9
5
2
2
1
1
0
1
2
4
0
5
2
3
1
1
1
2
0
1
5
0
1
2
2
2
1
1
2
3
1
0
2
10
1
3
21
2
2
3
1
2
6
1
6
6
1
1
1
3
2
2
1
1
2
1
9
1
1
3
3
8
162
190
149
152
207
142
3
3
1
0
3
5
2
3
2
2
2
1
4
5
1
1
1
1
1
1
1
1
1
0
1
3
3
1
2
5
4
2
7
3
1
1
3
2
1
4
3
3
1
2
3
3
2
10
3
2
1
3
2
1
1
1
1
1
2
4
1
7
4
1
4
106
134
248
157
94
124
2
1
1
1
2
1
3
7
1
2
1
3
5
2
1
2
0
1
2
3
0
1
3
1
1
3
1
2
2
2
5
2
0
0
1
3
2
2
4
3
6
1
0
2
2
3
1
3
1
2
1
2
1
1
1
2
1
2
1
1
5
2
2
5
117
193
273
175
135
208
1
2
3
1
1
3
2
3
0
0
1
1
1
1
1
4
0
1
1
0
1
1
1
2
1
1
2
2
0
3
2
6
1
1
4
1
2
2
1
2
2
2
1
0
1
1
1
1
0
2
1
0
1
0
1
5
1
1
1
1
1
1
2
144
175
136
147
151
129
1
2
0
2
7
5
2
3
1
1
1
1
1
3
1
3
1
2
1
2
1
0
4
2
1
2
1
1
5
4
1
1
2
1
1
5
3
1
2
2
3
2
1
1
4
1
0
0
1
2
1
0
2
0
3
1
0
3
2
2
1
2
190
133
184
143
254
135
2
0
1
2
2
3
2
1
3
1
2
3
3
1
1
3
1
0
1
1
0
4
1
4
9
0
1
2
4
1
3
1
2
1
2
2
2
5
1
3
3
1
1
2
4
2
3
2
1
1
1
2
2
2
1
1
14
0
2
1
2
109
142
136
150
175
161
1
1
9
3
3
1
2
0
1
1
1
3
3
2
3
1
1
2
1
1
3
2
2
1
2
0
1
2
1
2
2
5
5
0
1
1
2
1
2
1
1
1
2
1
6
2
1
2
1
1
3
1
4
4
2
5
1
0
1
2
235
235
212
337
194
184
3
3
5
1
1
1
0
2
2
1
1
0
1
2
1
1
1
1
0
1
1
1
1
4
4
1
5
0
1
1
1
1
1
1
2
1
2
1
2
0
1
1
2
1
1
0
2
4
1
3
1
3
1
1
1
1
1
1
3
107
161
130
209
195
223
2
2
1
2
1
1
4
2
1
1
2
2
3
1
1
1
1
1
1
4
1
2
1
3
4
5
4
4
1
2
2
2
3
3
5
2
3
3
2
2
4
1
1
1
2
0
3
2
1
6
1
2
4
2
2
4
3
1
179
185
158
175
150
138
3
2
3
1
1
1
2
4
2
0
3
1
2
1
1
3
3
1
4
2
4
1
4
10
19
2
4
1
3
0
2
2
2
1
2
1
2
1
8
2
1
1
2
1
6
1
2
1
2
3
3
1
2
2
2
1
2
131
122
110
202
174
152
2
7
4
7
1
2
2
6
0
3
3
2
1
0
1
3
1
2
8
6
1
9
6
5
0
2
1
2
0
5
3
4
1
6
1
3
0
4
2
9
0
3
4
3
1
4
12
2
1
2
3
4
1
5
7
4
299
254
282
211
246
279
1
1
1
3
1
1
2
1
4
4
1
0
1
1
1
3
2
2
4
1
1
1
1
1
7
1
3
1
1
1
2
2
2
2
5
1
1
0
1
3
2
2
3
1
2
2
1
1
3
5
2
0
1
1
3
229
217
171
294
178
150
8
2
1
1
2
3
5
4
3
3
0
1
1
1
1
2
1
4
0
1
1
4
1
2
1
4
0
1
0
4
2
1
1
3
1
1
1
2
2
2
2
3
0
2
3
3
0
8
4
2
1
1
1
2
249
318
346
231
257
323
4
1
1
1
7
0
5
8
4
0
1
1
1
1
2
1
1
1
1
4
1
0
2
1
3
1
0
2
1
2
6
14
7
1
4
2
2
1
3
2
5
1
2
1
2
1
4
13
3
1
2
2
1
279
266
223
272
217
186
1
3
4
10
1
8
9
3
2
2
3
4
1
1
1
2
1
0
2
3
1
1
3
1
0
0
1
2
2
6
6
3
0
1
2
3
7
3
2
4
1
1
3
5
1
8
13
2
1
2
3
2
264
410
316
254
298
323
2
0
2
2
1
1
1
1
1
1
2
1
2
1
2
2
2
5
3
0
1
1
2
5
4
4
1
1
0
1
1
1
4
1
2
0
1
1
3
1
1
1
3
1
3
2
1
13
2
1
1
224
186
148
240
163
146
2
3
1
2
3
1
1
1
3
5
2
2
1
1
2
3
15
2
0
1
2
1
2
7
11
3
2
1
1
2
1
5
1
2
0
4
3
4
3
3
2
3
0
3
1
2
1
5
6
8
244
204
320
243
267
225
12
0
5
2
1
0
3
9
1
1
2
2
2
0
1
5
3
1
2
3
4
0
2
5
1
1
3
3
0
0
2
2
4
1
2
1
4
1
1
2
1
1
2
2
2
0
1
2
5
251
192
319
209
294
215
1
5
4
3
2
14
7
6
2
2
2
1
0
1
3
1
1
1
2
4
1
1
3
2
2
2
3
7
0
1
4
5
1
6
2
6
1
2
2
16
0
3
6
1
1
1
1
3
109
124
99
170
110
108
10
1
5
1
1
1
2
4
4
1
2
0
2
2
1
1
5
5
3
1
1
1
2
3
2
1
1
1
2
1
1
8
2
5
11
0
1
2
1
3
2
1
2
0
1
0
2
137
120
95
142
104
112
14
6
2
6
5
2
1
5
2
2
0
2
4
2
0
2
2
2
0
0
1
2
2
9
1
1
1
4
0
1
1
7
1
5
5
4
1
2
2
2
2
2
1
1
1
2
149
82
101
84
112
86
8
0
1
21
10
6
1
7
3
1
2
5
2
1
2
1
2
0
0
2
3
2
7
1
2
0
2
1
1
6
6
12
8
1
3
1
7
3
6
7
4
1
1
1
1
94
105
121
133
108
150
2
1
11
28
4
5
6
2
0
4
2
4
0
2
2
1
1
1
2
2
2
2
2
3
1
1
2
4
2
3
4
7
1
2
5
11
1
2
3
7
0
0
1
1
87
92
115
128
95
122
6
3
2
1
1
2
1
1
4
2
4
0
1
2
3
0
1
1
1
1
1
1
3
1
3
2
5
0
1
1
4
2
1
1
2
0
0
1
1
2
1
1
2
166
90
193
95
187
112
9
5
2
4
1
6
1
3
3
6
0
0
1
2
1
0
4
1
1
1
1
2
0
1
1
3
1
2
3
1
2
2
1
1
1
2
1
1
1
1
1
1
134
137
91
133
107
100
5
0
1
2
4
0
2
1
1
1
1
0
2
0
1
0
2
1
5
1
2
1
2
1
2
3
2
4
3
3
4
8
3
2
2
0
3
5
2
1
3
135
132
106
144
117
112
1
0
2
6
0
2
3
6
1
0
0
2
0
0
3
4
2
3
1
3
1
2
4
3
1
3
2
5
0
3
4
6
1
2
1
1
1
2
1
2
93
116
127
122
164
106
6
4
3
2
2
1
3
1
6
2
8
1
1
2
3
5
2
2
2
2
2
2
2
2
1
2
3
1
1
1
3
4
1
1
6
5
2
1
2
151
174
148
151
108
126
4
6
5
2
2
5
1
6
4
9
2
2
2
1
3
4
2
2
3
3
1
4
2
7
2
4
1
2
2
2
1
5
3
5
1
1
2
4
135
143
185
124
156
158
12
2
1
1
2
1
3
3
4
0
3
1
2
2
4
1
4
1
5
2
2
2
13
3
2
2
2
2
8
1
3
4
2
1
1
1
1
188
177
120
192
128
113
1
4
1
5
1
7
3
6
0
2
4
1
1
4
18
6
0
2
1
2
2
11
4
4
1
3
2
1
3
3
5
3
1
2
2
0
74
101
120
40
98
156
4
3
4
0
1
1
0
3
1
1
2
2
6
1
2
3
15
2
1
0
0
1
2
8
2
0
2
3
1
0
0
1
3
2
4
140
217
140
134
174
116
14
13
0
4
1
2
1
1
3
3
4
4
3
1
1
4
3
4
1
1
1
3
5
2
1
1
2
2
1
1
5
4
2
6
99
202
201
103
124
226
5
0
4
1
2
1
8
2
3
2
2
5
2
2
10
10
6
2
5
3
4
6
2
5
1
1
2
3
4
3
4
2
9
108
156
117
101
109
108
2
1
1
6
1
2
4
3
3
3
1
3
2
3
5
3
3
2
3
6
4
2
1
3
2
2
2
3
1
3
6
3
223
125
163
147
203
206
1
0
4
1
1
1
0
0
1
1
1
1
1
3
0
2
1
0
1
1
2
0
3
3
1
1
0
1
2
1
0
94
91
98
126
164
147
13
9
1
3
1
2
1
2
4
3
3
3
5
1
4
2
5
2
1
1
2
1
5
3
10
6
1
2
1
2
128
131
133
128
135
124
4
1
2
3
3
1
6
1
2
2
4
0
2
1
8
4
2
1
2
2
4
1
2
4
3
5
2
2
3
110
118
103
88
97
117
0
1
4
5
3
5
1
7
0
9
7
0
4
12
2
15
0
2
1
3
7
4
4
4
2
3
2
6
160
199
162
137
176
157
1
3
1
3
0
2
1
1
2
4
5
1
0
0
0
4
0
1
1
3
0
1
2
6
0
2
2
129
170
209
125
140
195
2
3
3
4
2
2
6
3
14
4
1
1
1
5
1
1
0
3
2
2
0
6
1
4
3
3
111
140
131
166
156
204
2
4
3
3
1
2
3
12
7
1
1
2
3
3
2
2
3
1
5
15
2
6
5
4
17
109
133
101
107
92
93
2
2
1
2
1
7
3
9
1
3
1
4
4
3
1
5
2
2
1
1
4
2
7
4
47
27
60
25
27
86
3
7
2
2
2
2
2
3
2
3
3
1
3
2
1
3
3
5
4
1
2
2
3
144
118
147
120
143
112
7
4
1
2
3
8
2
5
1
4
1
3
2
3
2
13
11
3
1
5
1
3
50
116
98
36
64
110
5
3
2
1
3
1
1
4
2
0
1
0
2
1
10
14
5
1
3
3
4
76
50
7
84
23
41
2
3
5
7
9
5
5
3
1
1
3
2
1
2
13
9
1
4
1
2
127
141
122
92
103
124
5
6
2
1
1
0
1
0
1
0
1
3
2
2
2
1
1
1
3
100
90
109
140
121
125
16
5
2
1
0
6
3
1
0
2
4
24
4
1
13
6
2
3
98
144
150
99
128
147
3
1
4
2
2
1
1
1
3
2
4
10
5
4
0
1
2
84
121
110
84
70
77
1
1
1
4
2
1
3
4
1
3
2
1
1
6
5
10
95
133
106
104
103
94
6
3
4
0
5
1
5
2
2
9
12
1
1
1
1
86
95
89
117
109
104
11
10
3
6
4
3
1
3
11
5
0
1
0
2
119
81
63
86
75
118
47
3
3
3
7
2
2
3
5
2
2
0
3
93
79
85
39
103
52
2
7
7
7
4
2
5
4
2
5
1
3
138
194
104
123
98
94
2
1
4
1
1
1
0
2
3
2
2
95
93
96
79
81
190
7
2
0
1
1
1
1
1
6
4
91
138
149
105
107
135
13
0
2
1
1
1
4
1
3
107
115
73
88
61
78
0
4
3
1
3
2
4
1
218
208
210
310
321
329
11
6
2
1
1
1
1
148
256
255
156
152
294
13
5
9
2
1
1
268
241
281
243
287
295
10
1
2
1
3
287
161
287
151
250
159
5
0
3
2
179
308
173
173
297
168
6
1
3
79
80
159
268
82
79
8
3
98
101
115
186
183
221
2
301
345
269
320
278
268
