148
63
41
78
110
82
94
101
173
137
224
108
159
189
138
3
4
3
1
12
4
3
5
2
3
1
2
5
2
1
0
2
4
7
10
5
4
7
8
5
1
2
1
1
0
0
13
8
1
5
0
1
0
3
1
14
3
5
2
3
4
25
0
15
3
4
2
10
1
5
3
1
2
7
4
1
1
1
2
1
2
3
3
0
1
8
2
1
2
2
1
1
0
1
1
0
1
3
5
9
3
1
2
1
1
4
2
0
3
2
0
3
3
4
0
0
2
0
0
0
1
5
2
1
2
1
0
2
3
7
2
0
4
4
2
2
1
2
6
3
4
2
1
5
0
3
1
2
4
1
1
3
1
9
0
1
3
2
1
3
3
2
10
1
1
2
1
1
1
232
114
114
186
141
116
103
193
167
90
156
160
108
110
209
3
4
2
9
10
23
2
4
9
7
11
4
8
2
2
4
6
4
2
2
2
7
0
5
4
4
3
3
0
0
7
0
3
3
3
3
1
5
2
16
9
11
0
3
4
11
0
9
5
5
1
5
5
8
2
4
2
7
5
2
1
5
3
6
2
5
3
4
6
1
7
2
2
9
0
8
5
4
3
2
5
4
3
6
6
2
3
6
2
4
2
5
4
5
1
11
3
7
2
1
3
1
1
3
3
5
3
7
2
1
1
6
2
8
6
8
1
1
3
13
2
4
8
9
8
2
4
6
3
5
0
1
4
2
4
4
5
7
1
8
2
3
1
1
3
3
1
2
5
1
9
4
3
102
144
116
120
168
191
273
210
145
197
226
211
262
168
183
3
4
14
12
7
7
3
0
4
5
6
30
12
6
5
14
25
11
7
6
13
12
8
18
9
3
4
0
5
3
0
2
3
2
2
3
4
1
20
14
12
4
7
1
11
0
11
9
11
3
6
5
7
3
1
6
6
17
5
2
2
1
2
4
2
6
2
2
4
2
0
4
4
7
1
1
3
7
5
3
8
19
10
16
5
6
9
2
1
6
7
3
7
4
5
4
4
1
5
5
2
4
4
9
7
2
3
1
2
0
5
2
11
4
3
4
4
2
5
4
6
3
6
2
1
3
8
4
2
3
3
5
9
3
8
3
7
1
4
2
14
1
2
8
6
5
1
3
4
2
2
2
5
135
187
208
20
12
4
8
202
149
147
88
209
74
82
0
10
7
4
9
10
1
2
2
0
3
6
2
2
3
2
2
2
6
9
0
3
2
2
0
0
0
5
2
0
2
0
3
2
0
1
4
7
6
10
1
8
1
12
0
6
4
9
3
1
4
5
7
1
5
1
4
2
0
8
5
2
2
4
2
1
2
1
3
1
1
0
1
0
3
0
4
1
1
2
3
4
5
2
2
6
3
1
5
4
0
0
4
2
1
1
0
0
1
0
2
1
0
0
1
2
1
1
0
2
1
2
3
0
0
12
3
1
1
3
2
1
9
4
1
2
3
0
1
2
0
3
3
1
9
1
0
6
4
6
2
1
3
1
1
1
1
16
0
3
3
145
173
115
85
137
181
119
133
141
119
97
126
11
82
130
4
1
5
11
4
5
8
1
1
3
2
2
1
4
3
6
12
4
4
9
8
3
3
2
3
0
0
5
0
2
0
4
0
3
0
1
8
1
2
11
3
2
5
0
2
5
1
2
3
5
1
1
2
2
2
4
2
3
4
10
4
1
3
3
3
4
2
2
2
1
0
3
1
0
5
5
3
3
3
3
1
4
0
2
4
6
3
1
2
0
1
3
5
1
1
1
2
5
4
7
0
3
4
2
0
1
1
5
5
1
2
1
0
2
10
3
2
1
3
3
1
1
5
2
4
2
3
1
1
2
3
6
2
3
4
1
1
4
4
1
1
0
1
5
3
1
3
6
5
3
125
122
66
94
75
105
47
76
74
105
93
44
88
17
36
8
9
10
3
6
4
1
3
1
7
4
2
18
11
10
10
20
6
19
7
2
5
11
0
0
0
11
0
4
3
0
1
2
3
3
11
7
5
2
8
5
1
0
13
3
10
16
1
5
18
6
4
16
1
3
1
4
2
12
3
1
10
2
2
6
11
4
2
2
2
4
0
1
9
2
3
4
3
3
15
10
3
4
17
5
9
4
3
3
5
3
5
1
1
2
4
3
3
3
5
1
3
1
3
7
2
7
3
5
5
8
1
4
3
3
10
4
2
7
4
8
2
4
10
7
1
3
2
1
4
9
3
4
3
1
2
15
3
8
1
2
2
2
3
8
9
1
2
7
99
200
303
125
257
130
95
147
95
176
148
151
117
283
124
9
11
3
11
8
1
9
1
1
2
2
11
19
10
6
5
15
29
9
5
9
4
2
0
0
10
0
1
3
1
9
2
1
1
24
7
14
13
8
3
18
0
24
5
3
4
6
5
9
5
2
3
10
6
3
5
3
2
4
2
13
4
4
7
5
3
5
4
6
1
1
4
10
6
1
1
6
2
6
5
6
4
6
3
5
17
5
5
4
1
2
2
7
4
1
2
6
3
1
3
4
1
5
3
1
2
2
1
7
6
2
3
5
2
5
4
6
13
8
1
2
1
5
1
6
2
4
7
4
5
3
2
10
1
7
10
2
3
5
3
9
10
6
3
12
4
6
4
181
151
138
133
145
162
130
132
128
134
194
129
118
117
103
13
4
12
8
5
2
6
3
10
3
4
21
5
8
10
9
0
4
3
3
10
6
18
0
8
0
7
3
2
9
7
2
6
12
8
7
2
6
9
7
0
10
1
7
4
3
4
9
6
2
8
6
5
3
2
4
5
3
7
4
7
2
4
2
5
2
2
1
3
4
2
2
5
1
2
14
6
1
11
3
7
7
9
13
5
2
8
1
6
1
3
7
4
7
2
4
2
4
1
4
6
2
1
2
3
7
1
9
3
9
8
3
5
8
2
4
3
7
1
4
2
5
10
2
1
2
4
4
2
7
7
2
5
10
11
9
2
2
12
2
6
3
7
2
7
4
5
130
160
142
128
103
109
107
139
112
115
129
109
155
135
161
3
8
9
7
7
7
9
6
5
11
12
4
7
8
5
23
8
19
3
9
1
0
20
7
14
7
0
4
8
0
6
3
10
9
9
5
4
6
9
0
7
4
2
9
3
11
16
9
4
11
5
9
4
2
1
3
0
6
11
3
3
6
2
8
2
2
7
4
2
4
4
3
1
6
3
7
8
3
5
10
3
3
3
5
10
6
1
7
5
5
9
6
3
2
3
3
3
6
7
9
15
5
5
6
3
4
7
5
3
10
3
6
7
4
4
2
1
14
5
1
7
15
2
4
7
2
3
7
3
10
5
4
6
12
6
4
2
7
3
7
2
7
9
4
5
8
192
256
293
175
347
190
188
138
197
262
214
268
178
300
187
17
2
1
2
2
2
2
1
5
1
4
2
2
9
0
2
2
6
1
0
0
4
2
4
4
3
1
1
1
1
0
6
2
1
1
14
10
3
0
3
5
0
1
2
2
2
5
5
3
2
5
0
0
2
4
3
1
0
4
1
3
1
1
0
1
0
1
0
1
0
1
0
0
5
1
4
2
5
2
2
2
3
0
3
1
3
0
1
1
3
0
0
1
1
3
0
0
1
1
0
3
1
1
2
1
7
1
0
0
4
7
7
2
1
3
2
8
3
2
4
5
1
1
4
0
4
1
1
1
1
0
2
1
2
1
0
2
1
2
1
1
1
2
2
0
173
144
77
74
113
179
135
78
153
146
79
156
86
173
94
8
5
5
0
7
9
3
2
1
7
3
5
10
9
10
3
1
12
0
6
6
2
14
4
3
1
3
1
9
7
5
5
4
4
5
13
2
0
2
8
2
1
3
3
2
3
9
2
2
2
2
3
2
3
6
5
8
2
2
4
3
4
1
1
0
1
2
4
4
3
2
4
3
7
4
3
2
3
4
3
2
5
2
4
7
3
3
2
5
12
2
9
5
6
1
2
0
6
2
3
10
3
2
4
1
7
3
10
3
11
17
1
1
8
5
3
1
1
6
3
2
3
2
0
4
2
9
3
3
1
1
4
9
4
3
4
2
4
2
0
9
2
2
5
145
169
112
147
154
215
174
211
213
154
225
194
134
161
196
1
8
4
2
5
2
3
2
5
3
7
10
0
2
2
2
2
5
0
0
3
11
6
1
5
2
3
0
2
10
5
1
3
2
5
1
0
1
3
1
2
0
2
1
3
4
3
1
2
2
1
1
7
1
6
3
3
1
3
2
3
0
3
4
6
1
1
2
1
1
1
1
2
1
2
8
1
2
3
0
4
1
4
3
5
2
5
5
1
2
3
3
2
0
1
2
3
4
2
5
1
1
4
1
1
0
3
1
5
5
5
1
5
3
2
4
3
9
4
1
4
2
1
1
2
1
4
1
1
3
2
1
2
0
2
1
1
2
6
5
4
6
2
219
198
193
226
225
147
218
229
254
144
202
182
197
229
250
2
7
3
6
1
4
3
4
1
2
2
0
3
2
2
1
1
0
0
0
0
3
2
16
5
0
1
1
9
3
3
2
1
2
1
0
4
1
2
2
3
2
3
1
1
2
3
3
1
3
1
0
0
5
9
1
3
1
0
1
0
0
5
5
8
2
1
4
2
2
3
21
8
3
0
2
3
1
0
1
1
4
1
1
1
5
5
1
3
2
0
2
0
1
3
5
2
2
0
1
1
0
6
3
1
3
1
1
11
1
1
2
1
2
1
2
1
2
3
4
1
1
2
1
4
0
14
2
1
2
1
0
0
3
12
1
4
7
1
1
1
2
217
203
190
132
183
273
258
135
255
243
135
257
128
250
102
15
1
4
2
2
2
6
2
3
3
0
6
5
3
4
4
0
5
3
0
3
1
6
2
2
1
1
10
13
2
2
3
2
10
0
3
5
5
4
8
3
3
3
2
3
1
5
2
5
1
2
1
3
1
12
13
19
1
2
2
3
5
16
10
4
1
11
5
4
3
19
9
28
2
1
2
2
1
3
1
5
1
1
3
3
6
19
16
10
2
1
1
3
1
5
6
8
1
1
4
2
1
7
3
3
1
2
3
4
1
5
3
0
0
1
2
2
3
6
8
1
3
1
2
1
6
10
3
3
4
1
0
3
6
9
8
4
1
2
2
1
75
85
122
74
145
81
75
83
108
86
122
110
83
125
95
4
5
5
5
3
8
4
3
5
11
6
5
3
12
5
10
0
6
5
6
1
3
3
2
3
4
7
7
9
2
2
5
4
0
13
2
0
1
4
10
7
4
3
6
1
3
1
1
1
3
3
1
6
17
6
12
3
3
2
1
3
11
11
3
5
4
4
6
1
3
2
32
1
5
3
6
1
1
2
2
3
4
3
1
3
3
11
8
0
1
3
11
3
8
7
2
4
1
9
5
3
16
3
8
1
6
8
4
2
2
4
5
0
2
6
3
2
6
21
4
1
11
2
5
7
4
6
12
1
4
1
4
2
7
11
12
6
1
2
6
274
108
248
212
265
134
265
214
232
129
82
103
174
216
177
25
6
2
2
4
1
10
14
0
1
3
10
4
2
0
0
3
8
3
2
6
0
6
0
1
6
1
2
10
6
7
6
0
9
1
6
8
2
1
0
2
4
9
3
2
1
1
6
3
4
2
3
1
0
1
5
5
2
3
0
6
2
1
6
2
3
2
2
1
2
2
1
22
7
3
0
1
0
1
7
2
2
2
3
2
1
1
3
3
0
4
2
2
1
2
4
5
6
3
0
4
0
2
9
8
7
4
1
3
2
0
1
11
2
4
2
1
2
4
3
15
5
2
0
0
0
4
3
1
0
2
2
1
2
1
2
1
1
3
288
235
331
339
269
271
315
303
306
259
239
311
309
293
287
1
1
1
3
0
1
3
4
3
2
16
10
4
0
0
7
0
4
0
4
1
2
8
15
1
1
2
5
1
5
4
0
4
4
2
1
1
4
2
1
4
9
0
0
2
1
2
2
2
21
3
3
1
3
2
2
2
3
1
1
1
1
7
15
25
5
2
3
3
6
0
5
5
4
0
4
1
1
2
3
2
0
1
2
3
1
11
3
2
11
1
2
3
5
5
12
4
2
2
5
3
1
1
3
3
4
0
1
13
1
4
9
3
2
1
1
4
7
14
5
11
1
3
2
3
1
0
1
1
1
2
2
2
4
4
3
1
6
170
167
239
196
253
189
140
182
162
145
215
139
178
194
162
1
2
6
2
3
4
3
3
4
5
7
1
0
0
2
0
6
0
5
2
1
1
2
2
3
7
4
4
9
0
0
3
3
3
5
0
5
1
1
2
4
3
2
2
0
1
8
7
2
5
2
1
2
3
2
14
1
0
2
1
6
5
1
11
1
0
3
1
3
1
1
5
1
2
1
1
1
4
4
2
3
1
1
1
1
9
0
1
2
6
5
5
4
5
6
3
1
1
3
7
1
0
9
6
3
1
1
1
5
0
1
6
6
4
9
6
2
1
2
2
1
1
3
3
4
6
1
2
9
1
1
14
2
3
2
9
5
100
207
207
231
292
120
127
110
108
282
263
254
274
244
305
10
15
4
12
4
16
17
1
3
1
0
0
0
11
0
5
2
1
4
1
1
1
21
6
7
10
7
2
18
0
13
8
5
40
9
3
10
3
2
4
8
14
1
0
1
2
2
4
7
7
2
2
2
3
0
5
6
4
2
2
4
10
2
6
2
3
5
2
3
5
5
2
13
4
1
2
2
5
2
0
3
2
1
1
2
1
1
3
2
3
8
1
1
4
2
1
5
8
1
2
1
1
3
2
3
5
4
7
2
3
8
5
9
3
3
2
1
2
2
4
4
1
3
4
2
2
5
3
14
2
1
7
3
3
2
3
127
108
136
165
90
191
224
204
162
228
172
195
205
226
130
10
7
11
8
22
10
1
2
2
1
12
0
12
0
2
7
2
3
1
3
1
9
12
7
6
2
2
25
0
17
8
7
11
5
8
10
3
1
3
8
13
1
3
0
2
0
3
4
4
0
6
2
4
1
4
0
2
1
1
2
3
1
0
1
2
1
4
2
8
5
9
6
2
6
3
2
7
1
2
3
1
0
10
2
1
1
0
8
8
2
2
0
0
4
4
7
2
0
0
1
3
1
2
3
4
1
3
6
2
3
5
3
6
3
1
4
2
2
2
1
3
2
2
0
10
0
4
6
5
4
4
2
1
1
6
124
122
151
146
119
51
91
82
65
122
174
182
160
139
151
6
24
7
21
23
13
3
15
4
0
19
5
0
10
2
3
16
1
2
2
9
6
7
6
2
9
7
0
25
11
4
7
3
5
10
1
3
10
0
5
2
1
1
6
1
3
7
6
6
9
8
2
2
1
2
5
1
4
1
3
0
5
2
2
2
5
3
18
7
3
1
4
3
7
3
7
5
1
6
1
1
4
2
0
1
6
2
5
13
3
0
4
6
3
5
1
1
7
0
3
7
1
1
8
2
2
2
1
5
8
4
4
5
3
4
9
4
8
6
5
5
7
2
1
5
3
2
8
3
5
6
2
1
7
146
148
138
223
175
140
180
193
128
150
208
220
172
145
177
17
16
0
7
4
6
3
1
0
0
8
0
10
1
1
1
1
1
5
10
5
2
8
4
5
20
0
9
7
5
12
1
3
4
9
9
5
3
7
1
4
2
8
3
2
1
2
1
9
3
2
0
1
1
5
1
1
5
2
2
1
6
3
3
5
2
5
12
6
1
5
1
2
4
6
2
2
11
1
2
1
1
2
2
1
3
2
3
2
1
1
1
2
1
1
0
1
6
2
1
2
12
3
7
5
7
8
3
7
6
3
1
3
3
8
1
3
3
4
2
3
2
2
1
4
4
3
2
1
6
7
13
8
271
265
143
252
343
242
170
228
271
158
379
272
150
146
289
13
0
4
0
14
4
1
12
0
5
15
5
2
1
3
1
2
2
4
9
2
9
8
8
4
0
17
12
25
13
2
4
4
2
4
9
4
6
1
3
9
4
1
2
8
2
3
3
2
2
1
1
2
2
0
1
1
1
2
2
3
2
4
6
2
6
4
3
2
4
1
2
4
4
3
0
4
3
0
2
1
2
2
1
1
3
5
3
0
4
1
2
6
2
0
1
3
4
3
2
6
5
1
5
6
1
10
13
2
2
6
7
7
5
2
2
6
1
2
9
2
3
2
3
10
2
3
2
4
4
7
5
135
142
113
106
148
111
262
128
213
92
94
137
102
171
103
0
4
1
12
7
1
17
0
9
0
6
2
1
6
1
4
1
11
7
3
7
7
7
10
0
23
7
22
20
1
15
5
8
6
13
2
10
6
3
3
6
1
5
4
9
4
4
4
10
2
6
10
2
0
5
3
4
2
3
3
14
4
9
7
6
7
5
4
4
4
2
2
6
4
1
5
1
0
3
4
1
2
3
1
12
5
1
3
4
4
6
6
5
1
4
2
3
9
3
4
4
3
10
9
5
6
9
4
8
4
3
3
8
14
5
5
5
4
13
0
0
0
8
11
5
3
6
6
3
6
6
0
0
0
0
0
0
0
0
0
113
95
0
121
0
0
0
0
7
0
4
0
0
0
0
0
7
7
0
0
9
0
27
21
0
0
10
0
14
0
0
0
11
0
10
16
0
0
8
0
9
18
0
0
9
0
3
5
0
0
12
0
10
4
0
0
8
0
3
10
0
0
12
0
7
9
0
0
12
0
11
9
0
0
11
0
6
14
0
0
12
0
3
8
0
0
9
0
16
7
0
0
3
0
9
8
0
0
7
0
3
5
0
0
17
0
9
27
0
0
8
0
13
8
0
0
16
0
5
4
0
0
18
0
2
19
0
0
18
0
5
20
0
0
7
0
207
213
81
158
256
254
93
171
183
101
161
222
96
94
158
6
4
3
2
0
24
6
13
7
6
14
8
4
4
2
14
14
10
2
3
5
7
0
24
4
9
10
6
6
4
2
7
5
3
9
5
8
2
9
3
2
3
4
6
12
5
4
2
2
1
13
6
13
2
3
1
5
5
6
6
9
4
16
9
3
2
5
7
2
4
3
7
6
7
5
6
3
2
2
3
7
9
6
7
3
3
3
4
3
4
6
4
6
3
4
8
9
3
7
10
7
1
5
4
6
5
2
20
8
2
5
6
1
6
4
5
11
2
2
3
8
7
3
9
3
9
3
5
8
165
223
136
220
189
177
149
217
176
139
208
175
155
210
187
3
4
4
0
7
2
9
1
1
2
4
0
4
0
5
4
1
4
3
1
5
0
18
3
3
4
2
5
2
3
3
7
3
2
2
1
2
1
1
2
1
2
11
4
0
2
2
2
15
6
6
1
0
5
5
2
4
7
2
6
2
2
2
0
1
3
2
6
2
1
12
2
8
3
5
5
0
2
5
7
6
9
4
3
2
2
6
2
3
2
2
2
0
1
1
2
1
2
7
3
1
2
3
3
2
6
1
3
6
2
1
1
3
2
2
3
1
1
0
4
1
1
7
0
0
1
3
5
238
178
144
119
164
176
158
117
187
186
136
164
91
175
138
11
13
0
0
8
6
2
0
1
3
2
4
2
10
4
3
12
8
9
6
0
4
2
4
10
1
3
2
3
2
7
2
3
1
2
8
5
2
7
5
1
0
3
7
2
1
0
1
1
6
2
2
2
4
5
3
1
1
5
1
2
8
5
3
1
2
0
1
1
3
0
2
2
1
2
1
1
0
1
3
2
1
0
2
3
5
1
4
4
1
2
1
7
11
1
1
2
6
3
3
2
4
2
3
1
2
1
6
5
9
2
4
2
1
5
2
1
1
3
1
1
8
2
3
2
2
3
177
176
172
156
182
196
176
161
218
207
143
191
154
194
182
29
0
14
4
11
9
0
2
8
3
0
9
6
3
4
2
6
4
2
0
13
14
2
3
2
3
9
0
4
9
0
2
3
1
4
0
2
14
3
3
6
2
2
6
14
4
4
2
10
2
8
15
14
3
2
3
10
12
3
14
3
10
1
4
4
1
3
1
2
2
4
2
2
2
2
8
3
6
2
4
14
2
8
2
6
1
2
4
2
0
0
9
5
2
0
4
6
3
3
5
4
5
2
6
5
2
4
6
13
2
4
1
5
4
5
1
1
3
1
2
5
4
5
7
1
3
169
225
197
220
172
177
188
216
204
200
219
185
220
199
184
0
2
5
0
8
0
1
2
1
6
5
2
4
6
1
1
1
2
0
5
2
2
4
0
2
1
0
3
1
0
1
0
0
1
1
3
12
9
5
2
2
1
9
13
8
2
1
7
2
7
4
16
5
1
1
3
4
1
10
2
1
1
4
2
1
1
1
4
0
1
4
1
4
2
0
21
6
1
1
1
3
3
13
9
1
1
2
1
0
1
3
6
1
0
2
5
1
1
3
5
6
1
8
2
4
1
7
4
3
3
3
2
1
4
1
1
4
2
4
2
2
3
2
3
5
0
0
0
0
0
0
0
0
0
0
0
0
0
0
0
0
0
0
0
0
6
0
0
0
0
0
10
0
0
0
0
0
0
0
0
0
0
0
13
0
0
0
0
0
8
0
0
0
0
0
8
0
0
0
0
0
6
0
0
0
0
0
6
0
0
0
0
0
7
0
0
0
0
0
5
0
0
0
0
0
4
0
0
0
0
0
3
0
0
0
0
0
11
0
0
0
0
0
8
0
0
0
0
0
4
0
0
0
0
0
11
0
0
0
0
0
5
0
0
0
0
0
4
0
0
0
0
0
7
0
0
0
0
0
14
0
0
0
0
0
0
0
0
19
0
0
0
0
0
0
0
0
0
0
0
0
4
0
10
0
0
0
1
0
18
0
0
0
6
0
0
0
0
0
5
0
14
0
0
0
3
0
10
0
0
0
2
0
8
0
0
0
5
0
5
0
0
0
1
0
4
0
0
0
3
0
10
0
0
0
2
0
13
0
0
0
2
0
9
0
0
0
4
0
10
0
0
0
2
0
16
0
0
0
2
0
6
0
0
0
2
0
10
0
0
0
3
0
5
0
0
0
4
0
13
0
0
0
4
0
11
0
0
0
9
0
9
0
0
0
2
0
14
0
0
0
7
87
96
111
71
106
188
170
192
183
215
199
226
171
235
212
6
10
4
2
1
1
2
2
11
8
1
3
4
3
7
0
13
6
7
5
2
4
4
1
2
2
2
15
1
1
1
6
2
7
6
1
0
2
4
5
2
5
2
7
1
3
4
2
0
1
1
9
0
0
2
5
5
4
4
6
2
1
5
12
1
1
3
2
1
5
4
1
1
3
2
10
2
3
2
4
3
9
2
4
1
3
2
4
4
2
2
3
3
3
2
1
2
6
3
7
3
1
4
3
5
3
2
2
4
6
2
6
2
8
3
6
2
3
0
8
5
5
0
0
163
0
0
0
0
0
0
0
0
0
0
0
0
0
0
8
0
3
0
0
0
6
0
11
0
0
0
0
0
13
0
0
0
6
0
5
0
0
0
10
0
5
0
0
0
10
0
12
0
0
0
4
0
10
0
0
0
4
0
8
0
0
0
11
0
6
0
0
0
8
0
4
0
0
0
16
0
3
0
0
0
7
0
6
0
0
0
7
0
3
0
0
0
11
0
7
0
0
0
6
0
9
0
0
0
9
0
11
0
0
0
4
0
3
0
0
0
7
0
2
0
0
0
2
0
7
0
0
0
4
0
11
0
0
118
188
147
160
160
154
200
136
153
182
234
200
176
210
217
3
5
0
1
3
5
9
5
3
1
5
3
4
0
3
1
1
2
5
6
2
3
2
1
4
4
1
1
0
9
2
4
1
5
4
1
2
4
9
9
0
3
4
2
1
2
1
1
6
2
6
3
0
2
6
2
1
2
2
1
3
4
7
3
5
2
4
3
3
3
1
0
4
5
3
5
4
13
11
9
1
1
6
3
2
3
4
2
1
6
3
5
5
2
5
1
6
3
1
3
1
2
2
2
3
5
2
3
6
2
2
8
1
4
4
2
1
4
4
4
251
233
329
303
275
298
266
228
302
236
225
306
298
254
244
1
7
2
5
2
6
1
3
1
1
1
4
0
5
6
0
1
13
2
2
1
1
3
3
2
2
3
1
2
1
1
4
4
0
0
1
1
0
1
1
1
1
3
1
1
1
3
5
2
6
1
1
2
4
1
0
1
1
1
0
2
3
0
15
2
0
3
0
1
0
1
3
3
1
1
4
0
1
1
6
2
0
6
1
1
1
1
1
4
5
2
1
2
5
1
2
1
1
1
0
1
0
2
2
2
0
2
0
0
0
2
8
5
2
2
0
3
1
2
233
209
213
247
258
161
200
341
233
212
169
212
203
216
256
1
2
6
2
3
3
3
1
3
1
1
0
10
1
10
2
1
4
1
2
9
3
1
1
4
5
3
1
1
9
2
11
1
1
3
6
1
5
11
4
5
1
3
2
3
1
1
4
5
5
2
3
3
4
1
1
1
3
1
1
5
3
3
1
9
2
0
1
1
7
3
11
2
1
7
2
8
2
1
1
3
4
0
3
3
0
0
2
2
1
0
1
4
2
4
4
2
3
2
1
2
2
2
0
3
1
2
2
1
3
1
0
3
1
1
2
2
2
315
333
295
279
299
305
295
241
306
270
304
300
227
298
244
0
1
0
5
1
2
2
1
0
3
0
10
6
3
2
3
3
1
2
2
2
1
3
6
1
2
1
0
5
7
6
2
0
1
1
0
1
2
2
4
2
1
1
0
1
1
3
2
1
1
2
2
2
2
4
4
3
1
4
0
1
5
3
1
2
1
1
1
0
4
4
1
2
0
1
0
1
2
0
2
5
1
2
3
2
1
8
2
3
2
1
5
3
2
0
2
1
3
2
2
3
4
6
3
1
1
2
0
3
2
1
4
2
1
0
2
2
254
206
214
316
269
279
299
244
295
332
233
252
224
282
258
1
2
1
1
1
1
2
0
1
0
1
3
0
1
0
3
3
0
0
0
0
0
2
1
3
1
1
2
2
1
0
1
2
0
1
2
1
1
1
1
2
1
1
0
0
1
1
5
0
3
1
1
0
2
1
2
2
1
1
2
2
0
0
1
3
0
2
1
0
2
2
2
1
1
1
1
0
1
0
1
1
2
1
0
1
1
0
2
0
0
1
2
0
1
1
1
0
2
2
1
1
0
1
1
0
3
0
3
0
1
1
0
0
2
2
4
298
250
221
309
300
259
259
291
322
255
236
278
216
248
299
1
6
2
2
0
0
2
1
0
6
0
3
1
2
2
1
0
2
1
1
2
2
5
1
1
3
5
6
1
1
1
2
2
0
3
2
2
1
3
2
3
6
2
1
2
3
3
0
1
1
1
1
3
2
0
5
0
1
1
1
1
1
3
2
1
3
1
3
2
3
3
2
3
4
1
2
2
2
1
2
2
4
2
0
3
1
1
0
2
1
1
1
1
5
0
3
1
1
1
3
2
1
1
10
3
1
2
0
1
3
2
2
1
1
3
256
370
311
307
284
243
277
248
271
289
296
278
263
241
316
1
1
2
2
1
2
3
0
1
2
5
1
3
4
1
0
0
0
4
1
0
0
1
1
1
2
2
3
4
1
1
2
2
2
3
1
0
1
3
9
18
6
2
1
4
3
1
2
4
6
1
1
1
1
1
2
1
2
3
1
1
1
2
3
4
4
1
5
2
1
1
5
4
4
0
1
10
1
0
4
5
3
1
1
0
1
0
2
2
4
1
1
3
5
0
1
1
2
2
1
5
1
1
4
2
2
1
1
2
2
2
1
3
3
120
160
184
166
193
187
93
108
126
133
151
152
136
126
153
4
10
11
3
4
20
0
26
6
18
16
5
3
11
11
8
12
6
11
5
16
5
3
2
2
9
7
1
6
4
3
2
9
3
2
0
2
12
9
3
1
8
7
11
10
5
5
7
2
9
15
4
2
3
7
4
6
3
2
1
2
1
8
3
2
3
7
8
3
1
1
2
6
11
8
1
2
4
2
20
3
15
4
5
9
12
7
13
3
17
9
5
6
12
5
7
6
6
3
8
10
2
1
14
8
6
5
3
3
8
9
9
4
161
189
100
129
132
202
80
175
170
110
166
139
76
82
246
7
1
3
3
5
0
13
9
6
2
9
4
2
2
1
8
7
8
5
2
1
3
1
3
4
3
3
2
1
3
2
2
2
1
1
2
6
2
2
1
2
6
3
3
3
4
7
3
3
3
4
4
4
3
7
3
5
2
2
4
4
3
1
2
4
3
9
3
3
1
4
3
4
11
4
8
4
1
5
6
3
4
4
3
1
4
8
5
3
1
5
5
2
1
2
1
3
4
5
2
1
2
2
4
4
3
6
4
4
2
1
6
276
225
182
130
231
213
213
149
203
142
110
204
213
207
156
1
5
1
5
0
5
0
13
4
5
3
7
1
7
2
3
5
2
1
2
1
1
5
3
3
2
3
1
3
0
6
6
2
15
7
3
2
5
3
3
4
3
3
3
4
3
1
3
11
4
4
1
0
2
0
7
2
1
1
2
3
4
8
4
7
4
10
2
2
1
5
2
3
5
5
1
3
3
4
4
5
5
9
0
3
2
2
3
9
5
1
2
5
2
5
1
2
5
8
4
1
1
4
3
1
4
5
2
1
3
3
114
151
150
153
131
154
171
181
203
171
184
136
209
165
166
11
2
13
0
4
12
3
6
1
0
2
2
3
5
1
1
2
1
5
6
2
2
4
2
2
2
3
5
1
0
0
3
0
0
1
1
2
1
1
2
1
1
15
2
12
5
1
1
0
1
4
2
1
1
4
0
0
0
6
1
0
0
1
3
3
2
1
0
1
1
1
0
0
1
3
15
8
3
3
2
3
1
5
3
9
7
2
2
3
0
1
2
3
2
1
0
1
4
2
1
0
2
1
1
2
0
3
2
4
4
203
177
146
158
165
216
177
162
177
197
160
180
160
257
176
4
3
0
10
5
8
4
1
6
8
3
4
2
1
2
1
2
3
3
5
2
7
2
2
1
4
0
2
1
1
0
1
0
5
1
0
1
1
3
1
1
1
2
7
3
2
1
2
2
6
5
3
1
3
1
1
1
10
0
1
1
3
2
10
3
2
1
4
3
4
2
1
6
2
1
8
3
1
2
1
3
2
2
2
5
1
2
1
2
5
1
3
2
3
3
2
1
5
1
4
1
0
1
1
1
13
1
4
4
184
100
145
155
151
77
151
131
154
149
146
97
152
157
128
5
0
4
6
1
2
2
0
3
3
6
4
3
2
2
2
2
1
2
2
4
6
2
3
2
1
0
3
2
0
0
1
1
6
2
0
3
2
3
3
3
4
6
1
1
5
3
2
3
2
2
5
6
1
1
1
4
2
0
1
2
2
6
9
5
1
2
3
5
1
1
2
6
5
4
7
3
1
2
9
1
6
4
1
2
1
3
4
4
2
4
3
0
2
5
2
2
1
2
6
1
1
1
1
4
3
2
7
109
78
109
106
115
176
71
230
197
45
231
151
73
66
199
0
15
7
10
15
2
4
15
8
4
25
6
7
4
2
1
4
2
2
7
1
1
3
7
5
0
1
4
2
0
1
3
2
0
0
7
4
5
4
2
7
8
3
9
4
3
1
4
2
1
1
6
1
1
1
1
1
4
1
2
3
3
4
0
0
2
1
8
3
1
1
3
3
3
1
3
5
3
2
2
1
3
5
4
3
5
4
6
4
11
7
5
1
5
2
1
1
1
4
2
3
2
1
5
2
1
4
0
0
0
0
0
0
0
0
0
0
0
0
0
0
0
0
0
0
0
0
0
0
0
0
0
0
0
0
0
0
0
0
0
0
0
0
0
0
0
0
0
0
0
0
0
0
0
0
0
0
0
0
0
0
0
0
0
0
0
0
0
0
0
0
0
0
0
0
0
0
0
0
0
0
0
0
0
0
0
0
0
0
0
0
0
0
0
0
0
0
0
0
0
0
0
0
0
0
0
0
0
0
0
0
0
0
0
0
0
0
0
0
0
0
0
0
0
0
0
0
0
181
138
138
227
192
131
155
190
178
144
166
175
158
157
168
7
20
7
14
3
17
6
2
8
10
10
15
3
3
2
3
7
11
8
3
4
5
6
6
2
3
3
14
1
35
7
2
3
4
6
18
6
6
12
7
2
12
6
5
2
2
3
16
1
9
1
4
5
2
2
8
5
11
3
7
5
2
1
9
3
12
7
5
3
6
3
4
3
10
7
11
7
5
1
6
5
5
5
33
7
8
8
21
2
31
2
10
5
3
1
10
9
14
9
5
6
9
2
5
3
229
256
240
173
174
260
266
219
240
263
186
196
180
178
237
3
6
3
10
5
3
1
3
10
10
0
2
5
1
4
2
4
3
2
6
4
3
1
1
6
5
1
2
2
5
2
1
5
2
1
3
4
6
10
11
4
1
2
0
8
4
4
0
1
0
4
2
2
3
2
0
1
7
2
3
2
1
8
8
2
1
3
1
16
6
2
1
3
0
4
4
1
4
2
3
12
8
2
3
3
5
6
17
1
0
0
3
2
5
3
5
14
4
3
2
3
4
1
2
163
194
190
182
127
240
216
241
303
205
244
210
263
175
202
15
6
3
5
8
0
15
8
10
0
1
2
6
3
2
3
4
0
3
4
2
1
3
1
1
1
2
1
13
0
3
6
5
2
4
0
4
9
3
3
5
1
1
4
3
3
1
1
0
1
2
0
1
1
1
2
4
1
4
1
4
5
3
2
5
0
5
5
2
4
6
2
3
3
10
1
4
5
8
3
4
3
12
2
15
19
3
3
1
1
11
5
1
0
3
2
1
3
2
5
3
2
4
136
227
207
290
165
188
173
177
192
275
262
239
244
246
189
6
3
5
9
2
5
2
2
3
2
2
5
2
4
4
4
4
5
5
6
0
1
3
6
1
1
3
2
5
1
2
2
4
7
2
8
9
1
3
16
2
0
2
2
3
1
2
1
1
2
3
2
1
3
1
1
1
3
1
6
2
1
3
8
0
1
3
3
1
2
4
1
2
16
2
3
5
7
7
3
9
11
7
15
14
3
1
3
1
8
0
1
0
2
12
2
1
4
4
1
1
6
164
77
291
306
210
76
169
177
197
77
76
76
285
209
220
5
2
0
3
2
5
5
2
2
4
1
0
3
6
1
2
0
2
0
3
0
2
1
2
1
1
1
2
0
3
7
3
1
2
2
4
0
8
2
2
1
1
2
2
0
4
1
0
0
1
0
2
1
7
1
9
3
0
1
2
1
5
7
1
4
3
1
4
2
2
1
2
3
2
3
2
2
3
4
3
4
2
5
3
1
5
3
3
2
0
1
1
1
5
2
2
3
4
1
3
1
163
107
126
155
126
140
192
212
167
164
155
155
201
201
206
2
4
5
4
2
2
2
1
1
1
2
4
4
10
6
2
3
2
4
7
6
1
1
0
4
4
1
1
2
5
1
7
3
5
4
3
5
3
4
1
3
4
1
2
2
2
1
1
6
4
3
9
4
3
3
4
1
7
5
1
3
4
3
3
2
1
4
5
1
1
1
6
1
4
3
2
0
1
1
1
4
2
3
1
2
8
5
7
2
0
3
6
0
1
1
2
3
4
1
8
136
60
60
85
78
85
83
100
83
264
124
204
125
193
146
4
3
2
3
4
0
1
1
3
1
2
5
3
6
7
3
3
0
0
1
0
0
0
2
0
5
4
10
3
2
4
3
4
10
1
2
1
6
0
1
1
2
2
3
1
0
2
1
2
1
2
5
2
2
0
1
2
1
0
2
10
0
1
4
3
4
0
1
8
3
4
1
2
3
3
3
2
1
1
2
9
5
1
3
0
2
4
1
0
4
3
6
8
1
1
3
2
1
5
202
222
228
200
103
190
169
225
97
319
292
156
285
142
136
1
1
1
2
1
1
0
3
3
1
3
2
2
1
2
0
1
1
1
0
0
0
1
1
1
0
5
0
0
1
7
2
10
2
10
2
3
1
5
0
1
1
3
1
2
0
1
0
0
0
1
2
2
3
0
1
2
1
1
1
0
1
13
1
2
1
3
2
1
2
6
2
2
5
1
1
2
0
1
2
3
1
1
3
6
1
3
1
1
2
1
3
1
1
2
1
9
2
189
197
109
95
83
142
168
88
118
84
121
21
38
217
8
3
2
6
1
1
2
5
8
3
3
6
2
1
6
2
3
2
1
2
1
2
2
1
2
1
1
10
2
5
1
2
6
5
3
0
0
2
4
4
2
1
1
0
4
3
3
1
1
0
2
4
1
2
12
2
4
2
1
0
0
1
1
3
1
5
9
0
3
14
0
7
5
7
1
3
3
6
2
2
5
7
1
1
7
1
3
2
1
1
1
1
1
4
6
2
2
3
140
189
113
185
133
114
156
190
102
92
151
118
138
117
121
15
1
1
1
6
1
2
7
1
7
1
1
3
1
1
3
4
3
2
0
8
5
1
2
1
2
1
4
3
5
7
2
2
8
1
5
1
2
0
1
2
2
3
1
1
2
3
3
3
3
1
8
1
0
0
0
5
2
1
2
2
0
3
4
2
7
3
1
3
3
4
4
8
2
6
3
8
7
8
4
2
1
2
5
1
0
1
2
1
1
1
1
1
2
4
13
426
419
412
424
421
418
7
1
4
1
2
0
6
6
3
1
1
1
2
2
0
0
0
1
3
1
1
1
0
3
4
5
1
1
3
4
2
4
2
2
3
0
0
2
1
7
1
1
4
0
1
0
4
1
1
3
1
2
1
0
0
3
13
3
2
1
0
4
1
2
1
5
6
2
17
1
1
3
2
1
1
0
2
4
1
7
2
5
3
0
0
0
1
6
1
1
5
3
2
2
1
347
220
357
250
310
208
2
6
0
4
0
4
11
2
6
4
2
0
1
4
4
1
1
3
1
1
2
1
2
2
6
6
1
3
2
0
7
5
6
2
2
1
1
3
7
0
2
3
2
1
0
2
5
4
3
7
1
1
2
3
9
6
2
5
1
2
2
0
4
2
1
5
2
2
2
2
4
4
3
9
4
2
5
4
5
3
8
8
1
1
1
7
6
1
2
3
3
1
1
3
327
395
395
324
331
375
2
1
0
1
1
1
5
2
1
0
1
0
1
4
3
2
1
1
1
1
0
2
2
0
1
0
2
2
1
1
1
2
17
0
0
5
6
7
1
1
2
0
2
2
0
5
5
4
6
0
1
3
1
2
1
3
4
0
1
1
0
0
2
6
2
0
8
2
1
0
4
1
4
1
1
2
2
11
5
2
2
2
1
1
1
2
0
1
1
0
1
1
1
373
284
330
277
340
337
1
1
1
5
3
3
1
3
2
0
2
0
2
2
2
3
1
4
3
1
1
4
2
1
0
1
2
1
3
0
0
3
0
3
1
1
4
2
0
4
2
1
1
0
10
1
1
1
0
2
1
2
2
0
2
5
2
1
2
2
1
2
3
3
2
2
3
2
3
6
1
7
1
3
1
0
2
1
1
2
1
0
0
1
2
2
2
2
1
1
1
2
397
367
403
396
448
412
2
2
4
4
2
1
2
3
1
1
0
2
1
1
0
1
7
2
1
0
1
3
1
1
1
5
1
1
2
2
1
2
2
1
1
2
0
1
1
6
3
1
0
1
0
1
1
2
0
1
1
1
2
0
0
2
0
16
1
0
0
1
1
6
1
4
4
8
0
4
2
2
8
4
2
1
0
2
1
0
0
1
1
8
1
1
0
2
6
1
4
387
389
431
358
402
369
2
1
5
0
3
2
3
2
1
1
0
1
0
0
1
3
1
2
2
2
1
2
2
1
14
2
7
3
1
3
3
1
1
0
1
1
2
1
3
1
0
1
0
0
4
1
1
1
2
1
2
1
0
0
3
4
6
1
4
3
2
1
5
3
4
4
1
1
1
1
1
4
1
1
3
0
1
2
5
2
1
3
1
3
1
5
12
5
5
4
313
381
352
341
369
377
1
2
2
2
1
6
1
3
4
1
1
3
0
1
1
1
0
1
3
4
1
0
1
7
2
1
2
1
3
3
3
3
1
1
1
2
0
1
1
10
0
1
1
1
1
3
1
1
3
1
0
2
0
2
4
8
2
0
0
1
3
3
1
3
5
0
3
2
0
1
2
3
3
1
0
1
2
3
5
3
9
1
1
3
1
0
4
7
2
276
363
286
293
391
314
1
2
2
1
1
4
1
3
0
6
1
1
6
3
7
6
0
2
1
4
1
8
5
4
0
3
4
4
1
1
2
0
3
0
1
8
1
4
4
6
2
2
2
3
1
2
4
3
4
1
2
0
1
2
2
0
1
3
1
2
0
4
12
3
4
6
11
3
5
3
5
2
2
2
2
3
0
1
0
1
1
2
2
4
3
3
0
2
119
145
129
171
144
125
2
3
2
2
6
0
2
5
3
0
2
1
4
0
0
2
1
1
7
3
3
5
3
8
1
3
3
3
3
2
4
9
2
1
2
2
0
1
2
6
3
5
10
4
1
0
1
9
4
1
4
3
1
2
3
3
9
4
5
1
1
2
1
7
2
0
5
2
1
1
5
4
2
2
4
2
1
1
4
10
2
1
3
8
1
1
4
216
204
182
153
128
198
14
13
3
4
4
6
3
4
4
7
0
6
1
7
1
8
1
15
1
1
4
1
2
2
1
3
1
3
2
5
3
2
11
8
1
1
2
6
1
10
9
4
1
2
6
5
1
5
3
5
3
2
3
3
1
7
4
5
2
10
8
4
5
5
9
19
0
8
3
6
3
5
6
11
3
1
1
11
1
9
12
3
1
2
1
8
219
140
174
122
149
182
9
1
4
2
3
1
4
16
6
0
5
2
3
0
4
1
11
0
3
1
2
0
1
4
1
3
4
2
4
2
5
4
4
0
2
3
5
5
14
10
6
2
3
3
4
1
2
2
3
0
6
2
7
7
2
6
2
0
3
5
4
2
6
2
3
0
2
4
6
1
3
5
5
5
4
2
11
0
5
2
5
0
6
2
3
210
266
212
218
184
223
1
2
6
4
1
4
9
5
2
1
1
23
2
3
1
9
0
3
6
1
3
4
2
2
0
4
1
5
1
4
4
11
0
5
5
6
2
13
3
3
1
3
3
1
1
1
2
1
2
2
1
4
1
2
4
3
1
2
4
3
1
3
10
1
2
3
5
1
2
4
10
10
2
1
2
7
0
7
13
2
3
1
1
1
155
159
200
250
203
181
0
2
0
0
1
0
0
2
2
1
2
2
1
0
1
2
2
5
3
1
0
1
3
6
2
3
1
2
1
1
0
4
1
0
0
1
4
2
1
6
1
3
1
1
0
0
1
2
7
7
2
1
1
1
0
3
1
8
8
0
2
1
1
3
4
0
2
0
0
4
1
2
1
0
2
2
0
1
1
12
7
1
2
198
188
209
211
216
285
9
6
2
0
3
5
16
11
5
4
0
2
5
2
2
1
2
3
0
1
1
2
1
2
3
2
2
1
1
8
1
1
1
10
2
6
5
1
3
3
7
29
1
2
1
0
4
2
2
1
1
1
4
3
2
7
6
7
1
16
2
0
1
9
6
29
1
2
2
5
3
4
0
3
1
1
3
1
1
5
2
2
230
276
308
190
221
262
8
2
0
3
1
2
2
2
11
0
0
2
4
2
4
1
1
1
1
1
1
1
1
1
2
4
0
1
1
4
0
1
5
1
2
3
6
4
3
7
4
0
0
0
1
1
2
2
0
1
0
1
1
1
0
3
0
0
1
2
1
0
1
1
5
1
0
2
3
5
5
2
6
0
1
2
1
1
2
2
4
183
216
178
196
145
250
3
6
1
5
0
4
1
3
1
1
0
1
1
4
1
1
1
3
0
2
1
2
1
7
3
5
1
2
1
2
2
7
1
6
6
4
2
2
5
6
1
4
4
1
0
0
0
1
0
3
2
0
0
5
7
6
1
0
3
3
0
4
4
3
4
1
3
3
1
3
9
8
1
0
5
1
1
5
3
2
140
119
89
267
248
281
17
0
4
0
4
1
1
1
28
7
6
1
5
2
0
1
2
1
1
1
1
4
2
3
1
0
2
0
1
1
4
7
2
2
3
1
1
2
0
1
3
1
3
2
1
3
1
5
2
0
3
1
0
7
2
11
8
1
3
2
5
4
2
7
1
2
1
0
1
1
2
5
6
1
3
3
2
1
1
329
247
283
262
303
306
5
3
1
5
8
1
1
4
1
4
1
6
0
1
1
0
2
1
1
4
1
1
2
10
4
11
0
1
1
12
1
2
2
2
2
1
1
1
1
3
3
1
0
1
3
2
2
3
3
3
4
7
3
3
1
34
9
1
1
0
1
2
10
2
2
2
0
2
0
1
1
7
17
3
1
3
2
1
222
244
204
223
271
209
8
0
5
3
1
0
12
3
5
0
0
2
1
0
0
2
6
2
1
0
5
2
1
4
20
0
1
2
8
4
4
4
3
0
1
2
6
1
5
5
0
0
1
2
2
0
1
1
0
0
1
1
0
1
18
3
10
0
1
5
1
15
9
3
6
0
0
3
3
1
8
17
2
1
1
0
1
149
267
263
175
196
269
2
2
0
3
2
8
1
1
0
2
6
2
3
1
2
2
2
1
4
3
3
1
3
2
1
0
2
2
1
2
18
3
1
2
2
1
2
4
1
2
0
1
1
0
0
7
5
9
1
3
1
1
2
3
4
1
0
1
1
1
13
5
6
7
0
3
3
6
3
2
4
5
4
2
1
2
272
251
266
242
234
231
3
3
1
1
2
3
1
1
18
6
2
2
1
4
0
2
0
1
4
3
0
1
1
1
4
1
4
1
3
1
3
2
2
1
1
0
0
0
2
1
2
2
5
0
3
2
2
2
2
16
3
0
3
3
5
4
3
8
3
0
1
2
0
2
0
0
2
1
0
1
1
5
6
1
5
247
196
173
267
228
283
15
6
1
4
1
3
1
13
1
3
2
2
3
1
3
1
0
0
1
1
1
6
3
1
5
2
0
3
0
3
5
9
2
2
2
0
0
1
4
0
2
3
1
8
2
8
2
2
8
2
1
23
2
4
3
7
4
6
2
1
1
2
1
0
0
1
1
3
20
1
4
11
2
11
223
293
231
245
248
231
26
1
2
2
2
1
4
3
5
2
2
0
3
1
4
2
0
1
0
3
4
1
5
2
9
0
2
1
1
1
12
3
1
0
1
1
0
0
1
2
2
0
2
1
0
0
2
7
1
0
14
4
0
2
8
2
9
1
4
2
2
4
1
1
2
1
2
2
0
2
1
2
6
256
212
203
216
192
213
1
1
1
2
1
6
2
1
4
1
1
0
2
1
2
0
2
2
8
1
1
2
3
4
1
5
3
3
3
5
10
3
0
1
6
0
1
0
2
1
0
4
2
10
0
1
2
2
2
4
8
1
2
3
9
7
1
1
1
3
2
3
2
3
1
4
1
1
5
3
2
22
303
336
297
335
265
276
3
2
4
2
0
6
6
4
2
1
3
1
1
2
1
3
0
0
1
1
0
1
0
3
1
5
0
0
1
0
0
2
2
4
2
1
2
4
0
1
2
2
3
1
0
3
2
0
0
0
1
1
1
2
0
1
1
1
2
2
0
1
2
1
0
1
3
1
1
3
7
291
326
314
269
321
280
4
13
2
3
2
4
2
2
1
4
2
2
0
3
8
2
3
5
1
0
1
2
6
3
2
12
2
2
2
3
7
1
5
4
4
1
6
5
1
5
3
7
1
9
2
2
7
6
3
7
5
4
3
3
5
1
1
3
2
2
1
3
6
2
5
17
1
1
3
5
338
380
383
336
362
383
2
1
4
5
2
2
2
2
4
1
2
2
2
5
1
2
1
1
3
2
0
4
3
2
1
0
3
2
1
2
2
6
2
0
1
7
2
1
3
3
1
2
0
2
1
1
3
2
5
0
8
1
2
1
1
4
2
0
1
1
2
5
5
2
9
2
1
2
1
307
351
372
278
343
317
3
4
6
4
2
2
2
3
0
3
2
5
3
2
7
3
2
1
3
2
2
3
5
6
1
3
3
1
5
3
9
3
2
1
2
3
1
2
6
10
1
2
4
5
10
10
4
1
8
5
5
3
2
1
7
7
1
1
1
2
1
4
4
3
3
2
2
3
289
305
308
274
369
282
0
1
4
4
2
1
2
2
1
2
1
4
0
0
1
3
0
0
1
2
1
2
1
0
1
1
1
1
1
0
2
1
1
1
2
1
1
4
3
1
1
3
3
2
0
1
1
4
3
1
1
1
0
4
5
0
1
3
2
1
1
1
0
5
1
1
2
331
197
322
189
304
192
3
3
21
2
2
3
0
2
2
0
2
1
5
3
1
4
1
7
2
1
1
4
1
2
2
1
2
3
3
2
0
1
1
1
2
2
4
5
2
9
10
2
1
3
6
5
2
4
22
4
1
6
3
2
2
1
2
1
1
6
7
3
2
4
3
11
289
236
245
220
249
216
2
6
5
1
6
5
4
6
3
4
1
3
4
7
3
1
1
2
1
3
4
3
3
3
3
2
5
0
1
3
8
12
2
6
2
2
8
7
4
8
6
1
1
1
2
2
5
2
2
1
4
7
3
5
6
0
4
2
3
1
1
1
6
4
4
176
210
331
294
168
190
1
0
1
1
4
2
3
9
2
1
1
1
6
2
2
1
2
1
1
1
4
1
3
2
2
2
1
1
1
5
3
2
1
2
3
0
3
5
5
7
1
2
1
4
1
3
4
1
1
2
2
0
0
0
1
4
0
1
4
1
5
2
2
3
172
215
299
224
173
222
4
2
3
5
1
2
1
1
1
0
0
2
0
0
0
2
3
2
1
1
2
4
1
3
2
1
1
1
8
4
5
9
8
2
2
1
2
4
2
1
4
5
1
0
0
4
3
2
2
0
2
1
0
0
1
7
3
0
4
2
1
1
4
230
237
168
224
210
158
4
6
2
1
3
2
2
2
1
1
1
1
5
4
2
1
2
2
0
0
1
2
5
2
3
3
2
2
4
3
3
2
3
3
1
2
4
5
2
1
3
2
2
1
2
2
3
1
2
7
1
1
3
3
2
1
1
3
1
1
1
4
247
226
234
176
310
163
5
0
1
1
4
3
2
0
1
0
1
1
3
2
1
2
4
1
4
1
2
2
4
6
3
1
5
3
1
0
4
4
0
1
1
3
4
1
1
1
1
0
1
3
2
2
7
2
3
2
1
2
0
6
1
2
8
1
2
1
2
187
229
257
204
246
232
1
3
3
1
6
2
2
2
1
3
3
1
4
3
3
5
1
3
1
3
4
2
32
2
1
2
8
9
3
3
7
5
2
3
3
0
2
0
3
2
1
1
3
3
7
2
1
3
1
1
6
2
1
1
2
7
1
3
2
2
277
291
273
392
248
241
1
4
1
5
0
1
0
3
2
1
0
1
2
5
2
2
1
3
1
2
1
0
3
10
2
2
1
1
1
3
2
1
0
4
1
2
1
1
2
1
2
0
1
1
0
2
2
3
3
0
4
1
3
1
1
2
1
2
2
143
214
179
273
289
299
1
1
1
1
1
2
2
2
2
0
1
1
2
4
1
1
2
2
6
1
1
0
1
0
5
1
3
1
1
1
1
1
3
3
1
2
1
1
0
1
4
2
2
0
5
4
3
2
3
2
0
2
1
1
1
4
4
3
246
239
192
249
209
175
0
5
5
2
5
1
2
1
1
1
3
1
3
2
1
3
0
2
4
4
8
2
7
0
9
0
1
1
7
0
6
10
3
2
3
0
2
1
3
3
7
1
0
2
4
2
1
1
2
1
5
1
2
1
1
2
3
211
168
152
217
188
175
1
3
2
3
0
2
0
1
1
9
5
2
1
2
1
4
0
1
2
3
0
1
6
2
1
2
2
2
1
3
4
2
0
2
2
2
0
1
8
10
1
1
2
2
0
1
8
8
1
3
5
3
2
0
0
2
403
357
379
327
331
382
1
1
2
0
0
3
1
6
5
3
3
1
4
2
3
4
2
6
2
2
1
5
2
2
10
7
12
2
3
6
4
5
2
2
3
2
5
2
4
6
2
2
5
1
3
2
3
2
1
1
1
4
2
1
4
354
382
282
392
270
287
20
6
0
1
1
5
7
3
3
1
2
3
1
1
1
0
1
1
0
2
1
2
1
4
2
0
0
1
2
3
1
2
2
2
1
2
1
3
3
1
2
2
0
0
1
3
1
10
3
4
0
2
2
2
336
432
388
326
378
381
8
1
1
9
8
0
6
3
5
1
2
2
3
0
2
2
1
1
1
3
1
0
3
5
3
0
0
2
2
1
5
7
5
0
2
2
0
0
1
3
2
1
2
1
3
0
4
2
2
2
0
2
2
339
370
342
407
341
351
2
2
14
15
0
4
10
3
1
12
6
6
0
0
1
1
1
1
2
2
2
1
3
2
0
1
4
3
1
8
8
2
1
1
1
4
2
2
5
7
1
1
1
2
0
4
10
2
1
4
2
3
403
425
426
401
406
448
5
1
0
1
0
1
1
1
1
1
3
1
2
1
3
0
10
6
3
1
4
2
2
1
0
7
4
0
0
0
0
1
2
1
2
1
1
1
3
6
1
1
1
0
2
3
1
1
3
2
2
393
370
315
370
314
300
1
2
1
2
3
3
2
1
1
2
2
4
1
1
1
5
14
0
1
3
2
3
2
2
9
6
1
3
1
1
1
2
2
5
2
2
2
4
1
2
2
3
0
5
1
2
3
13
1
3
358
321
424
346
364
334
25
0
2
1
2
1
5
11
1
2
1
1
1
0
1
2
5
0
1
5
3
1
1
4
0
0
7
4
0
1
1
2
5
1
1
2
1
0
1
1
2
1
1
1
2
1
1
2
1
397
364
427
377
405
376
1
3
7
1
1
12
2
1
0
0
0
1
0
0
2
0
1
4
1
1
1
0
3
1
7
12
2
7
0
1
2
9
1
1
4
3
1
1
1
4
2
1
2
0
2
0
1
2
132
167
99
205
105
150
4
2
6
0
2
1
3
3
3
1
1
2
0
3
1
1
1
3
1
0
3
3
1
1
1
1
2
0
1
2
1
8
8
4
7
1
0
1
2
1
2
0
4
2
0
1
1
187
184
119
175
138
129
14
8
3
2
11
9
1
2
5
5
2
3
6
2
1
9
3
1
0
1
1
1
2
6
5
1
1
4
3
1
3
7
11
9
2
3
4
7
1
3
9
2
2
3
2
3
161
117
138
124
150
138
20
2
2
18
27
4
5
4
4
1
6
1
3
2
4
3
2
0
2
0
11
0
5
2
2
1
2
2
1
6
11
4
13
1
2
2
10
2
12
3
9
2
3
2
2
159
139
122
189
145
178
2
3
26
20
2
1
2
5
2
0
3
1
2
1
2
2
1
0
2
1
2
1
3
9
1
1
5
1
6
3
13
4
4
2
7
10
3
1
2
3
2
4
1
5
118
163
208
187
128
179
3
2
3
0
1
0
3
1
4
3
1
0
1
1
4
0
2
5
1
0
0
1
0
0
1
3
1
1
1
3
2
1
1
1
2
0
0
5
1
4
2
3
2
223
112
207
120
235
139
8
5
9
1
4
1
1
2
2
1
0
1
2
8
0
2
3
1
0
4
2
3
1
10
4
4
1
1
3
2
3
1
3
1
2
4
2
1
1
1
1
2
125
149
124
106
107
141
15
1
2
1
1
1
3
2
6
1
2
1
2
1
3
2
2
1
2
3
1
1
2
1
2
3
5
5
4
1
7
11
7
2
1
1
1
2
3
4
4
137
157
117
191
126
142
1
1
1
1
0
1
4
1
0
1
2
2
0
5
3
2
1
1
4
1
1
1
2
2
4
3
6
6
1
7
3
3
2
1
2
2
2
3
2
2
212
202
233
232
269
196
4
2
5
2
1
2
0
3
1
1
3
15
0
2
1
1
1
1
1
3
2
1
2
3
1
1
2
1
1
1
5
3
1
0
2
1
1
2
1
280
300
269
281
226
250
17
3
4
2
3
2
4
3
5
9
0
6
4
2
1
6
3
1
9
3
8
1
2
7
4
2
1
2
3
2
1
2
3
1
3
0
0
4
263
306
313
258
280
291
24
0
1
2
4
0
8
5
3
4
2
3
6
1
2
2
4
1
6
2
2
1
3
2
4
9
4
1
2
0
2
0
4
0
1
0
5
304
347
240
314
257
254
1
3
5
14
1
5
14
4
0
4
2
1
1
2
11
5
2
2
2
2
3
6
3
2
0
4
2
2
1
4
1
4
6
1
2
3
115
170
209
146
180
258
4
3
3
1
2
2
4
5
0
2
5
1
2
1
0
3
2
2
2
1
0
1
4
6
0
0
2
3
2
1
0
3
0
1
4
276
325
304
266
310
262
8
2
0
4
1
2
0
1
6
2
0
0
2
1
0
2
6
6
3
1
1
2
4
3
1
1
1
3
0
0
2
4
3
7
156
230
262
159
176
253
3
0
1
2
3
1
13
1
10
1
2
2
3
2
1
1
13
1
4
1
4
3
2
6
5
0
2
3
7
7
3
5
5
184
218
218
171
216
202
0
3
3
1
1
4
3
6
1
1
0
3
1
5
5
2
1
3
2
9
1
2
1
3
1
1
2
1
1
1
1
3
271
156
228
191
261
263
2
2
11
0
2
3
3
1
1
1
0
2
3
4
1
8
1
1
2
1
1
0
2
4
8
0
1
1
3
0
2
178
193
199
231
240
280
8
8
1
10
8
2
3
3
4
8
3
3
4
1
6
2
3
4
2
1
1
4
2
4
3
10
5
0
1
2
191
216
194
185
182
186
3
1
3
4
0
3
5
4
4
0
9
4
1
10
3
5
3
1
3
2
6
2
7
1
8
2
3
3
1
136
142
135
102
140
143
0
4
2
4
1
8
4
9
1
3
1
3
1
9
1
1
4
7
2
2
2
1
2
2
1
2
1
2
170
234
187
150
202
199
0
5
1
1
0
2
1
0
4
5
4
1
4
1
1
4
0
1
2
1
1
1
3
4
3
11
4
166
243
272
175
191
270
3
6
3
2
1
0
6
3
11
3
1
7
3
4
0
2
1
4
2
2
2
5
2
2
2
3
158
180
184
199
193
250
6
1
10
5
3
6
8
14
6
4
2
2
8
2
4
1
3
3
1
10
2
10
3
4
12
165
181
162
164
140
122
7
3
15
1
1
2
4
2
2
3
8
3
5
2
1
1
3
6
1
2
4
3
4
4
110
176
241
156
119
196
4
6
3
3
1
1
1
4
2
1
3
2
1
1
0
6
2
5
1
2
2
3
2
202
156
224
169
208
154
9
15
2
2
5
6
3
1
2
5
2
1
0
4
3
12
11
4
1
0
0
3
83
169
180
82
86
205
7
1
1
3
1
3
3
2
4
1
0
0
2
1
8
2
2
2
2
0
1
144
109
61
108
85
53
5
2
3
7
6
1
7
7
0
0
1
4
0
5
6
2
1
2
2
2
206
238
245
159
166
256
7
4
2
1
0
1
1
2
2
1
1
1
3
1
2
2
3
0
6
162
136
156
187
166
193
10
4
1
2
2
5
1
1
3
2
0
21
9
2
7
8
2
2
143
176
193
178
190
201
10
1
1
2
3
0
1
1
5
1
6
2
3
1
2
5
12
152
187
150
151
107
104
1
2
3
4
1
1
1
5
2
1
1
1
1
7
2
10
198
238
163
206
179
156
2
3
6
1
2
0
4
6
2
9
4
2
1
1
3
139
185
171
184
162
207
8
9
1
1
3
4
1
1
5
8
0
3
0
1
187
110
90
88
85
160
19
2
2
5
13
1
2
6
4
3
2
3
5
147
116
121
86
135
69
1
7
4
13
1
3
4
5
3
3
1
8
177
277
196
175
191
203
3
0
5
0
4
0
2
1
6
6
1
188
181
187
142
145
246
5
5
0
1
1
2
2
2
4
8
139
233
231
164
150
208
14
1
1
1
2
0
1
3
1
145
166
124
117
88
116
1
3
3
5
2
4
4
2
285
282
274
373
394
378
11
2
1
1
1
2
2
230
333
351
249
244
382
11
1
6
2
2
4
333
300
354
342
366
325
3
2
1
8
6
294
218
341
241
278
223
1
3
2
1
219
331
216
216
368
214
8
1
4
135
137
256
352
144
140
3
15
144
145
157
274
255
272
2
312
347
288
387
330
335
