177
150
171
166
135
169
167
272
189
183
134
171
184
198
184
110
152
179
157
109
140
157
217
258
308
233
249
265
329
266
221
206
255
192
207
305
240
208
258
209
232
277
195
240
232
220
152
189
240
199
279
180
218
238
261
331
275
344
311
292
239
297
280
241
258
250
218
232
229
327
296
269
285
267
325
293
323
310
298
332
304
264
297
310
249
243
206
208
221
201
152
225
217
214
220
205
163
255
247
227
244
197
296
245
304
227
292
338
227
271
169
240
222
153
157
56
136
162
124
180
234
31
141
185
116
215
90
153
174
142
21
141
154
97
38
111
150
147
96
181
273
241
210
216
203
202
229
273
261
230
219
228
264
240
216
203
207
239
183
186
185
221
324
264
223
314
257
308
146
187
165
139
136
147
170
127
95
108
109
85
103
197
135
139
152
182
144
186
171
147
223
249
189
207
153
235
178
158
123
143
138
147
137
167
162
141
152
171
138
126
176
132
136
152
147
146
162
159
148
149
225
253
170
163
187
186
298
172
143
190
147
197
222
144
125
134
109
216
272
211
206
193
170
139
174
128
262
267
238
223
276
231
243
186
261
204
253
227
238
201
271
251
277
190
233
248
171
203
142
230
229
273
188
292
290
173
239
193
299
200
328
270
307
286
237
204
243
268
276
272
241
212
252
261
269
223
186
266
301
258
189
243
273
199
305
176
277
166
288
265
222
164
203
228
225
221
246
160
173
219
231
181
190
223
220
202
136
143
237
290
176
161
146
180
166
288
311
310
247
265
285
269
226
309
283
263
275
252
201
254
271
239
223
197
227
210
221
162
246
275
222
315
284
273
229
276
227
180
263
245
203
297
285
246
192
191
197
305
226
233
232
244
190
178
244
223
184
181
171
223
227
280
138
129
167
200
167
144
120
258
298
216
271
260
234
257
197
198
229
206
272
285
282
210
272
252
183
274
224
245
213
220
281
210
240
186
232
314
229
230
219
221
219
259
251
228
241
231
214
231
193
231
235
263
206
251
274
226
192
137
201
205
204
188
183
116
221
184
180
180
227
104
116
112
98
116
187
172
159
187
243
244
227
276
275
307
177
102
111
159
194
187
197
98
92
141
186
159
174
76
122
103
79
83
96
96
81
91
225
199
165
213
201
225
77
148
149
115
112
102
106
81
78
67
76
59
75
130
116
116
105
100
119
114
88
110
125
110
120
123
111
107
84
61
95
86
54
56
80
80
120
102
89
76
122
84
85
74
48
84
134
81
76
122
118
101
142
101
99
96
225
143
187
172
215
235
240
110
165
200
185
197
201
109
111
183
175
158
187
162
166
177
216
212
247
308
282
280
209
225
168
188
172
146
189
206
179
242
189
202
196
175
169
175
132
160
117
141
149
174
219
242
198
237
204
194
131
150
111
106
139
143
153
126
131
154
141
122
97
124
114
144
168
148
102
119
135
113
157
145
110
212
146
216
131
178
162
193
204
195
205
82
93
110
120
114
125
134
163
145
116
127
133
103
108
103
176
130
140
218
193
251
190
178
179
115
182
167
195
197
190
125
207
213
219
305
92
151
165
142
110
155
163
164
162
108
180
197
265
201
232
242
203
166
168
238
157
237
230
190
168
242
166
203
172
181
251
164
238
230
222
219
275
269
308
255
292
242
205
200
204
158
197
144
218
225
203
201
235
166
236
247
181
222
183
224
159
207
160
216
264
228
269
207
300
233
205
208
215
180
149
216
217
274
282
180
141
208
236
303
175
184
220
264
213
177
239
243
196
237
232
222
200
270
283
294
262
238
242
200
186
297
286
227
205
189
167
278
220
232
193
164
270
191
153
171
245
188
222
270
208
175
211
108
169
192
191
194
177
129
184
168
163
155
169
157
109
111
116
119
160
161
158
137
295
280
249
276
218
224
159
138
202
225
184
146
168
95
112
196
195
128
158
197
143
129
115
125
177
154
140
143
287
228
249
208
218
216
242
142
166
199
140
165
148
146
147
216
160
164
163
117
118
89
114
97
123
89
122
101
215
213
229
219
283
265
213
151
265
239
283
238
280
217
200
190
209
225
212
165
173
177
205
178
306
264
268
283
287
301
304
294
357
301
298
274
268
257
249
291
245
282
318
253
245
310
265
275
294
291
285
309
243
249
281
272
314
267
284
300
325
273
241
210
203
200
231
235
183
249
226
202
251
239
199
224
196
223
248
188
245
230
248
235
245
246
259
275
238
249
313
248
261
286
260
243
244
287
270
258
230
237
217
252
243
209
226
203
258
230
225
230
301
271
328
253
300
251
239
175
204
221
271
278
227
240
274
257
332
261
251
278
242
239
194
236
283
265
220
263
304
244
274
302
275
286
199
244
272
244
229
282
247
212
204
170
168
179
187
332
255
281
247
246
271
280
262
269
307
315
310
283
286
348
181
193
209
205
221
183
206
233
250
145
178
138
162
229
150
185
148
173
160
221
176
196
192
205
217
213
210
244
204
259
195
141
144
113
132
220
276
213
207
182
203
204
148
159
119
142
205
197
183
211
259
229
225
232
251
254
172
166
111
201
156
188
163
138
64
179
161
115
102
128
133
296
196
196
91
112
133
160
152
143
141
196
202
191
107
166
146
216
228
252
234
161
138
120
95
98
117
122
199
137
149
190
133
123
132
147
203
207
261
233
204
230
181
214
137
171
123
137
119
228
153
198
134
186
142
170
233
149
185
151
155
115
149
105
188
214
178
170
176
191
222
108
87
164
171
157
97
132
113
174
195
184
114
107
121
140
145
127
99
100
137
113
234
183
153
206
161
158
148
93
129
98
126
111
107
179
209
208
201
142
162
213
231
190
175
201
241
237
208
256
240
197
218
230
219
223
238
190
198
206
202
225
241
184
226
242
222
212
249
244
161
228
234
214
200
241
222
241
228
208
230
244
233
285
181
222
235
144
189
146
205
167
199
139
163
106
168
169
127
164
160
219
146
166
128
185
206
147
187
190
243
218
152
40
127
146
165
202
174
78
169
144
162
198
194
78
109
27
95
44
118
149
159
160
125
245
136
188
257
199
253
231
201
258
223
191
215
200
220
210
141
147
172
194
236
222
135
182
210
155
176
150
221
194
207
143
206
158
198
226
241
252
155
204
158
240
253
196
154
207
158
239
214
180
246
190
232
159
201
163
192
252
211
240
203
224
145
142
173
119
158
149
92
226
180
96
138
129
63
174
120
182
155
78
162
157
151
93
173
166
128
223
119
110
249
179
184
133
150
156
128
195
199
122
167
187
154
239
89
122
165
160
87
124
164
161
123
105
79
192
134
192
187
222
221
166
135
149
142
178
185
176
150
186
172
208
148
120
151
155
139
117
166
146
158
183
155
206
223
238
165
141
146
116
120
113
104
216
249
187
219
196
147
253
243
223
194
149
232
277
258
151
237
199
123
257
152
135
231
260
264
206
160
145
170
201
233
205
193
178
156
264
182
158
134
154
195
172
158
157
210
187
188
221
175
156
157
89
119
126
125
102
110
108
178
167
196
132
141
139
89
87
84
76
142
151
118
110
190
138
138
170
166
94
128
164
116
175
166
186
139
140
115
161
188
157
160
166
150
157
116
117
122
128
152
94
168
160
147
173
257
159
142
151
145
212
195
223
225
175
100
121
92
127
103
154
168
128
173
148
180
151
186
183
241
268
261
256
264
271
103
88
98
100
89
95
112
189
249
156
164
184
181
232
185
169
204
173
217
171
226
199
148
257
244
195
171
258
98
152
208
216
219
220
217
141
93
100
87
126
90
159
172
149
182
139
227
229
178
197
219
207
195
203
212
228
263
166
189
211
168
210
262
210
236
268
175
250
230
230
177
162
212
137
179
200
166
186
145
270
219
124
197
174
236
232
187
258
226
230
187
236
222
290
227
245
207
235
256
288
280
222
237
239
229
244
253
293
232
299
238
229
274
313
256
223
193
233
228
318
269
234
230
221
244
284
232
243
251
269
238
258
261
261
247
241
266
233
310
276
236
102
172
209
233
181
187
120
218
211
220
203
195
184
107
118
169
119
175
203
270
245
251
185
181
233
231
214
151
117
102
137
162
115
97
107
85
155
139
96
75
86
107
162
184
147
80
85
80
83
166
117
78
175
115
133
177
149
128
141
117
119
131
157
115
148
167
152
166
155
220
138
115
155
188
142
148
118
216
156
176
262
228
180
192
187
139
217
250
183
218
338
265
171
203
255
249
272
164
201
242
244
139
149
200
215
204
172
229
219
211
237
253
209
207
225
181
171
160
204
193
201
180
154
152
183
173
165
167
145
195
176
177
161
234
222
221
248
224
253
217
231
165
259
257
282
322
170
145
166
139
228
172
135
225
189
202
231
140
125
202
149
223
222
286
207
286
271
204
122
189
180
152
174
158
157
227
167
171
188
178
149
108
121
113
128
140
160
170
173
227
238
224
227
231
219
103
120
97
142
132
92
128
113
101
122
118
106
120
98
168
135
110
139
138
143
132
141
247
178
238
213
281
205
162
227
172
212
180
211
182
186
191
176
166
147
155
171
246
243
194
238
188
181
171
182
344
331
322
322
386
326
176
142
116
147
167
155
221
139
112
115
123
130
139
91
85
92
103
113
129
137
132
123
279
274
187
306
214
204
140
183
155
270
260
293
232
190
115
157
144
143
123
165
201
170
184
150
133
134
167
149
270
253
226
346
295
278
266
272
230
185
164
195
219
268
207
178
144
156
188
234
152
118
136
171
160
126
135
187
209
211
265
260
249
259
305
276
249
284
242
224
249
250
312
244
213
222
231
274
250
252
248
239
224
196
209
218
232
283
264
229
326
246
198
232
188
320
328
246
258
207
169
197
194
156
181
169
237
240
206
206
176
190
182
180
319
230
285
290
258
227
246
159
215
271
226
211
218
127
208
221
192
175
168
124
138
122
112
112
225
237
257
253
288
270
251
265
277
307
216
216
105
175
244
220
249
153
92
138
170
147
161
131
209
263
249
233
99
129
117
116
223
290
213
264
260
267
206
241
188
196
194
175
186
151
282
253
279
247
169
139
152
152
142
155
235
253
251
148
210
195
187
248
169
136
207
200
197
156
201
196
190
293
204
233
245
229
244
220
231
232
202
280
164
199
175
201
243
243
245
271
262
245
157
173
166
190
218
240
223
124
148
120
139
159
178
182
164
204
180
158
170
201
187
179
226
200
201
276
229
254
108
160
88
101
113
108
127
179
124
116
110
80
126
152
185
172
144
193
154
146
111
145
306
236
209
239
226
207
183
96
136
189
198
218
210
111
181
239
168
160
172
133
106
81
87
109
198
163
157
145
214
210
203
248
268
281
234
239
230
190
201
202
226
228
219
215
209
197
200
342
219
236
208
212
184
200
187
203
280
247
214
285
232
243
311
273
275
175
222
249
235
237
221
190
233
277
234
259
166
208
220
212
161
216
210
231
214
214
173
275
204
231
245
194
264
174
226
229
218
288
275
138
194
235
258
234
142
218
244
251
150
204
255
241
207
189
149
301
241
289
180
128
109
205
177
231
214
142
128
205
195
214
215
227
169
181
153
197
164
148
125
165
211
219
245
223
248
244
179
157
143
128
150
127
153
217
277
141
168
166
156
258
224
202
239
197
184
195
208
171
236
218
185
233
182
177
171
180
218
189
180
153
193
103
127
119
136
91
129
244
232
223
169
205
260
215
193
252
270
261
290
187
248
246
160
123
165
222
216
167
222
115
156
150
138
152
126
155
115
99
104
96
180
164
147
126
231
173
191
160
180
142
125
136
98
119
115
124
87
192
135
156
190
117
81
140
194
202
172
113
190
233
226
217
259
189
157
209
168
223
225
222
197
199
204
195
201
266
193
223
240
237
241
215
238
227
222
248
177
231
190
211
206
185
194
272
307
255
147
182
266
271
196
201
229
98
152
143
177
136
141
198
185
140
176
154
260
193
200
192
215
234
229
193
195
187
142
154
110
165
147
210
107
189
161
172
192
151
159
163
163
207
208
162
117
164
134
137
150
224
157
165
137
171
270
283
327
265
222
231
206
332
254
279
236
259
229
262
310
263
291
260
246
239
212
218
311
301
252
264
283
282
224
272
243
277
239
258
237
270
218
197
239
237
247
284
264
250
271
237
246
203
221
210
269
292
271
313
337
305
251
192
236
212
242
233
241
242
272
198
265
258
221
201
224
214
207
204
173
239
237
205
235
229
263
277
253
255
283
251
248
211
225
253
212
250
246
216
234
278
225
205
185
195
214
190
221
239
222
213
287
237
268
246
288
254
220
263
261
249
247
243
230
218
212
170
161
157
189
336
228
196
202
260
226
206
217
280
268
298
264
272
241
252
286
327
229
268
266
281
278
303
263
277
229
246
296
246
289
285
308
284
228
194
206
254
254
275
274
334
225
262
299
195
216
236
254
239
274
222
221
249
250
248
254
173
175
176
185
187
175
196
260
232
266
220
254
258
293
267
224
267
205
243
206
211
244
248
255
187
217
207
199
267
182
220
189
197
157
204
183
208
255
239
259
257
264
290
276
95
82
232
150
116
199
87
38
216
131
107
181
177
91
88
93
95
52
60
69
38
114
102
174
163
106
125
44
111
115
96
127
199
148
26
100
116
111
30
128
92
103
107
118
110
123
143
117
154
229
92
213
120
258
128
128
165
104
225
199
205
200
117
25
135
150
143
155
90
177
188
156
161
106
98
95
96
248
259
263
228
251
266
108
94
48
97
83
92
123
220
76
127
117
142
120
78
140
115
132
97
52
54
77
94
142
175
82
158
75
97
174
204
118
157
117
44
64
155
175
187
192
125
78
99
126
123
68
44
163
123
97
94
173
116
104
176
137
113
155
155
143
102
114
79
131
131
133
127
99
75
144
174
101
154
77
123
108
127
90
138
107
80
163
81
150
78
154
131
187
53
124
119
142
182
232
56
145
139
197
180
81
122
145
198
76
179
144
199
87
78
83
150
177
202
155
89
152
84
128
161
126
79
120
60
145
168
135
67
33
89
91
108
49
97
126
94
76
76
44
140
138
146
154
151
168
227
170
139
143
314
296
171
229
183
240
269
168
215
182
248
197
257
200
227
207
148
161
247
267
234
207
200
141
134
107
130
145
248
187
165
152
163
177
130
188
168
170
216
84
88
82
96
179
222
243
182
193
210
201
191
216
95
155
180
162
178
189
103
167
137
175
204
86
138
171
141
82
139
159
146
109
78
105
135
184
169
166
182
154
117
137
98
108
188
133
116
122
89
93
180
118
125
84
78
105
123
80
85
160
106
132
112
139
125
219
235
236
158
138
110
134
208
312
174
176
147
164
200
161
117
136
109
170
195
129
195
149
121
137
151
281
134
228
279
208
262
232
184
249
277
276
231
257
214
228
240
237
267
225
224
206
240
199
222
285
211
253
259
259
217
233
226
220
183
204
214
168
223
220
191
209
174
178
219
182
193
189
164
210
218
202
184
209
225
220
231
196
174
214
229
209
160
192
194
198
255
211
182
213
191
235
244
193
207
209
245
214
203
180
208
236
168
208
206
227
245
142
139
171
119
135
107
161
136
132
107
136
104
114
154
171
211
179
169
121
194
163
177
163
154
183
247
170
161
131
87
133
86
135
102
98
146
145
174
194
183
176
92
157
130
126
107
94
181
126
143
136
178
160
160
193
173
203
246
76
140
147
156
178
213
78
163
180
133
188
80
129
141
139
205
72
76
76
49
205
181
108
193
126
104
120
124
159
158
145
101
164
106
126
182
141
178
171
134
133
112
95
130
165
134
104
155
245
183
253
160
261
192
133
109
80
135
28
107
81
97
102
125
79
134
90
36
104
1
81
31
93
148
99
137
82
120
112
97
182
80
93
71
101
116
113
109
93
166
88
172
160
144
152
83
115
119
112
112
95
103
122
110
218
214
174
210
188
218
102
80
92
187
180
198
200
106
101
88
120
101
97
96
49
79
77
76
82
97
93
86
170
146
182
160
167
167
135
82
86
91
107
39
77
98
97
104
126
86
91
137
101
92
173
115
125
118
120
205
105
99
146
101
121
121
260
253
77
221
204
203
188
281
87
224
256
225
230
85
199
208
223
187
45
74
43
16
282
298
312
290
300
311
206
267
126
139
136
150
138
231
112
129
100
128
119
117
148
117
164
143
152
119
142
144
262
261
270
248
251
322
86
118
126
103
95
88
99
79
115
135
127
123
109
135
89
78
76
78
153
136
147
168
264
250
240
285
253
282
147
161
133
108
95
64
92
162
161
114
114
76
107
141
89
86
64
89
113
98
90
111
285
233
250
265
304
260
113
176
131
105
139
126
135
170
156
155
165
153
155
147
137
139
144
131
91
124
118
126
146
129
128
246
206
215
161
228
188
251
226
193
189
239
108
175
146
130
140
135
202
174
177
183
153
187
166
153
283
190
202
193
184
283
203
198
138
197
155
165
141
175
99
164
167
175
150
140
170
148
148
135
105
82
91
91
215
265
230
238
222
270
191
181
198
173
214
205
186
280
171
131
170
171
159
183
130
155
154
131
156
162
145
136
200
155
186
245
197
215
217
169
145
175
150
156
163
195
186
271
182
196
185
336
188
267
324
199
198
229
296
177
189
220
178
284
170
221
177
300
229
211
154
138
98
182
179
115
113
84
63
196
177
135
111
82
205
182
167
124
205
206
128
203
166
179
184
128
144
95
118
89
94
85
194
118
138
111
118
117
119
114
98
106
135
180
126
150
154
178
212
170
196
198
263
125
180
67
89
48
43
118
193
74
84
48
41
187
159
159
131
124
103
140
105
96
153
195
165
157
179
234
221
171
181
194
165
234
112
216
342
154
147
156
105
230
127
125
147
87
134
131
134
92
263
266
142
225
137
163
92
115
129
152
110
124
131
210
151
106
85
112
115
228
162
129
142
152
206
152
189
201
163
164
174
167
153
284
227
69
107
80
72
71
78
74
117
90
84
84
83
124
90
79
85
139
146
138
136
157
256
238
156
302
138
137
188
153
126
189
161
188
159
216
188
170
198
160
147
228
147
159
132
116
110
122
99
95
210
244
209
180
196
212
221
249
207
215
254
249
231
244
175
188
216
184
222
224
200
226
213
251
226
255
235
232
357
317
223
326
258
274
187
172
243
187
225
117
137
233
209
153
199
186
196
184
164
183
194
202
177
235
146
169
235
163
175
177
194
261
322
241
271
157
162
168
183
238
284
134
136
138
154
259
134
129
143
150
118
126
129
143
288
246
248
300
284
328
198
242
203
223
261
269
253
272
266
155
232
236
247
204
189
235
222
228
183
243
246
221
241
246
197
342
330
342
108
189
115
158
190
225
175
178
121
127
159
110
218
145
187
233
193
241
101
134
111
140
190
172
192
193
235
186
310
295
229
223
242
229
213
276
238
235
245
258
234
210
222
249
254
210
183
189
190
261
273
290
214
261
208
211
368
245
229
211
253
227
213
264
257
235
260
246
242
282
214
238
258
265
221
232
232
240
285
239
235
260
261
354
217
176
100
169
198
183
211
213
108
135
195
171
189
143
129
205
157
183
98
113
98
114
158
206
218
259
274
269
3
0
1
4
4
0
2
6
3
2
2
2
1
3
0
1
2
1
1
2
1
1
3
3
4
2
1
0
3
2
0
5
1
1
0
1
2
2
1
1
2
0
2
1
2
1
1
4
6
2
2
1
4
3
1
3
1
1
1
7
3
5
1
3
1
3
1
1
1
0
4
8
0
0
0
3
1
2
6
1
1
2
1
2
4
7
3
3
3
1
1
2
3
4
6
1
0
1
4
1
2
0
2
3
1
1
3
3
2
1
1
3
2
6
1
1
1
3
2
1
1
1
2
2
1
2
2
4
2
1
0
5
2
2
9
3
0
1
1
2
2
1
6
3
3
1
2
5
2
1
6
3
5
4
0
1
1
0
0
0
1
1
1
3
0
1
0
0
1
1
0
1
2
2
1
3
1
2
4
1
2
1
1
1
6
1
1
2
1
1
0
2
4
2
1
1
5
10
6
7
6
4
1
7
2
1
1
2
1
1
2
2
3
1
0
0
1
2
0
1
4
1
0
1
1
1
0
5
1
1
2
3
2
4
1
8
2
4
3
2
6
3
1
5
2
0
3
5
3
3
1
3
3
1
1
2
2
5
1
0
1
3
1
1
4
1
1
3
1
0
1
2
1
2
1
1
0
4
2
1
4
1
0
6
1
0
1
2
6
2
0
3
3
3
1
1
2
2
2
8
1
3
0
1
4
1
2
1
1
1
0
2
6
2
4
1
3
1
0
2
5
7
11
11
2
8
1
1
2
1
5
1
2
7
2
2
5
5
7
4
1
1
3
0
2
6
14
11
2
2
1
1
2
1
3
1
1
1
3
1
5
2
3
3
2
1
0
5
2
5
3
1
1
4
1
24
1
1
3
1
4
2
1
0
1
3
4
2
4
3
2
1
4
5
4
2
3
6
1
2
1
5
1
2
5
1
1
2
3
1
4
1
1
2
1
1
2
3
1
2
1
2
1
0
2
34
2
1
1
2
1
1
9
2
2
3
1
2
1
0
4
6
1
3
1
1
1
1
1
3
1
4
1
1
0
1
2
4
3
3
6
2
2
0
3
4
1
2
2
4
12
1
16
1
1
2
8
21
1
2
2
1
1
1
5
2
3
0
6
1
0
3
10
2
10
3
3
3
2
7
12
1
1
1
1
2
0
6
2
8
2
1
2
1
1
2
18
3
1
2
2
2
1
3
1
8
2
1
1
2
0
6
1
4
1
2
6
4
1
2
1
4
2
2
6
0
0
1
3
2
2
1
5
4
5
1
5
2
1
17
3
1
0
1
3
4
2
2
1
3
1
1
10
6
3
1
3
1
0
3
1
3
3
1
2
3
0
14
23
2
4
2
2
3
2
3
1
3
0
1
1
3
3
1
1
2
0
0
1
0
1
1
1
1
3
2
4
3
2
3
1
3
1
1
1
3
2
2
3
1
1
1
1
3
4
0
2
3
2
3
4
3
2
1
3
1
1
0
0
5
2
1
0
1
2
0
1
0
1
1
1
8
1
1
13
4
1
1
2
0
2
2
5
2
2
1
1
4
0
1
5
3
5
2
2
2
1
0
8
2
1
0
2
0
1
0
1
1
3
4
1
1
0
1
8
3
3
2
2
2
1
0
3
3
0
2
2
6
1
1
4
5
6
3
5
3
0
3
3
2
2
1
2
3
2
0
9
18
4
1
11
0
4
1
1
1
2
1
1
1
2
1
2
4
1
1
1
1
2
0
1
1
1
1
7
1
3
1
0
1
1
4
6
3
1
5
0
1
3
1
1
1
2
1
1
0
1
6
6
1
2
1
1
0
1
0
1
1
2
1
1
0
1
1
5
1
1
1
1
2
7
2
1
1
1
1
2
1
2
2
1
2
3
1
2
1
1
1
1
1
1
0
1
2
0
2
1
1
1
0
1
2
1
2
2
1
8
0
1
0
2
2
2
0
3
1
4
3
2
1
3
1
3
0
2
0
2
3
2
2
1
1
1
1
1
1
3
1
2
1
1
1
2
2
1
4
5
2
2
5
1
1
1
0
1
3
3
3
2
2
2
1
1
1
1
3
0
1
5
3
1
2
0
3
1
1
2
4
1
2
0
2
0
0
2
3
1
1
1
2
1
3
54
10
2
4
6
0
1
0
7
4
6
3
0
2
3
1
5
0
2
2
2
2
5
5
4
2
2
2
1
2
3
5
0
2
1
1
1
1
1
4
5
2
1
2
1
1
1
3
1
1
3
1
3
1
0
1
2
1
1
2
1
2
0
1
1
8
5
4
0
2
1
1
2
2
2
1
6
3
8
7
7
1
1
2
1
1
3
2
1
2
4
3
3
3
1
10
3
1
2
1
3
1
1
1
5
3
2
5
1
5
3
4
5
2
2
6
1
3
2
4
5
3
1
3
1
1
9
6
11
3
1
1
1
0
1
1
12
3
1
3
4
0
11
1
5
1
0
1
1
1
3
2
5
3
2
3
1
2
4
3
5
2
3
2
0
6
9
1
2
2
2
3
0
3
2
5
2
4
1
3
2
5
4
2
1
1
0
2
2
1
3
2
3
1
2
4
1
5
2
1
6
1
2
2
1
0
3
1
1
2
2
2
1
1
1
1
2
2
4
3
3
3
5
2
4
1
5
7
1
1
3
2
6
1
1
3
2
2
3
1
2
2
2
1
1
2
3
5
3
3
2
1
2
1
1
5
6
3
9
0
1
5
0
4
3
4
16
2
0
2
2
3
6
4
2
1
3
1
1
2
6
3
10
3
1
3
1
6
2
1
1
2
1
4
1
5
1
2
4
1
3
1
2
9
2
3
2
2
1
3
5
1
2
4
2
1
2
1
2
3
2
1
2
1
2
2
6
17
4
4
4
1
4
1
3
3
2
1
2
0
1
2
1
1
3
1
1
1
2
2
5
1
1
1
1
0
2
3
2
5
8
4
7
0
2
2
3
3
2
5
5
0
1
1
3
5
3
5
1
1
2
3
32
4
1
1
4
2
4
3
1
2
1
2
1
1
0
2
1
6
0
5
4
0
3
3
2
1
1
1
0
1
2
7
1
2
1
1
0
1
1
2
1
3
1
1
1
2
1
3
10
1
2
3
2
0
1
0
7
2
1
2
1
3
1
2
2
1
1
0
9
6
3
5
3
1
1
2
1
12
0
10
3
1
1
3
1
3
2
0
2
1
1
0
0
4
1
2
7
1
2
1
2
1
18
7
1
3
3
1
2
4
9
5
6
2
1
2
2
3
0
2
1
2
0
2
0
3
6
2
12
0
1
3
0
4
0
3
2
2
1
1
0
22
2
5
6
1
3
6
18
3
1
3
2
3
1
1
1
2
1
1
0
1
1
1
1
1
0
2
3
2
0
1
5
2
1
1
2
3
1
1
2
1
2
1
5
5
0
2
6
1
2
2
1
2
3
4
1
7
2
12
1
3
0
1
22
1
1
1
1
4
3
10
4
0
0
1
0
1
2
1
4
0
4
1
3
1
0
2
1
1
2
3
1
2
4
7
2
2
2
2
1
3
3
5
1
3
2
2
1
0
3
5
2
0
2
3
3
3
0
2
0
0
1
0
1
3
0
2
6
0
3
1
1
1
0
1
3
1
2
1
2
1
3
16
7
5
15
6
4
2
2
7
3
0
1
1
4
1
3
1
0
3
0
1
2
1
1
1
6
0
1
2
9
1
2
2
3
1
3
1
2
1
1
1
2
1
15
4
3
1
1
3
3
1
1
1
1
1
0
2
3
2
1
6
0
1
0
1
2
6
5
1
1
1
2
3
1
1
4
3
2
0
1
4
1
2
1
1
1
1
0
3
1
3
2
2
1
2
4
5
1
2
7
1
2
1
1
1
0
10
2
1
3
1
1
2
2
1
2
1
0
1
2
4
0
3
2
1
1
0
1
2
0
8
1
2
3
1
1
3
1
2
0
1
1
3
2
2
1
3
2
1
1
1
1
6
8
1
1
3
0
0
1
8
5
3
1
0
3
0
4
3
9
5
0
1
1
2
2
5
3
2
1
3
1
1
1
6
5
2
1
3
2
0
1
4
1
1
0
4
2
2
3
2
5
3
2
1
1
5
1
1
2
1
0
0
0
1
1
4
4
6
1
1
2
1
1
5
4
1
1
1
2
1
3
1
5
2
1
1
0
2
7
5
2
2
1
5
2
1
1
2
11
2
0
1
2
0
1
2
3
3
1
2
2
1
1
2
1
2
2
1
0
2
4
2
1
1
3
1
1
0
1
3
2
3
2
2
2
0
1
1
2
4
1
3
2
1
1
1
2
4
10
4
1
2
1
1
0
2
12
2
2
0
1
1
1
3
1
3
3
1
1
1
2
3
2
2
1
0
1
1
1
3
3
1
2
0
1
2
1
4
2
2
3
1
1
4
2
3
15
0
1
1
1
1
3
3
2
3
4
1
1
4
2
12
1
3
2
1
1
1
4
1
4
3
3
3
1
10
4
2
2
3
1
1
4
1
1
2
3
0
3
1
0
2
8
3
0
1
1
2
1
1
2
6
3
1
3
2
1
1
1
5
2
38
0
3
2
11
6
2
19
9
1
2
13
1
2
2
3
2
2
1
2
3
0
1
2
2
1
1
2
4
1
1
9
3
1
1
1
1
1
1
1
2
1
7
0
1
2
3
3
25
1
1
2
3
1
1
3
1
1
10
15
1
1
2
10
0
5
4
0
1
4
0
9
1
3
1
3
1
1
1
4
2
2
1
1
1
2
2
7
1
1
2
4
0
1
2
7
2
2
13
2
2
5
3
4
1
1
2
1
0
2
4
3
1
4
4
2
1
1
2
0
2
2
2
1
0
1
1
6
1
2
1
1
1
1
1
3
3
7
5
5
2
30
6
5
1
2
2
2
1
1
1
1
1
2
2
1
0
1
0
1
1
1
2
5
0
1
2
3
1
2
0
2
0
2
1
0
1
2
1
3
1
1
3
6
2
1
1
1
1
2
2
1
3
3
2
1
1
1
18
1
2
3
1
1
2
1
2
1
0
1
2
1
3
1
1
2
1
1
0
1
1
4
1
0
1
2
2
1
6
1
1
1
3
9
1
5
4
8
3
1
1
2
1
1
2
2
4
1
1
4
2
1
1
2
1
1
2
2
2
0
1
0
3
1
0
0
1
2
1
0
1
2
4
1
2
2
1
1
2
2
2
3
1
0
2
0
7
2
2
2
2
1
1
2
2
2
4
17
0
4
1
2
2
1
3
5
0
1
1
1
2
3
5
1
1
1
2
0
3
1
3
3
1
0
2
4
4
1
2
0
3
1
1
2
2
1
1
1
1
10
1
2
3
1
1
1
2
0
2
6
5
2
9
2
0
1
1
2
3
1
2
1
0
0
2
4
2
3
0
1
1
1
1
1
3
2
1
1
0
4
1
3
2
1
1
0
0
1
1
2
2
2
3
1
1
1
2
3
2
5
3
1
3
0
3
11
12
1
4
36
37
2
3
2
2
1
0
2
1
2
2
5
6
1
2
2
1
1
2
1
5
1
1
4
2
4
2
2
1
3
2
1
4
6
7
5
2
1
2
1
1
0
0
5
4
1
3
4
1
1
0
22
6
1
2
3
3
4
8
2
2
1
4
4
1
0
3
10
2
2
0
1
1
1
1
3
1
2
1
2
2
3
5
5
3
1
1
4
1
2
11
3
2
2
1
6
1
8
2
21
0
3
3
2
2
5
1
3
2
1
2
3
1
4
6
12
1
2
1
1
1
1
2
5
1
1
1
1
21
2
3
24
26
4
2
4
2
2
2
1
1
1
2
1
2
2
2
3
5
0
5
3
3
1
2
3
2
1
2
2
2
2
1
1
2
1
5
1
2
1
5
6
2
2
1
3
5
2
7
2
5
1
3
10
2
1
1
2
5
3
6
4
1
3
5
3
3
1
1
6
2
0
1
5
2
3
3
5
0
2
3
2
2
2
10
5
2
3
3
3
4
2
17
4
2
2
3
10
1
10
3
2
1
2
6
4
2
4
3
4
1
2
2
4
2
2
4
9
3
2
1
2
3
1
1
5
1
3
1
2
2
4
12
15
1
3
1
3
1
1
2
5
10
6
3
10
1
1
2
2
2
4
1
2
0
2
2
1
4
3
1
3
1
2
2
1
4
3
3
2
1
1
3
2
3
2
2
8
2
7
2
4
6
7
13
1
1
1
5
2
14
6
4
0
3
1
2
4
2
3
2
1
1
1
2
2
3
5
2
1
1
1
2
1
3
8
3
4
4
3
3
2
3
5
1
1
2
4
4
0
10
6
2
0
3
0
3
2
2
4
3
2
1
1
4
1
7
3
2
2
1
1
2
2
6
3
1
3
1
1
5
14
7
1
0
0
3
1
4
3
1
1
1
1
2
1
1
14
2
1
1
0
1
0
1
3
0
0
1
1
3
1
0
0
1
1
1
0
1
1
2
2
1
1
2
0
1
1
1
2
3
1
2
1
1
5
1
4
7
0
0
3
2
2
2
1
1
1
1
1
1
3
1
1
5
1
1
1
1
4
1
1
4
1
0
1
1
1
1
2
2
1
2
1
2
3
10
2
3
3
4
1
1
1
1
8
4
1
1
0
1
1
1
1
1
1
3
1
2
2
2
3
2
1
2
0
0
1
1
3
1
19
19
0
2
2
1
3
2
2
1
0
2
1
1
0
3
6
2
1
2
1
1
1
2
2
1
4
1
1
1
1
1
1
2
1
4
1
0
5
2
3
1
0
2
5
1
2
2
4
1
2
0
3
1
1
3
2
2
3
2
2
2
0
2
1
1
0
1
2
0
3
3
2
1
1
1
1
0
2
3
1
1
1
1
1
3
1
3
2
3
3
1
0
1
5
9
11
2
3
1
2
0
3
4
3
1
0
1
2
1
2
0
2
1
1
1
1
0
2
3
1
1
2
2
2
0
0
1
1
7
2
3
2
1
0
1
4
3
2
1
1
4
0
1
8
2
1
5
2
2
0
1
16
1
1
2
2
1
1
5
6
2
3
9
1
1
1
11
6
5
2
1
1
1
1
2
6
1
1
7
6
1
1
1
25
1
3
10
3
1
1
4
7
1
1
1
1
1
1
1
6
1
1
1
4
1
1
2
8
1
2
2
3
0
1
3
5
1
1
10
1
4
3
6
12
0
3
4
2
1
1
2
5
1
2
4
3
1
2
2
2
1
0
2
3
1
1
2
3
0
1
2
1
1
4
2
4
4
1
1
1
1
2
2
4
2
1
2
1
1
3
5
4
0
1
1
1
1
2
1
4
2
1
2
1
1
1
0
3
2
1
3
1
3
1
5
7
5
1
2
2
1
2
9
1
2
1
2
1
1
2
17
2
2
1
4
0
3
1
7
1
2
0
1
2
2
3
1
1
3
2
2
3
2
1
2
1
3
3
2
1
5
3
2
2
13
4
6
0
3
5
6
1
4
1
2
1
2
1
3
1
1
1
2
1
2
1
2
0
3
2
6
0
3
1
1
2
2
2
1
0
2
1
1
2
6
3
0
3
1
1
21
4
3
3
2
0
2
1
4
2
2
13
1
0
1
1
5
2
7
5
5
0
0
1
0
1
3
4
1
1
5
1
4
2
3
5
1
2
6
11
6
2
6
2
1
1
4
13
3
0
7
0
2
1
3
3
7
2
3
2
1
1
1
2
4
2
2
1
1
1
0
5
2
2
7
1
1
1
2
2
2
3
1
1
0
0
1
3
5
2
5
1
2
0
3
2
5
6
6
1
1
1
1
2
4
2
2
1
0
0
3
6
11
4
2
3
2
1
2
10
8
0
1
1
2
2
4
7
6
2
1
2
6
2
2
6
3
1
1
5
1
5
3
8
4
3
12
0
3
2
7
2
2
1
3
1
1
2
1
4
1
0
1
1
4
3
8
5
1
1
2
1
2
2
2
3
1
3
1
1
2
1
2
3
1
3
3
2
3
1
4
6
3
1
0
0
7
1
3
3
1
2
2
1
2
0
2
2
1
1
2
2
2
2
2
2
3
1
3
3
1
1
4
6
1
3
2
1
2
1
0
2
3
2
0
0
3
3
5
7
4
2
3
2
37
2
3
2
1
3
2
10
2
2
1
2
1
5
4
5
29
1
1
2
1
3
3
10
7
2
0
0
1
2
3
1
1
2
2
7
1
4
1
2
4
3
3
2
5
3
2
3
3
1
1
1
3
1
5
2
1
2
0
2
2
3
1
3
4
3
2
2
1
1
5
4
3
1
2
1
2
4
1
2
1
2
1
2
2
2
3
8
1
1
1
1
1
10
3
1
2
4
3
2
2
2
12
1
1
1
2
1
1
2
1
3
3
1
2
1
3
22
7
3
1
2
1
1
1
10
1
1
4
19
4
7
0
0
1
3
1
11
20
16
1
2
2
0
1
1
4
6
1
1
2
1
1
2
3
3
1
1
2
1
6
1
3
7
0
1
6
2
2
6
4
2
0
1
1
2
1
10
12
2
2
3
0
1
1
3
1
2
0
1
1
1
2
3
5
3
1
0
0
1
2
3
2
2
2
2
2
3
1
4
7
3
6
1
1
2
2
8
0
1
5
2
3
2
3
18
6
3
1
3
2
1
4
3
3
3
0
1
2
3
7
7
1
6
0
3
4
4
2
1
1
1
0
1
5
5
3
2
1
5
1
2
4
8
2
1
1
2
1
3
5
4
0
2
0
0
1
2
18
11
4
9
4
3
1
1
6
4
2
1
1
2
1
9
11
3
1
1
10
1
2
8
4
3
1
1
3
1
3
11
12
2
4
5
4
1
0
7
7
4
1
1
0
0
0
7
6
3
4
1
8
1
1
11
3
2
2
1
3
2
0
11
2
5
1
2
1
1
1
2
12
3
1
3
2
0
1
3
6
1
1
3
1
1
2
7
2
6
4
8
1
9
2
1
1
2
7
4
2
5
6
3
4
2
10
10
3
2
0
1
1
2
2
7
2
1
5
1
2
1
22
5
1
3
0
1
2
1
12
12
1
4
5
2
1
5
4
3
1
2
1
1
2
2
3
5
1
1
1
1
3
8
3
6
4
2
3
2
2
3
3
4
3
3
2
1
2
3
6
12
3
6
1
4
18
3
2
6
1
1
3
5
1
11
4
6
1
4
2
0
2
4
3
2
2
2
2
2
1
4
5
9
5
3
1
2
4
1
4
6
4
2
6
1
3
4
5
20
4
1
1
2
4
1
2
3
6
1
5
3
3
2
4
5
5
1
2
1
2
3
1
3
7
3
3
0
0
6
5
6
1
1
1
3
2
4
4
1
2
2
1
0
16
4
12
3
1
1
2
1
4
1
11
5
1
2
0
1
1
6
3
8
5
2
3
2
6
3
4
4
2
1
3
1
6
2
2
6
1
0
2
1
3
2
1
2
1
2
3
2
5
6
11
4
1
0
1
1
7
8
3
2
4
2
1
3
5
7
11
2
2
1
1
0
4
4
2
3
1
2
1
3
1
3
7
5
1
0
2
1
2
5
1
7
1
1
5
1
1
6
2
6
3
1
1
1
3
5
2
1
2
3
2
2
3
8
1
1
1
2
1
0
8
6
7
2
2
0
1
2
2
3
5
1
1
4
0
2
3
8
6
1
1
2
3
1
3
6
4
0
1
2
4
1
2
14
9
1
1
1
1
4
2
1
4
0
2
2
1
1
6
4
1
1
2
1
1
0
3
2
8
1
1
1
1
2
2
3
2
14
8
8
1
1
1
1
3
12
2
7
3
1
2
2
3
7
4
2
1
2
1
1
2
3
2
1
1
3
1
2
13
1
1
1
1
1
2
14
6
1
5
2
1
1
1
6
1
3
2
1
1
1
2
8
8
3
4
1
3
2
3
8
7
3
2
1
4
2
0
4
3
7
1
1
2
2
6
6
2
2
14
1
1
0
1
2
3
2
1
2
1
2
4
2
6
3
1
0
1
1
0
9
2
4
3
1
2
1
1
5
11
4
0
1
6
2
4
15
11
1
5
0
2
3
24
3
6
2
1
1
2
5
5
3
1
9
1
0
3
1
9
3
3
1
2
7
2
2
5
2
12
1
0
1
6
4
5
4
1
2
2
2
1
6
4
5
2
3
1
0
1
3
5
3
2
3
2
0
6
5
4
5
3
3
1
0
5
2
2
4
0
3
0
4
3
3
8
3
1
2
1
1
1
9
3
3
0
2
2
1
2
2
2
3
1
3
3
2
7
7
1
1
0
4
0
1
4
7
5
2
1
4
1
0
41
0
5
1
4
0
6
5
11
1
2
2
1
2
1
2
2
2
1
1
3
0
2
1
3
1
6
5
0
3
0
1
10
2
1
0
2
2
14
2
1
0
0
1
2
1
2
6
0
1
3
0
2
0
2
8
1
1
5
0
3
3
5
5
1
1
4
3
1
3
2
1
3
2
5
1
1
1
5
6
1
1
2
1
0
3
0
1
0
3
3
1
6
1
3
2
0
0
1
1
1
6
3
3
0
2
1
0
1
5
6
2
1
1
1
1
0
2
3
5
1
16
14
5
1
25
2
1
4
1
3
7
2
4
2
1
1
2
18
1
2
3
4
1
2
1
3
12
1
4
2
3
4
5
6
1
4
3
2
5
3
4
6
4
2
5
2
3
0
4
1
0
4
2
2
3
5
2
6
4
1
8
4
2
6
2
11
1
1
1
2
1
2
7
2
2
1
2
2
2
3
4
3
1
4
3
4
2
5
1
3
2
1
1
1
1
4
2
5
2
1
2
3
1
4
3
3
7
1
2
4
6
4
8
1
1
0
1
2
3
3
3
3
0
2
3
4
8
1
7
2
1
0
0
12
6
3
5
0
10
0
0
12
2
8
2
1
3
0
4
3
9
1
2
2
3
1
5
8
6
4
6
1
1
2
3
2
3
1
5
0
1
0
5
5
13
2
4
1
1
1
7
12
3
1
3
1
0
1
3
3
2
1
1
2
0
0
2
9
6
2
3
2
1
1
14
10
5
8
0
1
0
1
5
4
2
1
9
1
2
2
2
4
5
1
6
13
3
2
1
1
1
5
4
5
3
1
1
1
1
3
3
5
2
0
0
1
2
2
8
2
2
2
2
1
12
6
3
1
3
0
1
3
2
3
3
2
1
1
1
1
4
1
4
1
1
2
1
3
2
7
12
2
3
1
2
1
4
3
1
3
1
1
2
2
3
3
4
0
3
2
0
4
4
6
1
3
6
2
2
2
2
2
4
1
2
0
2
4
8
3
5
1
1
2
3
2
5
12
8
2
2
2
1
1
1
1
1
8
1
2
1
3
0
3
3
6
5
0
2
2
1
2
3
6
1
2
1
3
1
1
3
9
4
6
0
1
1
4
11
3
1
1
1
2
1
7
14
2
2
2
0
2
2
4
3
2
0
1
0
8
1
1
7
5
1
1
0
2
0
5
4
3
2
1
1
0
1
2
4
3
1
6
1
3
0
1
10
1
2
1
2
1
1
0
7
5
7
1
1
8
8
7
9
4
1
0
3
2
2
0
2
2
1
1
1
4
5
4
2
5
2
3
9
2
8
4
2
7
1
3
6
0
2
1
4
3
1
1
0
2
1
1
4
5
4
4
2
1
6
7
2
1
1
9
2
8
4
2
3
3
0
5
0
2
7
4
2
2
1
1
1
2
3
1
3
1
2
2
2
1
2
6
3
4
1
2
2
2
1
4
3
1
2
2
2
7
3
4
1
2
1
2
1
5
1
4
2
2
1
2
1
4
3
1
5
1
1
2
0
3
5
4
3
1
0
2
5
4
4
3
2
1
1
2
1
1
2
4
1
2
3
3
1
1
2
1
1
1
10
1
0
3
1
1
0
2
2
0
1
1
5
3
1
1
0
0
1
1
14
1
0
1
5
1
1
1
12
4
2
2
3
1
2
1
7
3
2
2
2
0
1
0
5
1
2
1
1
1
1
5
3
3
1
2
1
1
1
1
5
3
1
1
3
1
3
2
2
1
1
3
2
3
1
1
4
1
2
1
3
4
1
1
4
1
1
3
5
2
1
0
8
16
2
5
1
1
4
5
8
2
2
0
1
2
2
3
2
4
1
4
4
2
2
0
6
2
0
1
2
2
6
8
9
1
2
3
0
3
4
1
6
1
1
3
1
3
2
3
6
3
1
2
1
3
7
8
5
0
1
1
0
3
9
1
5
1
1
1
3
8
2
1
6
0
7
1
1
1
10
14
4
0
1
5
1
11
9
6
2
3
3
5
0
3
3
2
4
0
1
0
3
5
4
5
1
1
3
2
1
6
1
3
2
2
4
4
3
3
1
1
1
1
1
1
2
2
1
5
6
3
4
1
6
6
1
0
5
7
1
3
4
1
1
1
2
2
2
5
2
1
2
2
2
3
2
6
8
0
1
1
1
7
10
4
8
2
2
1
7
5
2
1
3
3
2
2
1
1
4
1
2
1
1
1
2
4
8
1
2
2
1
6
1
6
2
14
3
0
1
1
1
2
1
3
3
0
1
1
0
1
6
15
10
3
1
1
1
2
2
1
4
2
8
1
3
4
3
1
1
1
6
5
8
1
17
3
1
11
2
1
5
3
1
4
12
5
13
3
2
2
1
1
1
2
1
3
2
2
1
1
5
9
5
7
1
2
3
1
4
5
3
5
0
1
2
1
1
12
4
1
4
2
1
2
1
3
5
6
3
4
1
0
1
19
4
4
1
1
4
2
2
9
9
2
4
1
2
3
3
3
3
2
1
0
0
1
1
17
11
4
6
1
1
2
3
2
1
4
1
3
7
1
1
1
1
4
0
1
2
1
3
1
3
3
7
0
1
3
1
1
2
5
0
0
17
5
3
1
1
1
1
1
20
3
1
1
1
1
2
3
16
2
1
2
1
4
3
0
12
6
2
1
2
1
2
1
3
6
3
3
1
0
1
0
6
8
2
1
3
2
2
0
3
4
2
1
5
1
1
0
7
2
7
3
2
2
0
1
20
3
1
1
1
2
0
1
6
2
2
4
3
3
4
1
1
1
1
1
2
6
0
1
1
3
5
1
4
13
1
0
2
4
2
4
3
10
5
3
4
4
1
2
2
1
1
1
0
2
3
1
2
2
1
0
1
4
2
2
6
5
5
7
2
2
2
5
2
2
0
5
2
7
3
2
4
4
4
3
2
12
6
3
2
3
5
0
1
1
9
1
7
3
2
2
1
1
12
2
6
1
1
3
1
1
13
1
1
3
6
1
1
1
1
1
4
15
1
3
2
1
4
4
2
4
1
5
1
1
4
5
7
12
1
1
0
0
3
1
1
3
1
2
2
8
2
7
8
3
13
9
2
4
2
5
5
3
9
1
4
3
3
1
3
3
2
2
2
15
16
1
21
1
1
1
2
5
2
23
6
2
3
4
1
7
6
9
4
1
5
1
7
2
32
5
3
1
5
3
3
4
3
4
2
1
1
2
8
2
2
0
2
2
2
1
1
2
4
1
3
1
0
3
3
0
4
1
2
2
1
1
0
1
2
3
2
4
2
0
1
1
11
3
1
1
1
1
4
4
8
5
1
2
1
1
2
5
2
10
1
3
2
1
1
2
3
4
2
1
1
0
7
1
2
17
1
1
0
1
3
2
6
5
1
1
1
2
4
1
2
2
1
1
2
0
1
4
1
4
1
2
1
1
1
6
4
2
1
4
2
2
2
3
2
3
1
2
4
0
5
4
1
4
4
3
2
4
1
1
5
5
1
1
1
1
1
5
4
10
3
2
1
1
0
1
2
1
2
0
1
2
1
2
7
3
1
1
3
1
1
3
9
6
0
1
2
2
3
4
3
2
2
1
4
2
3
1
7
4
2
1
2
3
5
2
2
3
0
3
1
0
2
3
8
1
1
2
5
1
1
5
1
15
4
2
2
2
1
2
5
2
1
2
1
0
2
1
9
2
2
2
3
3
3
2
35
6
6
2
1
2
0
5
1
2
1
2
5
1
11
1
14
0
1
0
1
5
2
10
1
0
1
0
1
3
2
1
3
0
3
2
2
1
4
4
14
1
4
0
4
10
5
6
1
2
1
0
1
4
1
2
2
2
1
1
1
8
2
5
2
1
3
2
1
2
1
1
2
1
1
1
3
8
1
1
3
2
3
1
3
7
1
1
3
4
4
0
2
6
7
3
1
2
3
2
0
15
5
2
4
1
2
1
3
2
4
2
3
1
3
1
2
3
1
1
0
12
3
8
2
2
2
2
1
2
2
1
2
2
1
1
2
2
4
1
3
2
2
1
0
4
2
3
2
2
2
0
1
4
2
2
1
2
3
5
1
2
4
3
7
2
1
2
2
4
3
2
1
2
5
2
1
3
2
3
1
1
2
4
1
3
2
1
1
1
3
1
0
1
4
7
1
3
4
2
3
1
1
5
3
2
1
2
8
1
1
1
1
9
3
1
3
0
1
1
5
2
4
3
1
0
1
4
7
2
2
7
0
2
2
1
2
5
0
2
2
1
1
1
4
1
4
5
0
2
1
3
2
1
0
1
2
1
2
2
2
1
1
6
1
1
1
2
1
2
3
2
0
6
4
1
3
1
11
20
1
1
2
1
3
3
2
4
4
1
1
2
2
4
4
3
3
7
1
2
4
6
3
1
2
1
0
2
12
1
2
4
3
0
3
4
3
2
1
2
0
1
3
4
3
0
1
3
2
1
6
5
3
2
1
3
1
0
3
1
3
4
13
0
1
1
11
3
5
1
4
2
1
1
1
6
2
2
4
1
0
1
4
1
1
2
2
1
0
2
3
8
6
1
3
2
1
1
3
6
4
2
5
2
2
0
4
2
3
2
4
2
2
1
2
2
5
1
5
2
3
1
1
2
3
2
2
1
2
12
2
2
9
3
2
0
1
1
0
3
6
3
1
1
3
2
2
5
6
3
3
3
1
1
3
4
2
11
2
1
1
2
1
6
6
5
2
1
2
1
1
2
1
2
1
1
2
1
1
1
2
5
2
0
1
0
0
2
9
6
3
1
3
1
4
7
4
5
7
2
1
1
3
4
3
2
0
4
2
0
2
2
4
3
5
9
1
1
1
1
2
0
2
1
4
1
0
0
5
1
5
3
1
2
0
2
5
4
0
0
1
2
0
2
1
3
5
3
2
3
1
3
1
0
5
2
0
1
2
1
3
1
5
2
1
1
1
2
3
3
2
1
3
1
1
4
4
1
1
0
6
3
1
0
5
1
6
0
3
1
1
2
4
14
10
2
0
2
1
4
3
1
2
1
3
0
2
2
2
1
2
1
1
1
0
1
2
5
1
1
2
1
2
2
4
4
2
3
4
2
1
4
6
2
2
1
6
1
2
15
6
3
1
1
2
2
1
1
2
7
2
1
1
2
4
2
2
3
1
2
4
3
1
8
5
4
1
1
2
4
4
2
8
4
1
1
2
1
2
1
4
1
3
3
2
4
2
4
12
2
2
1
4
1
3
7
9
2
1
2
4
1
2
3
3
8
10
7
1
2
11
1
2
4
0
4
1
0
0
1
1
3
1
1
2
3
2
1
4
9
4
23
6
4
2
2
0
8
3
1
10
5
2
5
2
2
1
3
2
2
1
0
1
17
7
5
2
0
1
1
8
10
4
2
0
3
26
2
1
1
4
3
1
2
4
1
2
2
3
4
1
2
2
1
5
5
2
1
1
0
0
0
2
0
3
8
1
5
1
2
11
2
1
7
2
2
1
3
2
1
1
0
1
2
2
1
11
3
3
0
9
8
30
9
3
0
2
1
6
6
6
12
3
3
3
2
10
3
12
6
2
3
1
1
1
12
6
4
3
1
7
2
1
10
26
32
1
0
8
2
7
1
15
1
5
1
4
3
4
16
1
0
1
1
1
1
1
1
7
2
1
2
1
1
0
2
1
2
4
1
3
4
7
3
2
3
11
3
2
1
2
3
2
3
2
1
1
4
6
3
2
1
2
7
16
13
4
4
3
0
2
1
3
6
20
2
3
1
5
1
2
2
4
1
1
1
7
5
15
3
1
3
2
1
2
3
13
16
1
4
5
8
1
1
8
7
2
1
3
4
3
6
3
9
1
1
1
4
2
1
3
4
1
1
1
0
1
2
2
5
1
1
1
2
2
8
2
2
1
2
1
5
2
0
1
1
2
2
2
2
0
0
2
1
3
12
12
18
0
1
3
2
1
1
4
4
0
1
3
3
1
2
2
3
1
1
1
2
1
2
1
3
1
0
3
1
8
11
2
1
4
1
0
1
1
10
8
4
0
16
3
6
8
1
2
2
0
1
2
1
1
3
1
2
1
2
3
6
2
2
1
1
0
0
2
2
4
8
4
3
1
2
0
3
2
1
0
3
3
4
3
3
1
2
2
7
3
0
4
5
2
3
1
2
2
1
2
23
1
4
1
7
2
1
5
18
2
2
1
1
0
1
3
6
2
2
1
1
4
2
8
9
2
2
3
2
1
1
1
8
4
1
0
1
1
1
3
4
5
12
7
1
1
1
1
4
1
1
1
1
2
2
2
3
3
1
4
2
2
0
5
1
1
3
3
1
2
3
13
10
1
2
2
1
32
4
7
1
3
5
4
1
2
2
8
5
6
5
25
2
2
6
4
11
2
5
3
2
4
2
2
4
5
6
14
2
4
3
3
7
19
3
5
2
2
4
1
1
3
2
5
1
0
0
2
0
4
2
3
4
10
2
4
1
2
3
1
3
3
1
2
2
3
5
5
8
1
2
1
0
5
5
2
2
1
2
2
2
4
3
2
2
18
4
3
2
1
6
4
2
3
2
3
2
5
2
3
3
5
2
20
5
9
3
13
2
6
2
2
2
8
4
6
3
1
4
3
4
4
10
5
1
2
4
3
1
8
4
6
9
2
1
2
1
6
3
3
2
3
6
2
3
10
3
19
1
2
1
2
2
3
4
2
3
3
2
1
3
4
4
2
1
1
1
5
2
4
6
2
6
1
3
1
2
7
6
1
0
1
9
1
5
1
3
1
1
1
1
6
4
8
4
2
2
3
2
2
2
7
8
1
4
2
2
6
9
6
10
1
1
2
1
3
4
5
8
1
3
2
1
1
4
3
4
1
2
1
3
1
3
2
1
1
3
1
2
2
3
1
3
5
2
0
0
1
2
2
6
4
2
1
8
2
2
2
2
2
2
2
1
0
6
2
5
8
5
2
2
3
1
2
5
5
1
3
1
0
4
1
3
2
7
1
2
1
4
3
3
2
8
1
4
1
1
1
9
3
2
0
2
1
3
1
4
11
8
1
1
1
2
4
2
3
1
2
0
0
2
3
13
7
3
1
1
1
6
1
1
1
2
0
1
1
0
0
6
1
3
1
1
5
1
1
1
5
11
1
4
1
1
1
1
2
6
1
2
2
0
1
8
2
7
2
2
1
1
1
1
1
4
5
1
2
5
0
2
2
1
4
1
3
1
1
1
3
3
1
0
1
1
1
2
14
7
7
1
4
1
2
5
5
1
1
1
2
1
1
1
7
6
2
4
1
1
0
5
1
7
5
1
1
1
1
8
7
10
4
0
3
1
1
1
2
9
7
0
2
1
3
8
3
2
4
1
1
3
1
2
19
4
1
2
1
2
0
20
8
2
2
3
1
1
1
1
11
4
1
0
9
2
2
5
2
5
1
2
0
3
1
2
5
0
2
1
2
1
1
2
4
4
13
1
1
1
1
2
4
2
2
5
11
4
4
0
1
2
1
2
14
6
1
2
1
1
1
0
4
2
1
0
0
1
1
1
7
8
1
1
1
2
1
4
2
2
2
3
1
1
2
3
1
1
1
1
1
2
0
2
4
2
1
1
1
1
1
1
4
2
1
1
2
2
1
4
3
9
2
0
1
1
1
5
2
7
4
0
0
2
12
4
0
2
1
3
6
4
6
3
0
1
1
1
5
5
8
4
0
1
1
2
4
2
0
5
0
1
7
1
4
3
5
4
1
2
1
1
2
1
1
7
1
1
0
1
5
2
1
3
1
3
0
1
1
1
2
2
0
1
1
1
2
12
1
2
1
1
1
1
1
11
1
2
1
1
2
2
2
3
1
2
16
1
3
0
4
1
1
11
2
2
0
1
0
2
4
5
2
2
0
1
1
2
3
4
3
3
1
1
0
2
2
11
6
2
3
1
9
1
1
13
9
1
2
1
1
5
1
4
1
2
4
1
1
2
1
0
4
1
1
1
1
0
1
0
5
1
1
4
1
2
2
2
2
8
1
1
1
2
3
4
3
3
1
2
1
1
2
2
2
2
2
2
1
1
1
3
2
1
5
3
0
1
2
1
3
1
2
2
0
1
2
1
2
2
1
2
3
1
7
8
3
1
1
5
1
3
1
5
4
1
2
2
1
1
5
0
5
1
1
2
1
1
3
3
2
2
1
3
2
0
5
6
3
2
1
0
0
2
1
1
1
1
1
3
0
1
1
3
3
1
2
1
1
2
1
1
2
3
1
4
4
1
1
1
6
4
4
3
0
1
1
1
4
3
2
2
4
3
0
7
3
0
3
2
1
0
0
1
7
3
4
1
2
2
4
1
2
3
6
3
0
3
3
3
2
1
2
2
1
6
1
1
2
4
5
2
1
2
1
1
7
3
1
2
2
0
9
1
3
4
1
1
3
1
8
2
2
2
4
1
2
3
5
6
3
4
1
2
5
1
4
4
2
4
2
2
1
1
3
2
1
2
2
1
1
0
4
2
5
3
1
1
6
2
4
3
7
2
1
7
2
2
5
2
2
3
1
3
0
1
4
12
12
2
4
4
5
1
5
1
2
1
8
1
1
1
5
1
1
1
5
1
2
1
3
2
2
0
2
4
3
27
6
0
2
1
0
5
3
9
2
2
2
2
2
2
2
1
4
1
2
0
1
0
3
2
5
1
2
3
3
6
4
10
4
2
1
1
1
2
3
0
2
0
2
0
3
4
8
6
3
1
1
1
2
1
1
1
23
23
5
23
10
1
0
2
3
1
2
6
9
2
1
1
5
6
3
7
4
1
1
1
0
1
3
4
3
3
1
4
0
6
20
8
1
0
5
3
2
1
10
4
1
1
1
5
2
10
1
4
1
1
1
5
0
4
4
2
3
1
1
1
1
4
4
1
2
5
1
2
1
2
1
1
4
2
2
0
3
7
4
3
2
1
1
1
7
4
2
13
2
5
5
2
9
12
2
4
1
1
1
2
3
2
2
2
1
3
1
1
5
7
1
2
1
0
3
2
8
6
2
2
2
3
0
1
6
2
2
5
2
3
1
1
3
1
1
2
1
1
1
0
6
2
0
1
5
1
2
5
2
3
5
2
5
2
2
4
4
2
3
5
3
3
3
2
2
1
4
4
4
1
1
1
1
1
0
4
3
2
4
1
1
2
7
2
1
4
2
1
0
2
4
3
20
1
1
2
1
3
6
12
7
4
4
2
0
1
2
3
13
2
2
3
1
1
2
11
5
1
3
0
1
1
2
2
4
12
0
5
2
0
2
3
3
30
7
4
1
0
2
3
1
24
4
2
1
0
0
2
2
3
5
0
5
3
1
8
3
1
2
2
3
1
1
1
3
3
9
0
1
0
0
6
11
5
2
1
0
2
1
2
5
12
7
4
1
2
1
2
21
4
4
2
3
1
1
4
1
5
8
2
1
1
2
2
1
1
18
4
3
1
1
1
1
2
7
4
1
4
4
1
1
6
7
0
1
11
3
3
8
12
7
1
3
4
1
1
3
2
2
2
1
3
1
0
1
1
2
0
1
2
2
1
3
0
8
1
5
0
1
2
3
1
5
18
4
9
1
1
3
2
44
7
2
3
3
1
3
3
7
13
1
8
1
1
2
1
5
15
5
13
2
3
3
2
8
3
3
1
2
1
2
1
16
23
4
10
5
4
6
2
29
4
2
2
2
3
3
1
15
2
0
1
2
2
1
2
4
6
2
17
5
1
1
3
17
10
4
1
1
10
10
1
6
9
2
1
2
2
3
0
1
3
3
2
3
1
1
16
9
7
1
9
0
1
7
23
24
4
2
13
8
10
6
3
3
6
0
1
4
14
7
5
3
1
1
2
2
1
6
2
2
3
1
1
3
1
3
0
1
14
1
3
1
2
7
2
1
0
3
4
4
39
21
1
1
3
7
0
3
3
1
4
1
1
3
5
9
1
4
2
2
2
4
4
16
47
8
3
43
5
1
0
8
2
26
0
3
4
3
13
3
1
1
1
1
4
0
1
9
7
2
2
2
1
2
2
1
1
4
1
2
5
1
1
3
1
5
1
1
8
5
1
5
1
1
1
2
1
5
1
3
3
2
2
13
3
1
3
1
2
1
20
9
6
3
3
6
2
1
1
6
2
2
1
2
6
1
6
10
4
2
2
1
1
0
1
4
2
1
2
2
1
1
0
6
8
6
1
3
1
2
5
3
2
8
2
1
2
7
8
6
3
1
2
2
5
9
5
5
1
0
1
1
4
5
7
4
1
1
2
1
1
3
1
1
1
1
1
3
1
4
8
0
7
1
1
2
3
8
5
3
4
1
5
1
4
9
5
1
1
2
3
1
1
6
1
2
4
6
18
2
1
1
1
2
2
17
5
3
1
1
1
6
11
17
8
2
1
2
2
2
6
3
3
1
1
1
1
2
2
5
3
1
1
0
1
5
7
6
9
1
2
0
2
2
9
6
1
1
3
1
2
2
2
1
1
2
4
2
1
2
3
9
9
5
3
1
2
4
3
6
11
4
3
1
0
3
2
5
34
2
9
1
2
2
2
2
4
2
4
1
4
2
3
3
9
1
1
11
2
4
3
1
4
2
3
1
0
2
5
6
2
7
5
1
2
2
2
1
10
3
2
5
4
3
4
4
14
2
0
3
1
3
1
5
4
12
2
2
1
1
1
6
8
4
2
1
1
1
1
3
2
10
1
11
3
1
2
5
4
26
2
4
2
2
3
2
4
1
2
2
3
1
3
3
2
4
2
2
3
1
2
3
0
3
2
2
0
4
2
3
13
3
18
2
1
2
4
3
3
10
10
3
0
3
2
1
1
7
7
3
3
4
4
1
1
3
4
2
2
2
1
2
1
4
34
1
4
5
1
1
3
10
8
4
1
1
1
4
1
4
1
3
1
3
1
1
0
5
2
2
2
1
1
4
2
3
3
1
4
3
4
5
9
1
1
2
2
1
0
2
3
1
2
1
6
1
1
2
2
2
3
0
3
7
1
2
3
1
1
1
1
3
0
6
5
3
1
0
4
4
1
4
7
1
1
3
2
0
0
18
4
12
9
2
2
2
0
26
1
1
1
1
5
5
6
2
0
3
1
1
7
6
2
3
1
5
3
2
7
16
20
10
1
7
3
4
1
7
4
4
1
2
1
1
5
1
2
1
2
0
4
1
3
7
1
3
1
1
0
0
4
4
6
6
1
7
6
1
2
5
3
1
3
10
2
6
1
2
5
1
7
4
3
12
1
10
2
1
17
4
10
3
28
5
2
2
2
5
7
3
2
2
6
2
4
1
6
2
1
0
1
1
1
4
2
3
1
2
0
1
3
2
2
6
1
1
2
3
2
2
4
3
1
3
2
3
2
4
1
1
1
1
2
5
0
2
1
0
5
2
1
14
4
1
1
1
4
1
2
5
4
3
1
1
2
5
1
6
2
3
4
2
1
1
1
3
1
1
1
1
4
2
0
7
1
2
2
3
4
3
8
5
1
13
21
8
9
3
2
1
0
4
3
3
3
3
1
2
1
12
7
3
4
2
5
1
2
1
7
5
11
1
4
2
2
4
2
10
1
1
2
1
2
3
3
0
1
3
2
2
4
1
5
6
10
9
2
4
2
1
3
3
5
12
2
2
0
3
3
1
2
4
5
7
2
1
2
1
6
3
2
3
0
3
4
2
3
3
1
5
1
1
9
6
14
2
0
1
1
2
4
1
2
0
2
1
4
2
3
5
14
6
3
3
1
1
4
6
3
10
3
2
2
1
2
4
1
15
2
7
3
2
6
3
8
12
2
5
2
5
1
7
4
4
5
0
2
1
2
2
1
3
1
2
1
2
1
3
1
2
3
2
1
5
2
10
3
5
7
16
4
1
1
1
0
9
4
4
3
1
5
0
2
4
4
2
3
2
3
1
1
6
6
2
6
1
3
3
2
10
7
13
2
2
4
3
1
14
4
4
2
1
4
1
4
5
6
3
3
1
9
0
1
2
3
1
7
1
0
4
4
2
2
2
0
3
1
30
1
2
1
1
2
2
1
3
6
4
3
0
1
1
1
3
7
5
2
3
1
1
1
5
12
2
3
2
1
1
1
7
5
2
7
1
0
2
3
3
0
3
0
1
6
4
1
3
1
1
1
1
2
1
0
2
1
1
1
0
0
3
2
1
0
3
2
1
3
2
4
4
1
0
1
0
6
3
0
4
0
8
1
2
5
2
2
1
1
0
3
2
1
1
2
1
3
8
2
4
2
2
0
1
2
4
4
2
1
1
0
1
0
1
1
2
1
1
6
1
2
2
4
4
1
0
1
1
1
2
2
1
3
1
1
5
2
6
4
3
2
2
1
3
25
7
1
1
1
1
2
3
5
1
2
0
1
2
3
7
3
3
3
2
1
3
4
12
3
3
0
2
3
3
2
3
10
6
4
4
2
1
3
3
3
1
0
3
1
4
2
8
1
4
1
5
2
1
5
0
1
10
7
4
4
1
1
1
1
3
7
3
4
1
1
2
2
4
5
3
4
1
1
1
1
4
34
7
1
2
3
0
1
7
8
0
1
3
3
2
4
3
4
5
2
2
3
2
2
1
3
5
3
4
2
4
3
2
6
1
4
2
1
1
1
2
3
8
3
2
1
2
2
0
3
7
4
3
3
1
3
3
1
1
18
3
5
2
2
3
4
14
12
9
1
2
3
2
3
2
2
8
4
1
3
6
3
3
25
4
1
1
1
0
1
4
1
6
1
2
1
0
4
2
1
5
1
1
3
3
0
2
1
3
1
2
1
1
2
2
3
4
8
2
4
3
5
1
1
2
2
5
4
2
3
2
0
11
3
5
1
1
29
4
1
7
5
2
1
3
2
7
1
4
3
2
2
3
6
2
0
9
2
3
2
2
3
2
0
5
3
3
4
1
3
4
27
3
2
3
1
0
2
3
6
3
1
2
1
1
17
6
6
4
2
2
2
1
1
4
3
1
5
1
1
1
1
7
2
2
4
1
1
1
1
6
1
1
2
1
5
10
9
2
1
2
0
0
1
15
15
22
0
6
1
3
4
3
2
3
1
1
3
1
2
5
1
9
1
2
1
0
1
4
5
7
2
2
1
1
7
25
2
2
1
2
3
1
15
4
1
3
3
3
16
5
2
4
7
3
2
10
1
3
0
1
2
2
2
6
2
3
1
2
1
1
5
4
1
3
1
1
3
2
5
2
2
5
3
1
1
2
1
1
2
3
1
1
4
4
3
2
4
1
2
1
1
2
6
3
4
4
2
2
2
9
1
2
1
3
1
1
1
4
2
1
5
14
2
2
6
1
3
6
5
6
8
2
1
1
2
1
4
4
15
1
1
1
1
2
8
2
3
0
4
4
1
6
1
1
13
2
1
2
1
4
3
3
7
11
2
8
3
1
6
2
5
6
2
8
3
2
1
6
3
2
1
5
2
1
1
4
1
1
1
0
2
1
1
2
6
11
3
1
2
4
1
1
8
2
1
5
3
1
9
3
3
4
0
1
2
2
2
3
2
3
2
4
1
1
1
7
4
3
1
1
6
0
5
4
6
2
1
2
1
2
1
2
2
3
19
7
1
1
3
7
2
1
10
8
4
3
2
0
13
5
4
2
8
2
2
6
1
3
3
3
3
1
2
0
1
5
0
2
4
1
4
2
4
25
2
7
6
1
4
9
5
10
6
7
3
3
3
16
3
0
0
6
1
2
3
6
3
3
2
3
1
0
9
4
3
1
10
3
3
2
6
6
1
19
3
2
2
14
4
17
1
2
2
2
3
2
1
1
2
3
3
3
2
6
4
5
2
4
1
2
1
3
1
6
3
2
2
1
2
7
2
1
1
3
3
2
1
3
4
6
2
3
5
3
1
0
4
3
4
6
2
1
0
3
1
2
1
7
4
2
2
2
1
3
4
5
3
2
1
2
2
6
18
4
7
1
4
1
2
3
2
2
3
1
2
1
3
2
1
0
2
1
2
2
2
2
2
2
3
21
7
4
2
0
3
1
7
4
16
2
1
1
0
2
2
5
1
1
2
1
3
3
6
1
5
2
3
0
2
1
2
1
2
34
1
3
4
2
2
2
8
1
2
1
2
1
4
3
3
1
3
1
4
3
3
1
4
3
2
1
3
1
1
1
4
10
1
2
2
5
0
2
6
5
1
4
1
1
2
1
1
1
2
1
1
2
1
2
1
2
3
2
0
3
1
7
3
13
4
2
4
1
1
0
0
11
5
1
2
1
6
2
0
8
1
2
0
1
4
1
3
2
2
5
3
1
1
3
1
4
11
1
8
3
12
6
2
5
2
1
1
2
4
3
6
2
4
1
2
1
4
5
3
2
28
3
3
1
2
5
2
5
7
6
5
5
3
3
2
1
2
1
1
3
4
4
2
1
0
1
2
1
1
8
1
1
2
4
1
2
8
1
25
3
3
1
1
0
1
1
5
11
2
1
1
1
1
1
3
2
7
5
1
1
2
5
6
2
2
1
1
1
2
4
9
2
2
0
0
1
1
1
5
2
2
1
2
1
1
2
1
1
1
6
3
1
1
1
2
1
6
3
1
2
0
2
4
7
3
1
3
1
2
1
2
3
2
4
3
9
3
5
1
1
1
3
0
14
1
4
3
1
1
0
3
9
5
5
4
3
2
6
4
3
4
1
2
2
1
1
3
2
0
4
1
3
2
1
1
3
3
2
2
3
3
2
1
5
5
2
2
1
1
3
0
19
2
1
2
1
3
2
1
4
3
1
3
3
0
0
13
7
7
2
2
2
2
3
3
3
4
3
7
1
1
1
6
5
3
5
5
3
1
5
0
1
3
4
1
8
2
2
1
6
0
0
2
7
4
4
1
2
2
1
2
1
2
1
1
1
6
2
1
2
2
3
2
4
3
1
1
3
1
4
3
4
5
1
2
0
2
6
6
1
1
1
2
1
1
4
0
4
3
20
4
3
1
1
2
5
5
3
2
2
3
5
0
2
13
4
2
24
3
2
11
2
3
10
3
2
6
2
2
2
4
11
5
4
3
1
1
1
6
8
1
3
2
3
0
1
6
3
2
5
2
2
1
0
3
1
2
6
4
3
4
3
0
1
2
2
3
0
2
1
2
2
4
2
4
2
4
2
2
9
0
3
6
3
0
2
1
6
1
1
2
1
2
3
2
1
1
3
4
1
1
2
2
3
2
1
0
1
2
2
1
4
2
2
3
3
2
3
2
1
2
2
1
3
2
4
2
0
1
1
2
1
7
1
2
1
1
1
1
2
4
3
8
5
2
1
3
7
6
18
3
3
3
3
1
6
3
4
1
0
2
9
1
2
4
2
4
6
5
2
