171
154
156
162
144
164
157
264
167
166
129
153
160
187
182
111
142
162
158
106
142
145
215
234
287
212
231
229
318
245
218
190
252
186
202
283
234
195
246
199
220
232
161
216
198
214
137
180
212
188
249
149
188
217
241
288
272
328
300
293
237
292
270
226
239
242
201
223
221
307
290
259
273
261
327
291
309
292
289
327
290
262
279
308
246
227
213
202
233
202
153
225
222
214
223
216
164
243
228
215
232
197
282
232
302
229
269
320
226
256
161
229
191
148
167
41
138
163
128
184
221
44
136
186
113
221
99
156
190
138
30
146
193
103
53
115
153
164
116
186
274
240
212
200
209
215
245
268
274
240
222
229
271
241
198
188
197
240
198
192
204
240
293
270
232
358
265
333
149
176
156
137
148
141
166
121
89
108
99
85
99
178
144
147
151
171
148
195
166
142
225
242
187
220
166
232
170
137
121
132
123
127
134
166
166
124
145
171
139
120
150
130
128
147
141
141
158
160
145
132
219
230
162
149
174
185
289
155
150
173
140
199
215
144
127
137
101
213
256
217
201
191
163
148
172
124
255
262
229
232
279
224
233
178
266
203
252
232
229
204
260
237
268
189
231
245
161
185
146
205
220
274
202
276
286
180
232
200
294
207
324
254
312
280
235
205
244
275
290
278
237
210
257
263
262
214
183
268
307
273
196
260
271
198
297
173
268
168
285
255
224
174
216
225
230
228
242
160
175
210
227
177
191
224
208
209
136
151
251
298
179
159
164
185
179
307
285
304
248
261
294
264
238
312
284
262
263
238
197
251
271
237
226
202
233
217
227
175
234
268
221
316
289
287
221
295
222
178
260
239
206
293
277
238
197
202
210
304
227
243
244
251
180
184
243
231
186
174
179
223
241
271
132
142
170
189
159
136
110
251
306
221
260
260
211
266
194
202
224
193
271
304
293
208
281
260
173
291
203
231
204
233
283
215
239
184
226
315
220
229
218
207
221
260
263
223
229
221
225
232
194
228
221
272
200
238
256
215
199
134
205
223
215
190
183
120
229
180
182
184
228
114
115
118
101
116
201
189
166
192
269
254
227
276
274
298
194
109
109
177
203
199
207
111
93
154
188
171
203
79
124
101
90
94
108
105
95
103
244
206
180
235
223
219
93
185
169
138
122
124
125
77
82
75
83
78
77
151
123
118
112
103
135
127
99
129
148
123
129
134
118
114
100
71
103
91
74
61
83
90
138
135
111
97
120
94
92
77
77
90
157
107
83
122
158
111
154
117
119
106
214
143
181
161
218
238
227
109
162
186
178
185
189
108
107
174
166
154
174
155
168
172
218
197
224
298
289
262
214
240
170
204
185
146
197
218
176
243
202
210
198
181
173
187
140
156
125
146
148
174
216
232
193
245
192
193
165
161
125
118
161
153
155
142
135
161
154
135
109
126
125
143
167
145
113
118
136
126
164
170
116
207
159
233
144
168
158
183
232
190
187
94
94
112
133
119
138
122
174
167
129
137
136
129
118
101
188
131
132
252
202
236
202
187
187
120
176
173
187
203
186
134
214
219
211
296
97
149
174
136
114
147
164
154
161
114
181
199
247
199
221
230
197
166
162
223
166
207
212
176
173
238
169
195
165
166
231
166
228
221
212
222
278
252
294
243
310
250
213
209
214
160
188
151
238
233
211
211
229
157
243
256
189
222
180
248
155
206
141
220
262
209
267
189
298
215
219
222
212
184
148
207
227
267
280
186
143
200
237
318
181
180
215
260
199
172
218
234
201
239
229
215
195
261
271
289
251
233
215
203
173
294
294
230
200
202
167
272
226
236
206
171
264
185
156
166
225
192
216
257
197
169
209
117
176
190
188
193
164
127
179
160
161
163
156
161
113
112
128
112
166
164
166
137
283
270
214
264
196
209
157
147
187
231
194
149
163
95
108
192
182
128
138
186
137
115
111
112
162
149
124
132
266
213
208
194
199
213
207
134
160
173
130
148
128
141
151
193
157
161
162
94
107
86
105
92
120
95
122
100
220
216
224
222
272
257
186
146
250
222
255
227
273
194
167
194
172
196
193
158
174
167
205
183
298
261
263
282
271
276
298
294
315
302
281
248
255
238
250
262
235
266
320
259
244
288
267
260
278
297
265
291
254
258
263
280
328
259
293
294
324
262
229
196
194
195
221
228
185
225
227
204
239
237
199
211
184
211
231
179
229
222
246
229
237
238
251
280
250
261
320
242
249
249
249
234
225
278
261
247
229
236
214
242
231
206
221
194
260
239
218
240
301
259
318
236
307
246
241
159
196
218
263
291
220
229
266
275
320
263
242
262
244
210
186
214
280
259
214
242
296
237
257
296
248
287
203
235
270
267
250
289
251
206
205
172
172
193
193
319
241
275
244
238
260
286
259
266
328
316
318
297
299
335
179
209
221
225
216
181
215
230
236
140
168
125
155
235
151
182
139
169
170
217
168
204
197
206
237
207
212
255
194
244
189
143
153
114
133
212
281
191
196
170
199
193
146
159
113
138
198
201
176
205
236
207
202
226
252
246
173
164
115
223
155
190
160
147
51
184
159
121
103
126
138
293
203
201
94
108
126
154
149
146
139
200
202
182
95
163
139
199
227
244
207
149
126
109
91
85
106
116
204
143
152
191
130
128
134
151
196
203
259
239
206
223
200
215
131
176
125
134
129
254
161
226
151
202
158
180
254
165
193
162
155
114
151
101
182
207
181
163
171
178
204
106
79
154
169
145
96
116
94
156
176
171
109
96
115
127
140
123
83
85
121
105
214
167
151
198
157
172
139
92
124
94
112
113
103
178
218
216
195
142
163
218
230
179
182
187
258
247
212
261
249
204
212
215
221
218
242
194
199
216
208
212
232
184
219
240
216
200
237
240
165
239
238
222
197
238
221
241
231
209
222
237
225
264
184
217
236
139
187
147
217
161
203
139
166
104
170
164
127
161
161
219
137
163
128
192
184
147
177
183
225
213
149
45
120
149
183
193
163
82
168
144
167
190
185
80
106
25
94
41
121
146
162
155
129
232
130
194
234
187
232
199
189
247
206
175
199
177
206
206
127
146
168
183
201
176
129
164
194
136
167
145
200
184
182
128
171
156
170
207
210
212
144
193
146
234
226
180
137
184
146
234
209
176
239
180
209
146
191
156
179
241
204
228
189
219
124
125
151
95
135
133
88
220
183
89
133
116
59
179
111
173
146
78
141
150
146
91
150
146
122
206
117
101
222
155
172
124
152
152
126
164
177
110
156
179
133
215
81
124
167
145
85
119
150
145
126
100
80
192
123
168
175
221
215
151
127
135
135
163
182
164
148
170
165
197
147
120
132
145
129
116
145
153
147
170
155
190
226
221
153
133
135
112
111
110
100
203
220
165
195
181
136
246
228
200
189
132
214
256
222
142
212
168
109
224
135
122
209
240
250
185
154
143
171
181
195
180
180
175
159
264
183
149
134
167
189
165
151
165
203
183
188
229
187
157
162
88
107
126
114
102
110
113
164
157
174
123
134
160
88
91
86
74
134
144
122
102
174
133
127
154
151
94
122
149
119
175
171
179
130
132
109
158
173
147
147
181
157
156
116
112
117
129
150
93
170
161
146
158
250
157
131
145
143
216
201
236
230
166
104
111
88
122
102
153
151
120
173
143
182
150
194
183
242
259
262
241
258
264
90
84
90
93
87
86
105
189
244
154
165
182
184
238
184
168
205
175
201
173
217
196
143
233
235
189
170
239
91
125
206
213
202
196
214
137
89
105
86
128
94
145
170
135
177
127
223
217
158
195
221
219
206
189
212
229
247
151
173
198
146
186
242
198
218
231
150
217
206
212
183
143
215
134
179
189
158
178
132
254
195
119
191
178
233
228
188
244
225
221
191
225
209
288
236
238
214
231
237
294
272
216
224
230
217
230
268
264
243
298
245
228
272
314
258
225
198
216
237
304
277
229
234
212
237
298
236
246
229
272
235
261
225
263
251
225
254
221
311
281
212
102
175
195
231
179
177
116
206
185
213
186
177
187
104
117
175
116
170
201
268
244
224
173
161
218
217
204
140
110
96
134
154
103
93
106
77
153
134
84
63
82
93
148
147
126
74
84
62
71
155
109
80
154
106
132
169
135
130
133
118
115
121
160
111
149
166
146
167
146
217
152
118
157
190
147
142
112
201
151
166
271
234
181
195
186
142
221
256
188
213
321
265
174
206
261
240
266
167
206
244
237
139
149
198
218
201
177
226
223
201
222
227
215
203
216
187
176
165
207
173
181
162
146
141
204
174
171
163
152
195
179
206
170
234
225
216
235
211
246
210
215
160
262
258
263
309
169
157
168
146
224
170
131
230
190
196
231
131
112
193
143
227
219
286
195
276
251
216
122
180
181
151
186
165
169
227
168
167
187
173
145
112
125
130
125
134
160
171
162
224
252
236
228
236
224
110
127
102
139
137
92
123
122
97
128
124
118
122
103
172
139
119
155
121
131
125
130
246
188
236
214
280
207
157
212
165
216
172
206
175
189
191
179
163
147
159
177
238
229
191
228
200
182
167
182
344
338
321
312
368
317
204
149
129
141
157
153
210
139
113
109
121
124
142
97
81
101
100
123
122
133
126
122
291
261
195
329
233
204
144
180
136
252
261
282
226
179
115
156
141
149
127
155
196
162
179
151
122
127
157
146
257
245
226
343
278
282
282
266
207
181
162
185
194
260
179
181
149
154
181
210
138
115
123
172
137
116
121
175
206
219
264
262
230
251
298
277
254
288
252
226
254
250
310
250
201
210
231
280
255
251
251
247
234
194
228
234
229
273
265
227
323
235
182
222
185
308
312
232
234
188
168
175
166
148
156
167
230
229
207
192
179
192
182
168
312
230
271
289
243
223
256
167
212
261
234
205
200
131
204
226
202
174
167
132
145
124
119
115
222
243
257
238
286
252
252
268
269
297
211
215
101
176
222
214
236
157
87
137
162
148
160
138
207
251
247
249
100
116
115
118
205
286
212
223
242
254
204
226
173
188
189
172
176
143
261
236
253
243
165
128
141
152
142
144
231
227
231
149
210
208
185
244
175
138
186
197
205
152
195
204
186
281
198
213
237
217
229
241
227
230
203
259
180
216
187
221
237
229
232
268
246
221
152
174
167
192
197
221
207
125
142
128
143
168
175
167
165
189
169
155
168
191
190
178
230
199
196
251
221
250
117
166
87
104
108
110
122
189
125
118
111
84
127
153
187
160
135
183
163
135
107
138
281
197
186
212
190
183
183
94
140
207
196
225
200
112
180
242
163
157
158
127
102
78
88
100
193
155
151
129
209
194
178
238
226
251
231
226
220
174
193
194
219
212
208
196
214
187
201
299
211
215
207
232
167
187
178
206
242
229
197
270
226
237
298
264
287
174
210
241
235
235
219
185
222
277
237
250
161
196
207
205
155
204
203
227
208
205
171
253
205
223
239
189
256
170
220
221
205
281
272
143
190
228
257
232
141
197
227
228
155
202
243
234
205
190
156
284
241
278
174
139
106
197
189
224
221
141
124
208
191
201
212
235
173
193
162
200
156
151
133
161
219
223
243
247
258
249
169
146
130
123
137
119
148
215
261
140
166
161
158
249
202
185
222
193
161
180
185
165
231
206
185
216
176
166
166
172
205
196
182
141
200
101
133
126
130
91
131
231
237
214
152
195
255
217
187
263
270
229
283
174
239
230
160
119
162
203
202
158
228
114
158
154
139
142
129
142
106
100
100
96
177
163
140
132
220
168
181
153
169
140
122
125
91
110
115
118
91
176
129
168
188
117
86
127
197
181
160
118
192
216
212
214
267
168
166
195
176
220
228
219
184
202
197
187
189
247
190
221
227
230
232
210
227
237
229
226
168
216
198
204
201
195
198
278
304
246
145
188
257
252
184
179
229
89
157
149
173
124
140
207
187
146
174
152
250
182
190
205
195
224
231
174
203
185
147
165
115
160
157
183
109
196
170
146
198
146
159
172
156
200
209
168
117
158
124
138
143
220
154
153
135
170
284
275
313
259
210
226
195
329
267
282
234
262
230
264
320
266
294
259
251
226
218
223
292
307
252
268
281
284
213
272
251
271
241
262
251
258
210
187
227
222
260
284
243
226
260
239
238
197
226
209
266
297
273
307
344
305
243
192
226
218
250
246
239
228
252
190
250
242
209
195
217
212
207
207
168
228
218
195
225
239
261
264
256
247
257
236
219
208
214
246
195
242
235
215
216
262
215
202
189
188
212
182
210
222
217
203
278
231
242
240
266
245
233
271
265
255
241
230
221
227
220
170
160
160
187
333
237
204
218
256
233
205
220
274
272
289
268
259
233
258
288
332
211
277
277
304
271
316
246
288
241
255
307
236
291
278
314
278
227
184
205
229
252
277
273
323
228
265
319
205
223
251
259
239
278
216
228
243
251
244
257
163
169
181
179
177
179
195
252
233
261
221
271
261
272
265
208
250
195
242
207
202
237
243
257
178
213
188
194
266
173
213
180
194
152
186
172
201
250
231
253
258
262
285
265
86
77
225
139
109
178
88
53
214
126
104
174
177
98
75
85
90
69
45
59
53
110
98
186
150
107
116
60
119
107
97
126
181
141
52
112
119
112
47
131
92
107
108
118
121
130
145
112
154
211
102
199
131
239
134
123
183
112
224
213
211
212
107
20
119
129
131
141
98
180
183
159
165
112
102
97
98
246
245
267
211
249
254
105
87
60
93
91
90
123
217
66
128
120
150
126
72
134
113
132
99
33
52
76
87
146
182
83
145
76
100
161
196
113
161
129
43
63
150
158
178
194
122
81
99
134
119
66
49
153
122
92
89
179
114
95
168
122
100
155
162
145
98
106
80
126
123
131
120
102
62
139
177
89
144
81
122
92
122
96
138
102
85
156
82
137
77
151
126
189
82
140
119
143
168
208
64
140
132
177
156
70
113
135
181
78
170
136
176
91
93
94
157
175
200
150
87
144
82
128
150
129
78
128
54
138
176
145
55
19
90
83
113
42
95
118
99
78
51
47
140
134
174
168
157
160
227
157
140
150
300
274
170
229
180
257
243
174
218
180
260
184
252
192
238
187
142
158
228
277
246
211
186
140
120
105
130
135
235
183
152
145
160
168
139
169
154
151
196
85
89
90
99
168
205
217
175
183
211
206
209
225
96
161
173
173
189
182
100
175
133
173
224
88
147
165
161
84
148
160
156
107
79
105
135
189
159
169
181
148
129
136
100
97
188
143
117
129
89
86
174
124
131
87
81
119
134
86
82
168
112
134
112
123
132
218
238
237
157
128
112
129
197
287
179
191
145
167
180
150
109
145
104
160
185
119
182
153
118
146
152
281
143
216
260
190
239
215
178
218
271
270
204
250
211
209
234
218
266
229
210
195
226
194
210
253
202
225
257
243
208
212
228
208
186
191
215
158
195
220
194
193
169
163
242
197
217
212
154
219
222
197
182
197
222
210
215
173
173
191
187
187
151
166
182
180
218
224
187
202
189
250
241
182
184
174
215
207
195
173
198
236
167
197
195
221
243
136
145
183
126
130
111
166
134
124
109
127
112
118
150
183
203
183
185
123
187
163
181
158
160
191
248
173
165
139
86
135
87
127
99
97
145
175
172
190
172
174
96
145
117
109
106
104
179
127
146
134
168
158
134
188
156
192
239
79
137
142
140
173
212
82
162
182
129
175
76
127
147
125
201
72
81
80
43
211
178
103
190
123
98
116
125
167
158
146
94
165
99
120
171
137
174
170
139
131
113
90
127
162
134
97
150
237
179
247
155
243
182
133
114
81
141
20
106
80
94
105
132
83
134
95
22
106
0
79
27
91
136
93
134
77
114
109
94
168
81
89
55
100
108
106
102
85
157
89
172
165
148
143
73
110
117
101
99
96
101
116
108
213
200
156
208
176
214
99
76
95
198
184
214
194
101
89
87
113
90
87
82
44
82
69
60
85
101
99
91
177
166
189
158
165
168
128
76
79
94
101
52
84
96
89
108
116
82
88
146
111
90
180
115
125
117
128
192
100
98
140
97
120
113
261
233
52
205
197
185
184
276
81
217
248
214
220
79
190
206
195
178
28
43
22
5
274
295
302
271
289
301
205
233
114
134
122
150
138
227
110
139
110
132
125
109
142
120
157
145
152
119
137
135
268
255
266
245
254
321
86
105
116
96
94
93
96
82
126
151
135
128
119
129
87
75
53
74
140
128
132
158
254
241
228
270
230
260
139
158
128
106
93
63
86
154
147
110
113
76
95
138
96
92
76
95
116
98
86
108
253
219
244
263
265
260
120
182
143
111
151
130
141
173
163
149
171
154
162
159
140
137
140
132
98
129
119
134
146
125
133
229
212
217
153
210
180
228
211
188
184
232
110
161
148
133
138
139
190
170
192
199
153
180
149
139
266
184
199
186
183
268
185
191
146
191
145
156
140
175
99
162
161
162
145
149
167
146
151
131
102
86
88
92
206
270
217
241
218
253
182
163
200
161
217
196
177
259
175
124
165
168
151
181
122
144
145
129
156
170
150
138
196
152
181
250
189
207
206
179
155
181
155
146
161
204
191
271
184
189
170
354
206
265
294
202
201
238
287
184
200
219
186
290
177
213
172
263
231
190
154
125
99
175
171
110
118
78
65
192
157
138
107
81
183
180
157
117
206
204
123
209
163
179
188
126
154
89
121
90
95
87
205
116
156
119
118
119
119
118
106
102
144
185
144
150
165
206
217
187
208
213
266
122
161
61
86
35
35
121
205
75
78
65
30
184
168
152
140
129
102
127
111
91
152
200
159
164
186
229
211
171
195
175
163
212
111
227
331
142
148
141
101
229
125
132
145
86
140
144
137
97
268
242
136
219
135
153
92
119
132
157
111
129
129
200
153
113
92
115
125
227
164
131
149
153
199
153
192
208
164
168
181
167
159
299
216
66
98
77
75
76
79
61
112
87
85
85
79
121
93
81
84
135
144
142
137
156
269
240
152
321
139
138
184
163
122
191
147
199
162
222
185
172
185
171
155
218
147
156
148
115
114
116
107
97
206
243
227
181
183
208
197
207
179
192
226
226
207
217
159
177
213
181
200
208
181
204
198
228
217
243
240
221
344
314
220
321
261
281
194
178
246
191
207
127
145
235
225
156
209
185
202
192
178
185
188
202
187
233
156
178
233
165
174
182
204
251
325
245
267
159
173
169
182
245
281
138
146
144
165
264
129
136
148
153
117
132
130
145
303
249
253
302
305
315
208
244
201
226
261
273
249
272
277
155
229
233
245
205
179
226
213
217
178
233
235
216
222
225
185
318
308
322
102
170
106
144
154
206
155
191
140
133
161
110
215
155
177
215
182
219
107
149
107
152
168
172
172
173
206
176
294
296
227
213
246
232
215
300
244
229
250
275
238
213
222
243
270
215
182
189
200
267
269
283
212
271
203
218
344
248
204
212
259
225
237
254
232
227
253
216
244
275
208
231
253
267
196
222
201
229
279
218
241
248
267
343
223
175
104
172
188
183
199
213
117
131
190
177
180
146
142
193
173
181
96
115
103
117
158
208
206
258
267
266
0
2
2
1
1
0
3
3
2
2
1
1
0
2
1
0
1
0
1
1
2
1
1
1
7
2
3
0
1
2
1
4
1
1
1
3
2
4
1
1
1
0
1
1
1
1
1
3
6
2
2
1
1
5
1
1
1
1
1
2
7
3
1
5
1
0
1
1
2
2
5
6
1
1
1
1
1
1
3
1
1
1
1
1
2
2
2
2
1
1
1
1
3
2
4
0
2
1
2
3
2
1
2
1
1
1
1
2
0
0
1
3
1
3
2
1
3
1
1
0
1
0
3
1
1
1
2
2
3
1
1
5
6
1
8
2
1
0
1
2
1
2
8
3
3
1
1
6
2
1
3
1
1
2
1
1
0
0
0
1
1
1
1
1
1
1
0
0
0
1
0
0
2
5
3
2
0
1
2
1
1
1
1
1
3
2
2
1
1
1
0
2
1
1
1
1
6
8
7
2
4
2
1
4
3
1
1
1
1
1
2
1
1
1
1
2
1
1
0
2
2
0
1
1
1
1
0
1
0
3
2
5
3
3
1
2
3
2
2
2
5
1
0
4
2
2
2
3
1
3
2
2
2
1
0
2
2
1
1
1
0
1
1
1
3
1
1
1
1
1
1
1
2
4
1
3
2
1
1
2
2
1
1
1
1
2
1
1
5
0
0
2
3
2
1
3
4
3
1
11
1
1
0
0
10
1
1
1
3
1
1
3
6
4
3
2
1
1
0
2
3
4
13
8
1
3
1
1
4
2
8
2
1
5
3
8
2
5
8
2
1
1
1
3
3
9
7
7
2
2
0
0
3
1
0
0
1
1
2
5
8
1
4
1
3
2
0
6
1
4
2
1
1
1
1
21
0
1
1
0
1
0
2
0
1
2
4
2
2
2
2
2
2
3
1
2
1
3
2
3
1
3
0
1
1
1
1
5
4
1
2
0
2
1
2
1
3
2
0
2
3
3
1
1
0
20
1
1
1
2
1
2
5
1
2
1
1
2
0
1
7
10
1
1
2
1
1
3
1
1
0
4
1
2
1
0
4
2
2
2
5
2
1
0
4
4
1
1
1
2
10
2
17
2
1
0
3
22
4
1
1
1
1
0
3
3
9
1
3
1
0
1
9
4
11
3
2
1
1
3
6
2
4
1
2
2
2
6
2
12
3
0
1
3
1
2
11
2
2
1
1
1
1
1
2
3
3
1
2
1
1
9
1
3
2
2
3
1
1
0
1
2
1
1
2
2
0
2
4
1
2
2
3
2
6
1
3
2
1
15
0
2
1
1
1
4
2
2
4
3
2
1
15
6
2
0
4
1
1
2
1
2
2
1
0
2
1
8
31
3
3
4
3
2
1
2
1
3
1
0
1
8
3
0
1
1
1
1
3
0
1
1
2
1
5
1
2
2
1
2
2
2
0
1
0
2
1
1
3
2
1
0
1
3
7
0
3
1
2
1
3
5
1
2
3
0
1
1
0
5
1
1
0
1
2
0
0
2
0
3
1
3
1
0
7
3
1
0
1
0
0
1
3
4
2
0
1
0
1
1
4
5
4
1
1
4
2
3
6
3
2
0
1
0
1
1
1
1
1
2
3
1
0
1
2
0
4
2
1
1
1
0
4
5
4
1
2
6
0
1
1
3
4
1
5
2
1
2
5
1
2
1
4
2
0
0
4
11
4
3
5
1
2
2
1
1
1
0
2
1
1
1
1
1
0
2
1
3
1
0
1
1
1
1
3
2
2
0
1
1
1
2
1
5
0
2
0
1
1
2
0
1
1
1
0
0
1
4
3
1
1
0
1
0
1
0
1
1
1
1
1
0
1
1
4
1
2
0
1
1
5
2
1
0
1
0
2
0
1
3
1
1
3
2
2
1
1
2
2
1
1
1
1
2
1
4
1
1
1
1
1
2
1
2
1
0
2
1
1
1
0
1
1
1
2
0
0
0
3
2
1
1
3
0
1
0
3
3
1
3
2
2
1
1
0
0
3
2
3
0
1
2
2
2
1
2
5
1
3
10
2
1
2
1
1
1
1
8
1
2
1
1
2
1
1
2
1
2
5
3
1
2
3
5
2
1
4
5
1
1
0
1
0
1
1
2
2
1
0
4
3
2
42
5
4
1
9
1
1
1
4
1
3
2
1
3
6
2
3
0
1
1
1
1
4
6
2
1
2
3
0
1
0
2
2
1
3
2
2
0
2
2
2
1
1
2
1
2
1
10
1
1
3
2
1
3
1
0
3
0
1
3
0
2
0
1
1
3
5
3
1
2
1
2
2
1
2
5
2
8
16
8
8
1
1
1
1
1
2
3
2
1
4
1
1
5
2
6
2
2
1
1
4
1
1
1
2
3
1
7
1
1
3
3
7
2
3
4
1
1
2
6
4
1
2
3
1
3
3
11
11
3
2
6
1
0
3
1
12
2
1
3
9
2
4
1
7
2
1
2
0
2
0
1
4
4
3
2
1
2
1
1
3
2
1
2
0
1
6
2
1
0
2
2
0
9
8
7
2
3
0
4
1
2
4
2
1
1
3
2
3
3
4
3
2
1
1
2
2
3
5
2
4
1
1
3
1
2
3
2
3
3
2
2
1
1
1
1
1
3
5
3
1
3
3
2
1
3
6
3
1
1
4
1
4
1
2
0
0
3
2
3
0
1
4
3
1
2
2
4
1
1
3
1
1
1
2
2
6
3
9
0
2
3
0
6
5
4
6
2
1
1
1
2
3
5
2
2
1
1
1
3
3
4
10
2
1
5
1
3
1
1
4
1
2
4
1
3
1
3
2
2
1
2
4
5
2
3
3
2
1
2
2
2
2
2
3
0
0
1
5
1
1
0
2
1
1
5
6
6
2
6
2
1
3
0
3
2
2
5
1
1
0
2
3
2
3
4
1
1
1
1
10
2
2
1
3
1
6
2
3
1
3
5
2
1
1
2
3
2
1
4
1
1
1
1
1
7
1
3
3
1
1
1
27
4
0
2
2
1
2
4
3
1
1
0
2
1
0
4
1
3
1
6
1
0
3
6
3
1
1
2
1
1
2
7
1
3
1
2
0
3
1
1
1
2
1
1
1
1
1
7
5
1
2
2
1
0
0
1
4
1
2
1
1
6
1
1
2
1
3
1
5
3
5
6
2
1
1
1
1
6
0
8
4
1
1
2
1
4
3
1
1
0
0
1
0
2
0
1
2
0
0
2
4
2
12
5
3
2
3
1
3
5
10
3
4
1
2
3
2
4
2
1
1
1
0
3
0
4
4
1
4
0
1
3
0
1
1
4
0
1
1
1
1
11
1
1
4
4
1
6
16
3
1
2
3
3
0
1
1
4
2
1
1
2
1
2
0
1
1
1
1
1
0
0
3
1
2
1
2
4
0
0
1
0
1
0
7
6
0
3
8
1
1
1
0
2
2
3
1
6
2
6
1
2
0
1
11
0
1
1
0
4
5
4
3
0
0
1
1
1
0
1
12
0
2
1
1
1
0
1
2
0
1
1
1
0
2
11
2
0
2
3
0
5
5
4
2
1
6
1
0
2
2
8
2
1
2
2
1
2
0
1
1
0
2
0
0
3
1
1
9
0
2
1
0
1
1
1
1
1
3
2
2
1
4
28
5
4
9
6
2
1
8
5
3
0
2
1
2
1
3
2
1
1
1
1
2
1
1
2
4
1
1
2
9
1
1
1
0
0
3
1
1
1
2
2
1
3
11
3
7
1
0
2
2
1
1
0
4
1
1
2
3
2
1
4
1
1
1
1
3
5
6
2
0
2
1
2
5
2
1
3
1
1
3
5
2
1
1
2
0
1
0
1
1
1
0
1
1
2
4
4
2
7
11
1
3
5
1
3
5
4
2
1
2
3
1
3
3
1
1
0
1
1
1
3
0
3
1
1
0
3
1
1
1
6
1
3
1
0
1
1
0
0
0
1
1
5
3
2
2
1
4
1
0
4
0
9
5
2
1
1
0
1
1
5
5
1
0
0
1
0
3
3
3
4
0
2
1
1
1
6
2
2
2
1
0
4
2
7
6
4
1
3
1
0
1
3
1
3
1
2
1
1
2
5
4
2
2
2
2
3
1
1
3
1
1
0
1
1
1
7
1
2
1
0
1
3
1
7
5
1
0
2
2
0
3
1
2
1
0
0
1
2
4
5
1
1
1
3
1
1
1
8
5
3
0
1
1
2
2
1
1
2
0
2
1
1
3
5
1
2
1
1
1
4
3
2
2
1
3
3
2
1
1
3
2
3
3
4
2
1
1
2
3
4
2
3
1
1
1
1
1
2
5
2
3
2
2
4
2
2
8
2
1
2
1
1
1
1
1
2
1
0
1
1
2
3
1
3
1
3
1
1
1
4
3
1
1
2
1
2
1
5
2
2
3
1
0
2
3
4
18
0
1
2
4
1
2
1
2
2
5
2
0
2
4
3
3
1
2
1
2
0
2
2
3
3
1
2
4
11
1
2
4
2
3
1
3
3
0
1
2
1
1
1
0
3
6
1
1
1
1
1
1
0
2
4
3
1
1
1
2
0
1
2
4
30
0
3
7
9
5
5
14
18
2
2
8
0
1
0
3
4
1
0
4
1
1
1
2
5
0
2
1
1
2
1
5
2
2
0
4
0
1
1
1
3
2
7
1
1
1
2
6
19
1
0
1
1
1
1
1
1
2
10
21
1
1
0
17
0
1
3
2
0
2
1
9
1
4
1
5
0
1
1
3
2
1
1
1
0
3
1
7
1
1
1
3
0
1
1
6
1
3
6
1
0
6
2
4
0
3
1
1
0
3
3
2
1
1
3
3
1
1
1
1
1
1
3
2
1
2
1
6
2
1
0
1
0
1
2
2
2
4
3
2
1
20
8
3
3
1
3
1
0
1
1
2
2
2
2
1
1
1
2
2
2
1
1
4
1
1
3
0
2
1
1
1
1
1
1
3
2
3
2
1
0
0
2
4
1
0
2
1
1
0
2
0
5
2
2
0
1
2
18
1
2
7
3
1
2
1
2
1
0
1
4
1
2
0
1
0
1
1
0
1
2
3
1
2
2
2
1
1
4
1
2
4
1
6
1
2
6
2
3
1
3
4
0
1
2
3
8
1
1
3
1
2
1
3
0
1
1
2
3
1
1
1
1
0
0
1
1
1
2
1
3
1
3
2
1
2
1
1
3
3
1
3
0
6
2
0
2
3
1
2
2
1
2
1
2
2
2
7
0
3
1
3
1
2
3
2
1
1
0
1
1
2
4
1
0
2
2
1
2
1
3
3
4
0
3
16
2
2
1
0
1
0
2
4
0
1
1
2
1
2
1
1
1
1
0
1
4
0
1
8
1
2
2
0
1
4
1
0
2
0
2
1
0
1
1
4
1
3
1
2
1
1
1
1
1
1
3
0
2
7
1
2
2
2
2
1
0
1
2
3
2
1
3
0
2
1
0
1
3
2
5
1
1
1
1
11
7
2
11
14
39
0
3
3
2
1
1
2
1
1
1
3
6
1
1
3
1
1
2
1
2
0
1
2
3
1
1
3
1
2
1
1
5
7
15
7
2
1
1
1
1
2
1
5
4
3
1
4
1
1
1
30
2
2
1
2
3
10
3
2
4
0
1
2
2
1
4
8
1
3
1
1
1
1
2
1
2
1
1
1
2
2
3
16
1
3
2
2
1
3
6
3
4
1
3
3
0
4
2
18
1
3
1
1
1
10
0
3
1
1
3
3
0
4
4
4
0
2
1
2
1
1
1
4
2
1
1
2
11
2
3
36
28
8
1
2
2
2
3
2
2
1
2
1
4
1
1
4
3
1
2
3
2
2
2
1
4
1
2
2
2
2
1
2
4
2
3
2
3
1
5
5
1
2
0
2
4
2
2
5
1
1
3
7
1
1
1
2
5
3
6
2
0
1
1
2
2
1
3
6
2
2
1
3
1
1
1
4
0
1
1
2
3
3
12
4
0
5
3
3
10
4
10
3
1
3
2
2
6
12
4
4
1
3
3
1
4
3
2
0
1
1
3
2
2
10
4
12
1
2
1
2
1
4
1
6
1
1
0
1
2
3
7
13
1
4
2
3
2
3
1
2
1
6
4
8
1
2
3
3
1
3
2
2
0
1
3
1
2
1
2
5
2
1
1
1
2
2
2
2
1
1
2
1
3
0
2
7
1
1
2
2
4
3
7
1
1
1
3
2
4
3
3
2
2
3
2
1
3
2
2
3
1
1
2
2
1
3
2
1
0
1
1
1
4
10
3
1
3
1
2
2
2
5
1
2
3
2
2
1
6
6
3
1
1
1
2
2
1
2
2
2
1
0
2
1
3
2
3
1
0
1
2
1
6
2
3
3
1
0
2
15
5
2
0
1
2
1
6
3
1
1
0
0
0
0
0
12
2
1
0
1
0
1
0
2
1
1
1
1
3
2
1
0
2
1
1
1
1
1
3
1
0
1
4
1
1
1
0
2
2
1
1
1
2
3
3
2
4
0
1
1
1
1
0
1
3
0
1
1
1
2
1
0
1
1
1
0
1
2
1
1
2
0
0
2
0
1
1
2
2
0
1
1
1
3
5
1
4
1
2
5
1
1
1
2
4
1
1
2
1
1
2
1
1
1
1
1
2
3
2
2
2
1
1
0
0
2
1
1
1
14
16
1
1
2
5
2
0
1
2
1
1
2
1
2
2
3
3
0
0
2
1
2
2
1
1
1
0
1
1
0
1
1
1
0
0
2
1
6
5
2
2
1
1
3
1
2
2
4
2
1
0
2
1
2
5
6
3
12
1
2
1
1
2
3
2
0
1
1
1
3
2
1
0
0
1
0
1
2
4
1
1
1
1
0
0
2
3
3
1
1
2
1
1
3
8
10
4
4
0
2
1
4
8
5
1
0
1
2
0
2
1
1
1
0
2
2
0
1
2
1
1
1
1
1
1
2
1
2
9
2
2
1
1
1
1
2
10
1
1
0
2
2
1
6
3
1
5
2
1
2
2
6
4
2
2
1
1
1
1
3
2
2
15
2
1
0
11
3
3
1
1
1
2
1
2
6
1
2
6
5
1
1
1
11
2
2
3
3
1
1
2
5
1
1
1
3
1
1
1
4
1
0
1
2
1
2
2
3
2
3
3
5
0
1
3
8
2
4
14
1
1
3
3
6
0
3
3
1
1
0
5
4
1
2
4
1
2
1
2
1
1
1
3
2
1
1
1
6
0
3
4
1
1
3
1
3
5
2
1
1
2
1
1
3
3
1
1
1
1
3
4
4
1
1
2
1
1
2
3
2
4
1
1
0
2
1
0
2
3
1
3
1
2
0
7
7
4
1
4
1
1
2
5
1
4
2
1
1
1
3
20
1
4
4
2
1
5
1
6
1
3
1
2
1
3
1
1
0
4
3
4
1
2
1
2
0
5
1
3
2
7
2
4
1
4
2
3
1
3
4
5
1
3
2
1
1
2
2
2
1
1
1
5
1
3
1
2
1
3
4
6
0
1
2
2
1
2
1
1
2
1
2
1
5
3
4
1
2
1
1
9
6
5
3
2
2
2
1
2
1
2
17
0
1
1
1
2
2
3
5
3
0
0
1
0
1
4
2
0
1
1
1
2
2
4
5
1
0
0
6
4
4
3
0
1
0
1
11
3
1
11
1
1
0
1
1
5
1
2
0
1
0
1
3
2
3
2
1
1
1
0
7
3
5
4
0
1
1
2
4
1
1
1
1
0
0
1
8
9
2
2
1
1
1
2
0
4
3
7
1
1
2
2
1
5
4
3
1
1
0
1
3
20
4
4
2
1
1
4
9
9
1
2
1
0
0
3
5
2
0
1
1
3
1
4
4
3
2
1
3
1
6
4
10
4
2
9
0
4
2
7
3
1
1
1
2
1
2
2
7
3
1
1
1
4
3
9
5
2
0
1
1
2
1
3
2
2
1
1
1
3
1
3
3
2
1
1
1
1
2
7
2
2
1
2
3
4
2
5
2
3
3
1
2
1
1
2
1
1
2
2
2
2
1
2
2
2
1
2
3
1
2
4
5
2
3
0
2
2
2
1
2
1
1
1
0
3
5
3
5
1
1
4
1
30
2
1
1
0
2
3
11
2
2
2
2
1
3
5
6
14
1
2
1
3
4
4
20
5
4
2
1
1
1
2
7
3
1
1
2
1
6
0
5
6
2
0
2
8
2
3
3
3
1
1
0
2
1
9
1
1
0
1
0
2
2
2
2
3
3
0
2
2
1
3
2
0
1
1
0
2
4
2
1
1
7
1
0
3
1
2
5
1
2
1
1
1
6
2
0
0
4
2
1
1
2
12
0
1
3
1
0
1
2
1
2
1
2
1
1
3
25
6
3
1
1
2
1
1
6
1
2
3
10
4
4
1
1
1
5
3
5
16
5
1
1
1
1
0
4
8
9
1
2
0
1
0
2
4
6
1
0
3
1
2
1
1
5
0
0
2
4
2
6
2
1
1
1
3
1
2
5
12
2
2
3
0
1
1
3
6
2
1
1
4
1
1
4
3
1
2
2
1
2
2
7
1
1
1
2
2
4
2
3
4
5
10
2
1
2
1
6
1
1
6
2
1
1
3
10
8
2
0
2
1
1
2
11
4
1
0
1
2
4
2
9
2
3
1
4
2
2
1
2
1
0
2
2
13
11
2
3
0
2
1
3
3
10
4
1
1
1
1
2
9
2
1
1
3
1
1
2
13
11
8
6
2
1
1
3
8
4
3
1
1
1
3
11
9
2
2
2
7
1
2
6
7
3
6
2
1
0
2
8
7
1
5
2
2
1
1
9
3
4
2
2
0
1
1
12
5
4
2
3
3
1
0
8
1
2
1
3
4
1
1
12
4
4
6
1
1
1
1
3
5
1
1
4
3
1
1
2
5
1
2
2
2
2
1
2
1
6
1
7
1
5
1
2
3
1
3
5
2
8
6
1
5
1
10
3
2
2
1
2
1
1
1
2
5
1
4
2
5
1
29
3
2
2
1
1
2
1
5
7
1
3
3
1
1
3
4
5
1
5
1
2
1
0
2
7
1
1
2
1
3
5
1
9
5
1
7
0
1
2
6
5
5
1
0
1
1
2
6
11
1
8
1
2
24
2
2
6
1
2
2
3
1
4
3
8
0
2
2
0
2
7
3
0
1
3
2
1
0
4
3
8
3
10
0
1
2
1
3
4
6
1
4
4
3
3
2
19
8
2
1
3
3
1
1
5
6
3
2
1
2
3
3
7
5
1
1
1
2
3
2
1
3
5
2
0
3
9
2
5
2
2
1
2
3
3
5
5
2
1
1
2
23
6
5
3
2
2
2
1
2
3
11
3
3
1
1
0
0
4
4
2
8
0
1
2
3
4
1
4
1
1
1
1
2
2
2
4
1
2
1
2
3
2
2
3
1
0
3
3
3
7
17
2
0
1
1
1
3
2
5
2
5
1
0
1
4
6
11
3
3
1
0
0
6
3
1
7
2
1
1
1
1
4
9
5
2
2
2
3
3
3
1
15
1
1
9
1
1
4
1
5
3
3
1
1
2
7
3
0
1
1
1
2
2
11
1
1
3
2
1
0
4
12
3
1
1
1
1
1
2
4
2
0
1
1
1
1
2
6
10
1
1
1
1
1
2
9
6
0
2
2
2
2
1
17
11
1
0
3
3
6
3
1
3
0
1
1
1
1
5
5
1
2
1
1
3
1
4
2
7
1
1
1
0
1
4
3
1
19
4
4
1
0
2
1
2
14
1
8
2
2
1
1
2
16
3
4
1
1
2
1
0
2
2
2
1
1
3
1
10
1
1
4
1
2
1
16
3
2
2
1
1
2
1
3
1
2
1
1
1
0
3
7
5
2
1
0
1
0
2
7
5
5
0
0
4
2
1
1
3
6
2
1
1
2
2
5
2
2
5
1
1
1
1
2
1
2
1
1
2
1
3
2
5
2
1
1
1
1
1
6
1
3
2
2
2
0
1
8
8
4
1
1
1
1
1
25
11
1
1
1
1
2
15
7
6
2
1
0
1
2
2
6
1
6
1
0
2
2
4
1
5
1
2
4
3
1
7
5
6
2
1
1
3
3
2
3
1
1
2
1
1
5
3
4
0
2
1
1
1
6
5
5
1
4
2
1
5
4
5
5
8
2
1
0
2
3
3
4
1
1
1
3
3
3
8
10
1
3
1
1
2
5
2
3
1
3
5
3
2
4
1
1
1
1
1
1
4
8
2
3
1
3
1
1
3
9
5
6
2
2
1
1
33
0
4
1
1
0
8
5
14
1
5
1
1
2
1
3
3
1
0
0
1
1
2
2
2
1
2
3
4
10
0
1
8
3
3
1
4
2
13
2
1
2
1
0
2
1
1
4
0
3
1
0
1
0
1
17
1
3
1
1
1
2
3
5
1
1
3
2
1
1
1
1
1
4
7
0
1
2
14
5
0
2
0
1
1
7
2
1
1
4
4
2
3
1
6
1
1
1
1
1
0
10
1
1
1
2
1
1
1
10
4
3
1
1
0
1
3
1
3
3
1
4
13
6
2
13
2
1
0
3
2
6
2
1
2
1
2
1
16
3
2
3
3
3
1
2
6
9
0
1
4
2
4
6
6
2
1
1
1
4
1
2
7
9
3
3
2
3
0
7
2
2
1
4
2
1
3
2
4
3
1
6
2
3
7
5
10
2
1
1
1
0
2
3
1
2
4
1
2
2
6
2
3
1
3
2
2
1
2
1
2
1
1
1
4
2
3
3
4
1
2
1
1
2
3
6
5
2
2
0
2
2
1
5
1
0
0
1
3
2
1
2
3
1
2
2
4
4
3
3
1
1
1
0
7
3
3
2
0
6
0
1
13
0
5
1
2
0
2
3
3
4
0
2
1
1
1
3
7
7
1
5
1
1
3
3
5
3
1
0
0
1
0
2
3
10
1
2
1
1
2
12
13
1
2
0
3
1
0
3
6
3
0
0
1
1
1
2
6
10
1
1
1
1
2
16
13
5
3
1
1
1
1
3
2
1
0
9
3
2
0
2
2
5
3
11
17
3
0
1
3
1
3
2
10
2
2
0
1
1
2
2
4
1
1
2
2
2
5
7
3
2
5
1
0
8
7
4
2
3
1
3
3
3
5
3
1
1
1
1
1
5
4
4
2
1
1
1
2
3
5
10
2
2
2
1
0
3
3
1
2
2
1
1
2
2
6
6
2
3
1
1
3
1
3
1
3
1
1
2
1
2
4
4
1
3
2
1
2
4
4
2
1
1
1
4
3
6
7
7
0
2
1
2
3
1
2
2
6
1
3
1
3
1
1
4
5
3
1
2
2
1
1
4
9
0
3
2
1
0
1
2
5
3
4
0
2
2
4
5
2
2
1
1
1
1
3
15
1
3
2
1
1
2
4
3
2
0
2
1
6
2
4
6
2
1
2
0
1
1
5
3
2
2
5
0
1
1
3
2
1
2
3
1
1
1
1
10
2
1
2
1
1
2
1
5
1
3
2
2
8
11
5
6
1
2
6
1
1
1
0
2
2
1
2
1
4
6
4
1
7
2
3
3
3
2
4
8
5
1
1
2
4
2
1
4
4
1
0
1
1
0
2
4
3
3
4
1
1
11
6
1
3
1
5
1
3
2
2
0
0
1
5
1
2
4
7
5
3
3
1
1
3
2
2
1
1
1
1
0
1
2
5
4
2
0
3
3
2
4
2
1
1
1
2
4
3
6
5
2
4
3
2
2
1
3
3
2
1
1
1
5
3
4
1
3
1
2
3
1
3
3
2
4
1
1
2
3
2
3
1
1
1
1
2
2
0
1
3
1
2
3
2
1
0
2
0
1
1
3
0
0
2
0
2
2
1
3
1
0
1
6
2
2
1
2
1
1
0
11
1
1
1
3
1
1
1
12
3
1
2
1
1
1
1
10
3
1
2
2
0
1
0
1
2
1
1
1
1
0
2
4
4
3
1
1
1
1
2
4
2
1
0
4
1
3
1
1
2
3
1
0
1
1
1
4
1
1
1
3
4
0
0
4
2
1
1
1
2
2
0
2
14
1
7
1
3
2
3
11
1
2
0
3
3
3
2
1
6
0
1
4
1
5
1
3
1
0
2
1
3
5
5
5
0
1
2
1
4
6
5
1
0
1
2
1
4
3
1
2
1
1
0
0
2
8
13
3
1
2
0
1
3
4
2
1
3
1
0
2
11
2
2
4
1
9
1
0
2
10
7
2
1
1
5
0
6
8
2
1
1
2
2
1
4
4
2
1
0
1
1
0
2
4
3
1
0
2
1
3
9
1
3
3
1
1
2
0
1
1
2
1
1
0
2
3
3
1
5
2
1
8
1
6
8
2
1
4
9
2
2
1
2
1
1
4
3
1
6
1
1
1
0
1
3
1
5
26
1
1
3
1
6
3
3
5
3
1
1
4
3
1
3
2
1
8
2
1
1
1
2
3
3
4
0
1
2
3
2
1
2
1
2
2
3
1
14
2
1
1
1
1
1
2
2
6
1
0
1
1
1
8
16
5
3
0
1
1
2
3
1
2
1
3
1
4
3
3
1
1
1
1
4
3
3
6
4
1
9
4
1
6
4
5
10
3
4
7
8
1
2
2
0
1
1
4
1
2
2
1
1
8
11
4
5
3
2
4
3
5
8
3
2
1
1
1
2
0
10
1
2
6
9
2
1
3
1
2
4
2
2
2
1
0
16
1
2
1
1
1
1
2
4
4
1
2
1
3
4
3
3
1
1
1
1
1
2
1
30
13
6
4
2
1
2
4
1
1
5
1
2
5
3
0
1
1
1
1
1
1
2
3
1
1
3
5
0
2
1
0
0
1
5
2
1
14
2
2
0
1
1
1
1
11
3
2
1
5
2
0
3
24
2
0
3
1
1
0
0
6
4
1
2
3
0
2
1
3
3
2
1
2
1
1
0
6
3
1
1
2
3
1
0
2
3
5
3
1
0
1
1
4
3
1
1
1
1
0
2
11
2
1
0
3
2
0
1
4
2
3
2
1
5
4
2
2
2
1
2
2
5
2
1
1
1
4
6
3
8
1
1
1
3
1
3
1
5
1
1
1
4
2
2
3
5
1
0
2
1
2
3
3
3
1
3
2
1
3
1
2
2
4
1
1
1
3
7
1
5
2
3
2
2
2
3
5
1
9
5
1
10
2
2
2
1
2
4
1
1
6
2
3
0
1
1
2
1
13
1
2
3
2
2
2
2
11
2
2
3
2
0
2
4
1
1
5
11
1
2
2
2
2
2
2
3
1
4
1
2
4
6
10
11
2
1
1
1
2
1
1
4
1
1
1
10
1
3
5
2
4
5
4
12
2
2
5
1
5
2
2
6
3
4
5
1
1
1
4
5
14
1
9
2
0
2
2
5
5
26
10
3
2
4
2
2
3
8
5
1
3
3
1
0
19
7
4
2
3
4
1
1
6
8
1
0
1
4
2
3
2
2
1
2
0
2
2
2
1
4
2
1
3
2
1
1
2
2
1
1
2
1
2
1
1
2
2
2
3
0
2
1
4
3
2
2
0
3
7
6
4
5
1
2
1
3
2
6
3
5
0
2
3
1
2
3
2
3
4
0
0
0
2
1
3
16
1
1
0
1
1
2
4
4
0
2
2
1
4
1
2
3
1
2
1
1
2
2
1
3
0
1
1
0
2
3
10
4
0
2
2
3
2
2
1
2
2
1
2
0
3
7
2
2
6
4
4
2
2
1
5
1
0
1
2
3
1
3
2
7
3
1
2
1
0
1
5
3
2
0
1
4
0
1
3
2
2
1
3
2
1
3
10
5
1
2
1
3
1
5
8
5
4
1
1
4
2
1
2
3
2
4
3
3
1
4
4
1
1
1
1
0
1
1
6
3
1
1
4
2
2
2
3
19
6
2
2
3
1
2
2
1
2
1
2
1
1
1
3
4
1
1
2
3
2
1
14
5
3
1
1
5
2
1
1
2
1
1
2
1
7
2
8
1
1
1
1
8
3
4
1
1
1
1
1
2
2
3
2
1
1
2
1
2
3
2
7
2
2
1
1
5
5
7
1
2
3
1
1
3
2
2
1
2
3
1
2
7
4
3
2
1
2
1
1
1
2
1
2
0
3
1
4
5
1
1
4
2
2
3
0
5
1
1
1
2
2
1
0
9
3
1
2
2
3
2
2
18
2
3
4
1
1
1
0
3
2
1
1
2
4
2
2
3
1
0
1
9
3
8
1
2
5
1
1
2
2
3
2
1
2
2
2
2
7
2
2
2
6
1
1
2
2
3
1
2
1
1
1
2
1
3
0
1
2
2
1
2
3
6
5
1
2
0
2
3
4
6
2
1
6
1
1
2
2
6
1
2
2
1
2
1
1
1
1
6
2
1
1
1
4
10
1
4
4
2
3
0
1
3
2
1
0
2
12
1
0
1
1
8
3
1
2
1
1
1
2
2
3
8
2
1
1
1
5
1
1
6
3
1
1
1
3
5
1
5
0
6
2
1
3
2
3
5
1
2
2
2
2
3
1
4
1
1
2
1
2
2
3
6
1
3
2
1
2
1
1
4
1
9
4
1
1
1
10
12
1
3
1
0
4
2
0
2
1
2
1
1
3
3
4
2
3
5
0
4
8
3
5
1
1
1
0
1
4
1
2
3
4
0
2
3
2
3
1
3
1
1
2
3
3
1
2
3
1
2
2
4
5
1
2
1
2
1
3
2
2
4
2
0
1
0
5
2
2
2
5
1
1
1
2
3
2
2
4
1
0
1
2
1
2
1
1
1
1
1
1
8
13
2
0
2
2
1
2
5
7
2
4
1
1
2
3
2
4
2
1
1
1
1
3
2
2
1
5
6
1
0
1
0
1
2
2
1
1
3
1
1
5
3
3
1
1
0
2
2
2
4
1
1
7
0
1
5
4
4
3
4
2
0
5
2
2
5
3
2
1
1
2
1
4
2
1
2
2
0
1
1
1
1
1
0
2
1
4
1
1
2
2
1
1
0
0
1
14
2
2
1
3
1
1
6
3
3
1
3
1
1
1
3
5
1
2
2
3
1
2
2
1
3
2
8
2
2
1
0
2
1
2
0
6
1
0
1
1
1
1
2
1
1
1
2
5
5
1
0
2
1
1
3
1
2
8
4
2
3
2
2
2
2
3
1
1
2
0
1
2
2
1
1
2
1
0
1
4
3
3
1
2
1
0
4
2
2
2
0
5
1
2
1
7
2
2
0
3
1
3
2
5
17
5
2
1
1
1
8
5
3
2
1
0
1
0
3
2
2
1
2
1
2
1
1
3
6
1
1
2
2
2
4
5
0
1
2
2
2
2
3
8
3
1
1
3
4
1
21
5
3
2
1
3
4
2
1
2
11
1
0
1
1
1
3
5
3
1
2
2
1
2
7
8
5
2
2
7
3
2
1
10
1
2
2
1
2
1
0
8
2
2
1
2
2
5
10
9
3
1
1
3
5
2
5
19
3
1
1
3
1
1
3
3
6
9
4
1
1
8
1
3
4
1
3
2
1
0
0
1
1
1
2
2
3
3
1
3
8
3
26
3
2
1
2
2
3
1
4
5
5
1
8
4
2
2
4
1
2
1
0
4
8
4
7
1
1
0
0
12
9
2
4
5
4
22
2
1
1
4
6
0
3
4
0
3
2
3
2
1
1
3
0
10
1
4
4
1
1
0
0
3
1
2
6
1
2
1
3
12
2
1
2
3
4
1
5
1
1
2
1
1
2
2
1
9
6
4
0
3
3
26
10
2
1
1
2
2
2
6
8
3
2
5
1
3
2
6
5
1
3
1
1
5
4
3
4
3
1
6
2
2
11
31
32
2
2
6
4
4
1
19
2
5
2
2
5
5
13
2
0
1
1
1
1
1
0
3
2
1
3
2
1
0
1
1
2
4
1
4
1
9
3
1
4
6
3
1
0
1
8
2
1
4
3
1
6
6
4
2
0
1
1
9
12
4
3
3
2
1
1
2
13
21
1
3
1
1
3
1
4
2
0
1
2
3
5
19
5
2
1
1
2
1
7
11
23
3
2
1
4
0
1
13
8
9
2
2
2
1
6
7
5
2
1
0
2
0
2
7
1
1
1
1
2
0
2
1
5
1
1
1
1
3
3
0
2
1
2
1
3
3
1
1
1
3
2
2
6
1
0
3
1
6
15
7
16
0
0
2
0
4
2
11
11
1
2
2
3
1
1
3
3
1
0
1
1
1
2
3
2
1
0
4
1
11
13
2
3
1
1
8
2
1
12
4
1
1
7
2
4
12
1
2
4
1
2
2
0
1
1
1
2
1
6
2
7
2
3
1
1
1
1
2
1
9
5
4
2
1
1
2
3
2
2
1
2
1
2
1
8
1
3
6
3
1
2
3
2
2
1
1
2
2
2
2
16
0
5
1
3
1
3
3
9
1
1
2
1
1
1
2
4
3
2
1
1
1
1
4
12
3
3
2
4
2
1
2
8
5
1
1
4
1
2
4
4
3
3
7
1
1
4
1
4
1
1
1
0
2
1
3
1
3
1
12
3
3
1
4
1
1
3
1
0
3
1
10
10
2
2
3
1
16
11
3
2
3
8
2
1
0
5
6
6
4
8
16
3
1
4
1
7
2
3
4
1
3
1
6
2
8
6
14
4
2
2
1
3
13
5
5
1
3
2
5
1
2
1
6
7
2
1
1
0
4
3
2
2
11
2
1
2
1
2
2
1
2
1
2
2
1
7
4
4
3
2
0
2
9
3
1
3
1
1
3
2
4
3
2
2
13
3
1
1
2
2
4
2
2
4
1
1
4
3
3
1
2
2
22
2
4
3
21
2
11
1
1
1
7
4
5
3
2
4
2
2
3
5
5
1
2
3
2
1
7
13
5
3
1
1
3
1
7
4
4
0
1
5
1
3
8
1
6
0
2
1
1
2
3
2
3
1
1
1
1
2
5
2
2
0
0
6
11
2
6
5
1
4
1
4
1
1
5
12
2
1
1
7
1
4
2
3
1
1
2
1
4
4
6
5
0
3
2
2
1
5
9
4
1
2
1
3
8
8
7
7
3
3
2
2
3
8
2
7
0
1
3
1
1
3
3
2
1
3
1
2
1
3
1
1
1
2
0
1
1
3
1
4
3
4
1
0
1
1
2
6
3
4
1
3
1
1
1
3
3
7
0
2
2
3
1
3
2
2
2
1
1
2
1
6
5
1
1
1
3
4
1
6
1
8
1
3
1
2
5
3
2
6
0
6
2
1
2
5
1
2
1
2
1
1
1
6
5
6
1
0
1
1
8
3
1
3
2
2
1
1
2
7
3
2
1
2
1
2
1
0
2
3
1
3
1
1
1
6
1
2
1
1
4
1
3
2
4
12
2
6
0
3
1
2
2
1
2
4
1
1
0
5
1
7
3
5
1
1
0
4
1
3
6
1
2
4
1
1
1
2
1
1
1
2
3
2
3
5
1
1
1
1
0
3
9
5
4
0
1
2
1
2
4
3
1
1
0
1
1
1
4
6
2
3
1
0
1
6
2
11
3
1
0
2
0
8
5
11
3
0
0
1
2
1
2
12
8
1
2
1
1
7
1
1
4
1
1
0
1
1
26
4
0
1
2
1
1
17
7
2
9
1
2
1
0
3
16
6
5
1
1
2
1
11
3
4
1
1
1
3
1
3
11
1
1
0
0
1
0
1
2
2
11
1
0
0
2
0
1
4
1
3
15
2
0
1
2
1
1
1
5
1
1
0
2
1
1
1
2
3
1
0
1
1
0
1
4
5
0
0
0
2
2
7
1
1
2
1
3
2
1
2
2
2
1
1
2
2
0
3
3
1
1
1
1
2
3
2
3
3
1
1
1
3
1
2
1
4
1
1
0
1
1
5
5
14
6
0
0
2
8
1
1
1
3
2
3
2
7
2
0
1
1
1
3
7
4
4
0
1
1
1
3
1
1
5
0
0
2
1
3
2
3
3
0
1
1
2
1
1
2
5
2
0
0
1
5
1
1
2
0
1
1
0
2
2
2
5
1
2
2
1
1
8
2
1
0
1
2
2
1
8
1
1
1
1
2
0
1
2
0
2
12
1
2
0
1
2
1
7
2
1
2
1
1
1
3
5
6
2
0
2
1
2
3
2
4
1
0
2
1
0
1
5
5
1
1
0
4
1
3
8
10
1
1
4
2
5
2
2
1
2
4
1
1
1
2
1
5
2
4
0
0
2
3
2
1
2
2
1
2
0
2
2
2
2
2
1
2
2
2
3
1
1
1
1
0
1
3
2
1
2
3
1
1
1
1
1
1
1
1
2
1
1
1
1
4
1
1
1
1
0
1
4
0
1
3
3
1
0
3
6
3
1
1
2
1
0
1
6
4
0
2
3
1
0
4
5
5
1
1
1
2
1
2
3
4
1
3
4
2
1
2
7
1
3
1
1
1
0
2
2
1
4
1
1
0
2
2
3
3
1
1
1
1
1
2
1
3
2
1
4
1
2
1
2
6
2
4
3
0
1
1
0
3
4
3
2
2
3
1
8
3
1
3
1
0
0
1
1
3
2
3
1
1
1
2
1
2
4
3
4
1
1
2
0
2
3
2
1
1
2
1
1
2
4
6
1
1
2
1
1
7
2
0
3
2
1
9
1
8
1
1
1
3
0
10
3
1
2
1
1
2
1
6
3
5
4
1
1
4
0
5
4
2
6
0
2
1
1
2
3
1
1
1
1
1
2
4
3
5
5
1
0
7
2
1
3
3
2
4
5
2
2
6
2
2
3
0
1
1
0
3
12
5
1
1
2
3
2
3
1
1
1
2
1
2
5
1
1
1
1
3
2
2
1
1
2
1
1
2
3
7
28
7
1
1
1
1
1
1
12
1
1
2
2
2
1
2
1
2
0
1
0
1
3
1
3
6
1
1
3
4
5
2
5
4
1
0
1
1
2
3
0
3
0
1
0
3
4
9
2
4
0
1
1
2
1
1
1
14
33
7
22
4
2
1
2
4
1
3
7
7
1
2
0
2
2
3
2
4
0
0
0
1
2
3
3
2
2
3
3
1
3
9
16
1
0
4
7
0
1
10
4
2
1
3
4
1
30
2
4
1
1
2
1
0
3
5
5
2
1
1
1
1
3
3
1
2
5
0
1
5
1
1
1
2
2
1
0
7
4
3
3
2
1
1
1
11
3
5
10
1
8
3
1
9
7
3
3
2
1
2
4
6
4
3
1
2
2
2
2
5
8
1
2
0
1
2
2
11
2
3
2
2
9
1
1
3
2
1
6
0
1
1
1
2
0
1
1
1
1
1
1
4
1
0
3
1
1
1
2
1
1
2
2
6
1
0
2
2
1
4
2
3
3
2
0
2
1
2
4
2
1
3
2
1
1
1
3
2
2
3
2
0
1
4
2
1
3
2
2
1
1
5
2
9
4
1
1
2
2
5
16
4
6
2
3
1
0
5
2
15
3
1
1
2
0
4
9
7
4
2
0
2
0
0
0
2
15
0
1
1
1
2
3
1
16
4
2
2
1
1
1
2
22
8
2
1
1
0
1
2
2
5
0
4
1
1
2
1
2
3
2
2
0
1
2
1
4
2
1
0
2
1
8
14
6
2
0
1
2
2
1
2
10
3
0
0
2
3
4
14
9
4
1
2
2
1
1
1
1
16
2
0
4
2
1
1
2
15
1
1
1
0
1
2
3
15
3
1
6
1
1
1
4
6
2
2
9
1
3
9
15
4
1
5
3
0
0
7
1
4
1
1
2
1
1
5
1
1
3
1
1
2
1
2
0
7
1
1
1
1
2
1
1
9
5
2
3
0
1
3
2
35
3
3
2
3
1
1
4
3
6
1
3
2
2
0
0
4
15
4
15
2
3
2
2
2
1
2
3
3
3
1
2
9
19
4
5
2
2
6
3
26
4
2
3
2
2
2
1
7
1
2
1
3
1
0
2
4
2
2
13
2
1
1
3
24
6
4
3
2
4
10
1
5
9
1
2
2
2
2
0
1
1
1
1
4
3
1
12
13
8
1
8
2
1
8
21
14
1
2
8
15
8
3
2
4
8
0
3
3
13
8
2
1
1
1
2
2
2
1
0
2
5
1
1
1
3
4
1
1
19
2
4
1
1
8
2
2
2
4
6
4
39
17
3
2
2
7
0
4
9
3
4
3
1
1
2
7
5
3
3
3
1
3
7
13
50
3
1
31
5
5
1
9
2
29
1
4
3
5
10
4
1
1
3
2
1
0
1
14
6
2
1
1
1
2
2
1
1
3
2
2
5
1
0
1
1
1
2
1
6
7
1
2
2
0
1
1
1
5
1
2
2
1
2
10
3
1
2
2
4
1
16
10
3
3
2
4
3
1
0
5
7
3
2
3
4
2
9
3
1
4
1
1
1
0
3
4
2
2
1
1
1
1
2
6
5
5
1
0
2
0
7
1
1
1
2
4
1
5
5
3
4
1
1
1
2
6
5
6
3
3
3
1
4
5
10
2
1
0
1
1
2
2
1
2
1
1
1
3
0
5
8
1
5
2
2
1
1
4
5
2
2
2
1
0
2
6
7
1
0
3
1
4
1
2
1
0
2
13
11
1
2
1
1
1
4
21
1
0
1
2
1
5
7
16
7
2
2
2
1
3
6
3
5
1
2
1
1
4
3
4
4
2
2
2
1
3
3
6
3
1
1
6
2
2
11
5
1
1
2
1
1
4
3
2
1
1
2
2
0
4
6
6
4
2
1
0
2
2
4
5
15
4
1
1
1
1
1
3
33
6
8
3
1
1
1
2
4
2
1
3
3
2
4
2
3
3
2
1
1
3
1
1
5
2
2
1
1
2
3
3
6
4
2
1
2
1
1
1
8
4
4
2
3
1
2
5
19
2
1
1
6
3
2
5
4
12
2
0
1
2
1
7
10
3
2
1
1
3
1
3
1
17
2
1
4
1
3
9
5
28
2
4
1
4
3
2
8
3
1
1
2
2
3
4
3
2
0
2
5
1
1
5
1
1
2
0
0
1
1
2
15
5
13
3
1
4
2
3
5
3
10
3
0
2
9
1
1
6
7
2
4
6
4
1
6
4
6
0
3
3
1
1
1
6
24
0
7
1
1
2
5
7
7
2
1
2
1
2
1
4
3
3
1
1
2
2
0
7
3
5
1
2
1
2
1
5
1
2
0
1
1
4
11
1
2
1
1
2
0
1
3
1
1
0
1
1
1
4
2
3
1
1
2
6
1
3
4
1
1
3
1
8
1
5
3
1
1
1
8
7
2
2
7
0
1
3
1
1
0
11
3
11
7
1
1
2
0
19
1
1
1
2
13
5
3
4
1
1
3
0
3
8
3
2
2
3
2
3
3
15
11
4
1
3
8
5
1
10
1
5
2
1
1
3
6
3
2
0
1
1
4
1
2
8
1
3
1
1
0
1
3
2
3
4
2
11
2
1
2
6
2
2
1
7
3
4
0
1
3
2
2
4
10
8
3
10
1
1
17
7
10
7
6
4
2
3
0
7
6
2
1
3
2
2
3
3
9
1
2
1
1
1
2
5
2
5
2
2
1
1
1
0
3
8
3
1
1
4
3
3
3
0
0
1
1
3
3
7
1
1
0
1
1
4
1
2
0
1
5
2
1
4
2
2
0
1
5
2
1
8
4
2
1
1
0
3
1
6
2
4
3
1
2
1
3
3
1
1
0
1
2
1
0
5
6
7
2
4
10
3
4
0
1
8
18
4
5
3
1
1
2
4
3
7
4
1
1
2
1
3
3
4
9
1
3
5
1
3
10
6
6
2
2
1
2
6
1
6
1
1
2
1
2
3
1
1
1
3
1
1
3
5
3
6
5
7
3
0
1
2
4
2
7
3
4
2
0
1
1
3
3
2
1
6
2
0
2
1
5
2
2
3
0
3
4
3
1
2
5
1
1
0
2
5
10
1
3
2
1
1
1
3
6
1
2
2
1
2
4
9
11
2
4
2
2
1
1
4
5
10
2
3
5
1
1
6
4
16
4
2
4
2
1
3
8
12
2
6
2
3
1
4
2
2
2
3
1
2
3
4
3
1
1
3
3
1
3
4
2
2
3
1
1
4
2
2
2
7
9
9
3
2
3
1
1
1
5
3
1
0
4
1
4
1
2
1
3
2
1
0
1
8
5
2
3
0
1
4
2
13
2
7
3
1
3
2
1
4
3
1
2
1
2
1
3
3
3
3
5
0
2
0
1
5
1
2
5
1
1
5
3
1
2
1
1
1
1
31
4
1
0
1
1
2
1
3
2
5
5
0
0
3
0
9
4
3
3
2
1
3
1
8
4
1
1
2
1
1
0
5
2
2
5
1
1
1
4
3
1
5
3
0
3
3
2
3
1
1
2
1
4
2
0
4
1
1
1
1
1
1
2
1
1
1
2
0
4
3
2
3
2
0
1
2
7
2
1
2
0
12
1
1
3
1
1
1
1
1
2
1
2
1
1
0
5
6
2
2
1
1
1
0
1
9
3
3
1
1
1
3
2
3
3
2
1
1
5
1
3
0
5
1
1
2
1
1
1
2
2
2
1
2
0
4
1
9
5
4
0
0
2
2
27
8
1
1
1
0
0
4
5
2
2
1
1
3
1
16
1
2
1
1
1
2
1
13
5
4
5
0
2
2
4
4
5
4
1
1
1
0
1
6
3
3
0
3
1
2
0
7
3
5
1
3
5
2
2
0
0
5
5
6
2
1
0
2
1
1
3
3
2
1
1
2
2
3
7
5
3
1
0
1
1
8
15
4
1
1
2
1
1
6
4
1
2
2
1
6
5
2
1
5
3
3
2
1
1
0
2
8
2
3
4
2
4
3
4
1
3
1
0
2
1
2
3
2
6
4
1
1
2
1
1
5
5
2
2
0
2
5
1
1
11
8
2
2
2
1
3
14
5
6
1
1
1
2
3
1
4
16
1
3
1
3
4
5
37
4
1
1
1
1
1
2
6
4
2
2
1
1
5
2
2
3
1
0
1
2
2
1
0
3
2
1
0
1
4
2
2
3
4
3
2
1
1
1
1
3
4
5
4
1
3
2
1
15
4
4
1
1
12
5
0
6
11
1
1
2
2
1
1
4
6
3
2
2
1
0
1
5
2
1
3
1
1
2
1
3
4
1
1
1
1
5
20
5
1
2
0
2
2
3
4
2
2
1
0
2
6
10
2
1
1
1
1
2
1
3
2
4
5
1
1
0
3
3
2
1
9
1
2
1
1
3
1
3
3
2
5
10
6
2
2
4
3
1
2
18
21
27
0
2
2
2
3
2
2
3
1
1
2
1
2
6
1
10
1
2
0
1
1
3
4
7
1
1
1
1
1
14
2
3
1
4
3
3
13
5
0
2
3
6
18
1
1
3
6
1
1
6
2
4
0
1
1
1
2
3
2
1
2
3
1
3
2
3
1
4
1
1
1
1
5
1
1
2
1
2
1
1
2
1
2
1
0
0
4
4
2
2
3
1
2
0
3
3
4
1
5
1
4
2
1
4
2
2
0
2
1
1
1
3
2
2
5
11
4
2
3
4
1
4
3
12
3
0
2
4
5
1
4
3
17
1
2
2
2
4
6
4
2
1
5
3
2
7
1
1
9
1
1
1
5
4
1
3
5
12
2
3
2
1
6
2
3
1
2
4
2
4
1
7
2
1
2
3
0
0
1
5
1
1
3
1
3
1
1
1
4
5
4
1
2
1
1
1
3
4
0
2
5
1
5
6
3
5
3
1
1
2
2
2
2
2
1
5
2
1
2
4
3
2
1
1
4
1
5
5
1
3
3
1
2
0
2
0
2
3
9
6
1
3
5
3
2
2
8
8
3
1
6
3
11
4
1
3
3
1
4
6
2
4
4
1
1
0
1
1
3
2
1
2
6
2
1
1
5
23
1
8
4
3
4
2
10
6
5
3
9
4
3
16
1
1
2
8
0
3
3
3
1
4
5
5
1
1
7
3
3
1
5
2
5
2
3
2
2
11
9
1
2
14
11
18
0
3
3
3
2
4
3
1
2
3
3
2
2
7
9
3
1
2
2
1
2
2
2
8
1
2
2
2
1
7
1
1
2
5
3
2
1
2
3
3
4
1
4
1
1
1
2
1
4
2
4
1
0
2
1
1
1
6
7
1
1
1
1
5
3
4
2
1
0
3
5
2
18
3
8
1
1
2
2
2
3
1
4
1
1
1
1
1
2
0
2
1
3
2
0
1
3
2
7
15
8
4
6
2
1
1
15
3
12
1
4
1
1
2
4
3
2
2
1
1
4
2
3
1
5
2
3
1
3
1
2
3
2
26
1
5
1
4
2
5
8
2
2
1
2
2
5
2
2
1
3
2
2
2
1
1
2
1
1
1
1
2
3
1
4
10
1
1
1
2
1
3
4
4
9
1
1
3
2
2
2
1
1
1
1
1
1
0
0
1
1
2
1
2
1
6
3
20
5
4
7
0
1
1
1
8
2
3
1
1
3
6
0
4
1
8
1
0
2
1
0
6
4
4
9
1
2
2
3
6
7
0
7
5
6
3
5
5
2
2
2
2
2
3
5
2
5
0
2
2
2
3
1
5
14
1
4
0
9
5
5
4
5
6
1
7
6
4
1
1
1
1
1
2
8
3
1
1
0
0
2
5
1
4
3
2
1
2
1
2
9
1
29
4
6
1
2
0
1
1
6
9
3
0
1
2
1
2
3
1
2
7
1
1
1
3
5
1
3
3
1
1
2
4
4
3
2
2
0
0
0
2
2
1
1
0
3
1
0
3
0
0
1
11
3
1
0
2
2
1
5
4
6
3
1
2
2
4
2
1
1
2
1
1
5
1
1
1
5
4
1
3
3
6
1
4
1
4
2
4
3
2
1
1
7
2
2
3
2
2
3
1
3
5
2
1
4
3
3
1
4
0
1
1
9
1
4
1
1
5
1
1
1
1
3
1
2
4
8
5
2
1
1
2
1
14
5
1
1
0
1
0
3
2
4
1
1
1
1
1
17
2
4
3
1
2
4
1
2
4
6
2
4
1
1
1
7
3
4
1
2
3
4
3
1
1
4
3
1
4
0
2
0
3
1
1
1
5
1
4
1
2
2
2
1
1
2
1
2
3
7
2
0
1
0
1
2
4
3
2
2
3
1
3
5
3
3
1
4
0
1
6
5
2
1
1
2
2
0
2
1
5
2
22
9
2
1
1
2
2
5
1
2
2
1
3
1
1
28
3
3
17
2
1
4
1
3
5
6
1
1
0
1
3
6
14
8
4
1
1
2
1
5
10
0
1
1
1
1
0
4
2
2
3
2
1
1
1
2
1
4
5
5
5
4
3
2
2
3
1
5
0
1
1
1
3
2
2
6
1
3
1
1
9
1
3
4
1
1
1
1
8
2
1
1
1
1
1
2
1
1
7
4
1
1
2
1
2
3
2
1
5
2
0
1
2
1
0
2
7
3
2
3
1
2
2
2
2
1
6
1
1
1
3
1
1
6
2
0
3
0
1
0
1
6
1
3
4
1
2
2
5
1
16
2
2
3
1
1
6
1
1
1
2
4
1
1
8
4
5
3
9
11
2
