205
174
220
150
139
145
160
261
203
178
149
157
165
225
193
127
150
175
160
120
126
156
241
221
291
206
240
226
328
258
204
247
284
200
244
282
206
217
261
195
242
252
200
244
220
231
144
189
217
198
286
188
232
214
254
275
276
331
309
310
251
305
280
226
261
240
213
251
242
331
296
259
286
268
317
298
328
326
312
334
312
286
315
339
282
233
215
219
248
200
153
238
218
225
240
217
169
231
235
224
241
187
274
224
292
218
276
315
224
254
177
228
221
152
168
24
151
158
121
179
244
43
137
185
120
227
96
158
182
143
32
140
162
104
30
129
151
158
115
191
311
294
250
233
228
214
269
326
289
237
232
227
272
297
236
250
245
281
192
194
198
237
320
285
243
337
267
295
166
197
191
144
130
158
173
139
112
114
115
100
107
192
129
125
150
201
130
173
157
153
215
265
210
196
172
288
200
185
150
147
161
174
152
179
194
145
182
195
149
160
219
164
167
200
160
183
184
178
149
154
249
237
190
173
181
174
298
148
131
159
127
193
207
143
112
132
98
194
267
213
218
199
145
123
159
119
241
245
207
200
269
222
241
199
279
209
250
236
259
202
261
271
284
203
248
268
173
204
162
235
222
266
195
302
284
201
249
205
289
241
331
264
303
297
227
224
256
286
285
283
228
226
267
257
269
208
208
275
297
260
201
243
265
211
300
174
246
175
278
260
221
185
207
243
236
218
261
168
176
230
223
187
218
239
215
207
152
158
245
298
193
167
175
189
175
296
270
282
235
260
259
255
227
294
273
269
242
245
198
247
264
210
220
179
215
195
218
161
252
267
222
303
260
260
223
269
209
177
249
240
188
303
277
248
193
194
196
284
222
252
239
252
182
181
236
213
192
182
177
238
252
281
143
142
179
211
167
155
117
255
318
219
280
254
213
268
204
215
259
222
272
301
281
209
284
259
183
270
203
261
200
231
293
203
234
192
252
330
220
207
182
188
212
244
239
200
214
225
199
223
180
241
230
267
207
249
259
227
191
132
196
220
225
196
187
114
224
183
207
182
229
112
117
123
106
121
198
201
166
188
275
242
228
275
293
297
193
103
120
171
209
211
215
98
87
153
192
159
206
77
109
94
81
88
94
97
88
88
231
219
174
225
242
227
85
138
155
135
114
105
112
75
75
65
75
53
70
129
119
122
95
107
123
109
89
119
125
106
112
121
102
92
83
47
85
85
60
60
83
78
101
115
103
90
127
81
79
61
76
76
122
89
83
114
134
103
141
101
113
105
204
138
184
166
213
233
209
116
172
193
175
194
186
117
124
181
170
158
184
159
169
174
209
202
243
287
269
245
197
232
158
206
193
168
211
208
159
248
200
194
204
166
186
194
150
174
123
140
145
172
234
234
208
229
206
186
155
148
123
127
139
147
156
121
113
166
152
134
106
121
111
141
166
148
89
107
144
131
189
166
123
206
159
229
146
144
158
176
225
202
190
79
93
109
133
129
138
126
134
148
130
135
146
118
106
96
171
141
134
251
196
261
223
178
196
103
184
175
202
200
192
131
210
226
232
279
91
134
169
143
98
145
173
164
163
107
163
198
250
194
239
247
183
167
163
225
153
222
202
178
161
221
147
187
164
161
220
157
224
228
208
215
264
231
285
215
291
216
218
232
220
175
212
138
259
220
195
190
210
160
222
241
186
205
188
244
146
196
155
211
247
235
264
192
290
223
242
232
231
189
152
217
229
289
306
179
147
210
253
316
177
184
215
263
213
176
227
232
215
248
225
245
202
267
293
297
272
243
268
234
191
287
294
248
231
224
183
277
227
258
228
180
269
194
162
180
234
187
212
280
196
173
216
122
170
212
212
205
193
130
189
172
181
170
160
152
128
127
136
125
162
159
163
143
287
295
252
282
215
228
180
170
202
229
203
155
151
96
123
206
215
137
157
200
166
126
125
120
160
140
121
124
274
258
204
208
180
195
231
147
174
161
134
146
131
175
159
188
158
169
169
123
130
104
125
113
113
100
121
111
205
194
211
216
266
268
209
177
262
253
282
257
300
225
177
204
199
223
201
161
175
161
197
170
315
288
289
297
291
295
289
305
311
288
297
260
268
237
253
295
263
259
303
224
249
297
266
265
278
283
267
295
231
252
282
280
309
259
287
313
342
294
249
198
182
194
219
234
177
254
236
212
249
250
204
225
193
209
248
185
246
222
248
236
249
256
288
286
255
266
314
256
266
276
256
215
237
293
265
248
256
232
227
267
237
219
202
208
261
248
213
243
280
240
328
235
314
251
273
190
229
245
290
309
250
225
271
272
328
286
255
281
263
221
211
234
300
259
242
264
302
263
282
314
277
302
202
232
257
239
220
268
245
211
220
176
179
218
199
315
258
304
243
239
264
296
276
261
313
303
296
280
272
346
165
191
214
219
228
186
215
219
237
120
162
126
143
221
151
201
137
164
173
251
191
201
220
225
241
224
212
257
233
266
216
144
144
109
135
246
324
224
225
181
230
216
145
158
112
151
210
210
178
203
281
230
223
244
251
246
214
169
127
216
164
209
174
156
79
211
165
152
118
138
146
283
227
217
109
116
134
159
158
155
151
219
199
201
110
169
159
211
211
255
213
143
137
114
102
99
109
121
190
140
148
185
147
126
146
144
195
212
263
233
205
221
180
214
134
171
121
125
111
241
165
211
150
216
145
180
248
152
194
143
152
108
148
98
179
222
162
169
164
189
230
88
75
173
170
143
99
111
94
167
190
171
114
97
100
110
129
108
91
87
122
107
242
173
155
186
145
150
158
98
128
107
140
116
115
183
218
227
218
154
179
227
233
190
183
208
263
250
212
262
264
202
213
228
231
234
240
187
192
206
211
216
244
189
218
238
229
197
254
246
172
247
218
213
200
247
204
242
240
206
231
227
231
266
181
237
258
141
185
147
202
173
208
140
163
101
155
189
131
174
170
220
161
173
132
192
213
164
179
202
251
231
157
57
136
153
178
207
180
75
159
145
166
185
188
80
112
37
108
51
109
152
157
162
122
247
138
181
247
193
256
223
218
238
184
190
194
198
210
201
143
166
171
198
210
192
137
163
203
144
195
155
197
204
195
148
177
171
191
227
240
221
142
189
159
244
236
180
143
187
163
264
220
191
243
212
243
150
201
176
178
239
206
217
195
232
141
145
161
100
149
135
105
205
203
95
137
118
80
188
114
178
162
80
162
166
150
108
172
167
119
214
131
101
232
186
185
136
154
154
134
179
192
114
180
204
150
253
93
128
164
171
87
119
159
162
124
106
82
206
140
193
207
222
222
166
149
151
156
175
201
186
167
203
190
206
146
140
137
148
126
130
161
144
152
175
164
205
221
241
178
148
153
131
121
123
111
214
243
192
192
184
146
239
250
205
190
146
239
243
231
143
223
185
118
220
147
122
229
274
265
203
179
157
190
188
207
195
203
172
150
279
180
168
143
171
189
175
164
155
206
183
187
210
190
163
183
90
116
130
131
101
119
112
174
157
183
117
145
140
85
93
81
75
126
152
116
105
171
125
129
150
180
89
110
156
104
175
154
184
147
140
114
169
173
157
145
181
172
143
125
118
119
119
155
96
170
171
161
173
265
159
141
158
150
227
217
229
235
201
119
129
98
130
108
175
181
128
178
144
182
141
197
178
238
267
269
236
259
243
97
90
97
93
99
92
115
199
265
163
197
194
197
231
183
171
196
170
203
180
222
181
138
253
228
194
187
244
97
150
212
217
229
236
236
152
104
118
90
135
99
164
193
150
196
148
236
220
189
199
203
209
186
198
230
253
234
151
170
225
152
211
242
196
229
243
170
236
202
227
179
156
210
126
182
188
165
167
142
277
202
131
204
169
227
239
189
239
224
231
170
241
223
278
224
241
193
245
254
291
287
213
228
235
231
240
256
297
232
295
247
233
278
311
245
235
196
234
250
312
276
262
237
238
269
270
258
226
239
268
256
242
264
278
221
246
267
234
278
293
230
99
163
203
224
175
154
119
187
203
217
175
167
182
105
112
169
121
164
197
262
247
245
161
159
211
204
195
159
132
108
136
184
121
104
108
95
155
149
104
52
92
110
184
186
139
74
96
74
86
161
118
74
182
123
135
181
138
128
132
117
122
125
149
105
155
158
145
179
161
209
129
111
149
197
144
140
117
190
155
175
275
227
189
196
184
133
217
245
176
206
336
266
174
200
249
250
270
160
193
230
238
131
133
185
213
207
188
246
220
206
248
245
199
202
211
198
173
163
191
191
191
203
170
166
191
143
152
152
140
194
214
190
170
251
221
244
258
245
230
196
223
140
242
237
272
299
177
127
162
120
234
173
136
234
194
219
244
114
118
165
132
201
217
279
197
258
275
239
142
204
184
159
169
164
173
241
176
172
179
166
171
113
116
119
119
137
155
157
161
271
254
258
261
255
233
107
133
93
118
129
91
130
121
107
115
114
114
117
97
149
133
111
150
113
116
113
120
251
182
248
220
287
190
157
197
163
203
171
207
171
186
187
178
172
146
162
156
231
229
183
233
196
172
168
179
325
325
318
304
373
308
202
140
116
145
162
156
213
131
123
125
133
153
156
94
88
92
95
113
122
122
120
127
314
287
204
307
228
216
132
182
146
265
264
275
230
183
113
144
133
128
118
157
192
166
174
153
128
120
144
132
265
245
236
332
277
274
261
256
218
161
157
176
186
269
191
159
138
153
177
199
126
116
125
161
128
122
127
162
202
214
253
247
251
261
290
266
242
258
207
205
211
258
315
258
213
215
231
273
250
243
248
227
225
198
216
219
230
303
238
256
325
243
180
220
181
311
324
250
258
208
179
195
182
167
181
173
216
237
228
198
184
191
193
189
297
253
269
306
258
252
248
154
219
289
244
231
214
127
203
237
201
179
183
130
154
131
122
123
237
257
273
270
307
271
267
278
286
313
193
203
102
196
221
226
253
133
82
131
145
141
156
134
198
248
228
216
99
124
114
106
203
294
202
218
223
260
224
246
210
195
195
191
189
164
303
246
273
282
191
147
148
156
155
152
245
253
247
160
199
202
184
241
177
141
204
204
214
159
207
210
203
294
224
235
229
225
233
252
248
233
218
286
195
219
204
237
223
220
232
264
258
240
160
150
197
211
227
246
216
124
166
140
155
187
211
189
152
184
157
143
206
248
225
211
253
210
195
276
230
268
111
152
68
96
101
106
121
184
114
121
116
88
132
135
179
160
132
176
141
119
94
129
268
222
206
202
204
219
189
99
133
210
206
231
205
115
173
245
169
162
176
122
112
81
86
103
191
156
133
116
235
212
198
249
233
256
236
242
215
189
214
223
233
237
216
223
234
219
222
327
223
249
254
245
185
211
207
209
270
262
205
321
243
268
306
286
273
187
228
229
249
259
223
198
227
260
251
259
177
205
213
220
168
210
198
231
228
225
190
269
220
236
249
208
235
172
221
232
222
291
275
131
204
233
268
233
140
225
252
258
143
207
250
233
225
213
171
315
273
300
178
133
112
212
172
237
214
147
128
198
171
208
207
268
187
202
175
227
183
159
136
180
207
234
234
210
253
247
157
157
133
146
161
130
159
228
251
151
168
156
150
259
210
206
233
169
181
185
206
165
245
232
178
226
181
164
176
188
223
201
197
158
213
104
123
116
139
90
130
225
226
220
160
202
236
204
188
255
251
243
295
174
234
237
173
120
170
235
228
179
251
131
169
171
153
151
142
156
118
108
106
101
197
178
139
138
249
178
180
175
189
160
134
129
109
130
126
134
104
185
127
174
193
125
85
145
211
205
172
120
197
224
247
223
274
195
167
219
179
231
248
213
214
218
213
186
205
254
217
226
258
238
249
220
218
252
226
235
181
254
206
222
201
187
188
276
310
243
166
195
259
276
172
195
240
109
156
166
198
137
154
204
191
143
172
160
265
172
187
215
189
238
246
173
185
191
142
135
120
154
158
179
116
180
170
154
207
143
164
164
171
208
197
169
128
174
135
153
159
214
179
156
157
187
278
282
313
275
239
231
224
304
249
267
232
255
252
263
317
266
277
269
254
241
221
247
297
303
276
259
282
285
216
297
256
279
239
268
254
248
210
196
246
239
260
276
265
242
268
266
270
218
227
231
259
263
270
301
342
300
262
171
219
225
235
247
239
234
277
199
262
280
223
198
197
192
209
186
178
242
254
214
225
238
255
306
259
256
274
237
248
215
251
264
238
251
264
214
239
265
230
219
177
199
216
197
206
235
222
216
291
239
249
273
303
289
213
254
231
238
243
224
223
205
193
173
166
160
186
291
237
223
218
259
222
215
204
261
253
284
248
273
239
234
267
338
277
277
269
303
287
272
279
268
222
220
280
278
279
265
298
270
290
234
245
294
274
292
304
306
234
274
318
204
235
237
260
229
263
221
252
244
268
244
260
184
178
190
189
182
200
225
249
236
271
215
268
268
282
244
212
239
182
232
204
212
239
244
265
180
232
217
215
261
187
232
196
204
166
212
184
205
250
239
252
273
284
303
270
81
70
228
136
104
178
79
23
220
127
101
184
180
82
82
88
84
41
38
39
13
111
94
181
160
99
118
51
119
107
103
129
208
147
24
111
138
121
42
139
83
99
105
112
115
135
152
126
155
218
106
206
124
259
128
132
203
120
234
201
237
218
103
40
130
144
142
139
109
183
196
179
171
109
102
105
105
224
265
243
224
240
253
104
93
63
101
89
93
117
235
75
132
127
168
130
83
153
121
157
105
40
45
69
86
144
166
83
152
79
106
168
206
122
157
126
29
64
169
175
206
180
117
72
111
151
133
62
36
173
127
91
92
188
112
90
194
126
107
148
156
150
109
116
89
134
122
121
130
99
78
147
183
98
158
82
124
107
129
102
146
103
83
162
86
132
79
167
137
175
75
137
131
147
197
235
72
160
146
209
186
82
119
144
215
86
188
145
207
96
90
93
153
182
204
168
92
177
79
123
163
139
84
135
72
145
184
142
74
26
88
90
118
53
95
135
107
89
78
58
155
134
150
152
150
163
237
167
149
142
271
262
150
208
159
258
246
139
215
164
250
178
253
200
247
190
142
153
215
258
224
204
183
150
123
106
116
128
245
180
169
147
143
180
128
172
149
128
211
83
81
74
92
181
208
209
185
168
178
229
220
255
90
173
206
179
197
214
97
160
151
180
224
82
135
193
170
83
152
191
165
125
82
99
158
171
157
192
195
180
115
122
89
106
198
140
124
137
90
96
194
122
131
87
91
104
122
77
86
169
120
138
120
130
131
194
227
215
159
122
110
128
202
269
173
195
130
185
196
148
115
126
117
168
187
112
186
158
124
141
135
283
135
238
286
204
258
239
193
224
283
291
219
273
217
215
247
241
289
242
197
196
249
209
215
270
215
214
265
228
185
223
243
230
204
177
227
154
206
222
204
204
180
168
237
183
172
211
152
225
195
225
177
183
250
214
199
171
178
192
206
184
147
184
198
197
252
231
186
215
196
230
265
197
219
209
239
208
218
186
193
251
153
186
207
221
246
126
132
170
109
134
112
178
137
140
93
131
116
113
152
129
215
215
148
104
180
168
165
137
137
165
258
164
148
140
89
136
84
137
106
100
153
172
163
212
184
183
96
149
123
127
112
99
166
138
152
139
180
157
151
187
191
197
258
64
150
156
161
182
229
79
165
170
129
188
80
145
155
141
212
80
87
77
43
211
183
114
197
127
106
120
106
132
139
135
95
153
101
132
184
154
173
178
136
139
122
90
133
171
142
116
158
255
179
268
161
257
176
151
113
92
157
40
105
87
89
92
130
75
128
78
5
103
1
49
7
96
150
91
141
79
110
109
93
183
76
90
67
101
112
116
112
86
158
98
156
152
137
136
83
121
126
106
108
99
103
128
114
215
204
176
190
171
209
103
85
84
216
179
209
219
106
103
89
114
96
93
92
74
88
81
83
84
106
86
86
177
159
190
164
169
183
146
80
82
112
85
64
76
109
95
122
107
91
91
154
113
88
186
110
122
108
131
205
90
102
142
100
108
114
256
257
87
217
196
188
162
265
103
209
225
202
179
103
189
193
206
147
76
84
78
67
258
268
244
289
262
278
180
243
135
142
113
155
130
232
112
120
93
125
114
122
143
118
154
137
149
117
143
136
251
249
234
237
241
294
92
115
128
110
96
94
94
77
117
171
152
134
132
134
87
64
48
65
147
126
128
159
292
256
233
302
242
251
166
171
125
98
89
72
90
149
131
101
95
69
94
113
83
79
31
81
105
97
83
95
267
211
241
270
278
230
125
195
152
105
164
140
155
164
147
146
165
154
160
143
160
147
144
138
86
130
120
132
134
121
138
225
223
224
177
216
193
255
222
188
203
252
116
194
162
145
160
139
195
169
194
212
157
197
180
163
280
194
220
203
198
287
176
200
149
180
136
149
135
166
90
162
162
162
148
141
158
141
135
127
104
77
92
91
188
248
218
230
239
261
186
176
226
177
212
206
190
279
177
131
161
164
161
187
131
149
143
124
172
160
155
151
210
165
187
257
188
201
227
172
162
202
153
165
156
208
197
289
179
211
177
348
195
260
311
193
200
230
300
172
207
235
177
297
166
201
162
294
230
232
169
158
114
170
150
111
109
85
53
192
179
148
129
90
197
187
172
133
221
234
147
228
166
225
196
132
147
99
115
90
92
90
211
112
159
119
133
133
129
115
110
114
144
195
151
157
177
233
241
179
221
245
261
123
170
70
82
49
47
120
193
78
83
62
57
194
173
157
148
136
114
133
111
98
152
200
180
156
161
253
198
158
180
170
164
208
88
216
325
137
150
139
90
226
113
134
127
84
128
141
129
84
219
242
84
194
85
88
112
124
132
171
98
116
117
221
178
128
96
129
136
244
187
118
163
160
223
137
184
190
145
166
163
168
162
302
218
75
107
81
71
75
86
76
118
90
83
85
95
120
88
78
79
146
161
142
131
167
274
252
150
329
131
125
185
164
130
200
135
199
165
214
166
176
174
165
156
215
135
150
135
125
103
109
99
101
187
244
220
172
203
233
210
239
206
219
247
271
232
232
159
162
194
173
183
230
209
233
228
249
255
272
270
236
337
311
227
317
265
282
189
164
254
188
214
137
154
219
214
160
191
185
195
184
164
178
177
192
177
223
139
164
239
170
181
176
200
249
307
238
258
175
168
186
184
248
278
149
149
155
164
252
134
134
150
152
128
126
134
134
308
282
284
301
309
328
164
245
169
228
266
264
248
228
226
134
197
190
207
176
190
232
220
216
166
202
201
188
228
239
198
308
306
321
102
176
138
161
165
217
156
169
126
135
166
117
197
195
195
232
205
250
145
179
163
157
196
191
182
197
203
171
295
283
249
218
256
240
222
290
250
240
264
269
246
216
227
261
267
209
189
203
201
272
294
292
219
283
216
226
359
255
216
211
241
236
245
269
226
220
249
252
261
292
213
217
257
270
220
224
226
249
271
214
248
249
276
336
229
213
164
165
177
167
200
257
176
133
188
153
179
194
143
198
162
185
116
146
121
138
153
204
215
257
267
266
1
3
3
1
4
2
2
4
4
7
0
1
0
1
3
1
1
2
2
4
1
2
4
1
10
3
4
0
2
2
2
3
3
1
1
1
2
1
1
0
3
1
0
1
1
0
1
3
6
3
2
2
2
4
1
1
1
1
1
1
1
1
4
4
0
1
3
1
4
1
4
5
0
1
1
10
1
3
7
1
1
1
1
1
0
3
5
2
4
0
0
1
1
2
14
2
0
1
0
3
3
1
2
1
1
2
2
2
1
3
1
1
1
5
2
1
2
2
4
1
1
1
2
1
2
1
1
2
4
2
1
1
3
2
12
1
1
2
2
2
2
2
8
5
3
1
1
5
2
3
6
2
1
2
0
3
1
0
0
2
0
1
1
1
1
1
1
1
1
1
0
1
1
6
5
1
2
6
2
0
0
0
1
0
1
2
5
5
0
2
1
2
0
1
3
1
3
3
2
4
1
9
1
4
1
0
0
4
3
3
2
0
1
1
0
0
1
2
2
0
1
0
0
1
2
2
1
1
1
2
1
4
1
8
4
1
0
1
1
0
3
1
3
1
1
4
7
1
1
4
2
1
1
0
1
3
3
1
1
0
1
1
1
1
1
1
1
1
0
1
2
1
2
4
2
1
1
3
2
1
2
3
1
0
3
2
1
1
2
2
1
2
3
2
2
2
1
8
1
15
1
4
1
1
4
0
3
1
5
2
8
4
5
3
1
2
2
1
1
2
5
3
20
7
10
5
4
1
3
1
8
3
1
2
4
2
1
2
4
3
3
2
2
1
2
8
11
8
2
2
1
1
2
0
3
2
1
1
3
1
6
2
2
3
3
1
2
7
5
5
7
1
3
6
3
23
0
2
1
2
1
3
1
1
3
1
5
2
1
3
1
3
4
2
1
1
2
3
6
2
1
1
2
0
5
2
4
5
1
2
4
1
2
3
1
1
3
1
1
1
2
2
2
2
2
33
1
1
1
2
2
1
4
3
2
5
1
2
2
1
5
18
1
0
1
3
3
0
1
4
1
4
2
3
2
1
3
4
1
4
4
2
1
1
1
5
4
2
1
5
13
4
23
2
1
2
5
26
4
1
2
2
5
3
3
5
8
3
0
1
1
1
11
3
8
2
2
1
1
2
7
12
1
1
1
2
2
23
2
20
3
2
2
1
3
3
18
7
9
3
1
2
1
1
2
2
2
1
1
4
1
8
1
5
1
4
2
9
2
1
3
4
0
4
2
2
3
5
4
3
2
4
3
3
5
2
3
3
1
20
7
2
0
6
2
3
1
4
3
6
1
3
33
11
0
1
4
0
1
1
2
5
3
1
1
1
3
6
15
6
3
1
1
1
1
3
3
1
3
1
2
2
1
1
1
0
0
3
2
1
1
2
2
1
3
1
2
3
1
1
4
3
3
2
1
7
3
1
3
4
1
1
2
1
3
1
2
2
1
2
1
1
1
3
1
1
1
2
2
3
0
0
1
2
3
0
3
1
0
3
1
4
1
3
12
3
0
1
2
0
0
1
2
1
0
4
1
1
1
0
4
4
8
3
2
1
2
2
7
4
1
0
2
3
1
1
2
2
3
2
1
2
0
1
5
3
5
0
2
1
2
2
3
1
1
4
1
0
1
1
5
3
4
4
5
3
0
4
5
3
1
3
8
1
1
0
5
15
2
2
6
3
3
1
4
2
0
1
1
1
5
2
4
4
5
2
2
5
1
2
1
0
0
1
6
2
2
1
1
1
0
2
2
5
1
1
1
2
1
1
1
1
1
1
2
3
3
3
4
3
2
1
2
1
2
1
1
1
3
1
2
5
3
2
8
3
2
0
5
2
8
3
1
1
2
1
1
2
2
2
1
2
5
1
2
1
2
4
2
1
1
0
2
1
2
2
1
1
3
2
2
5
2
4
4
0
3
2
4
2
1
2
1
2
5
2
2
1
2
1
4
0
2
2
1
1
1
4
1
3
1
4
3
2
2
2
7
3
3
2
2
1
1
2
1
7
2
3
3
9
2
1
2
2
2
4
3
4
2
3
2
1
0
1
1
3
3
8
7
3
2
1
1
3
8
2
4
10
0
1
1
6
0
0
2
5
1
1
2
2
2
5
60
5
2
4
2
1
1
1
1
3
3
6
0
4
4
2
7
3
3
1
2
2
10
14
4
4
4
1
1
0
2
9
1
1
7
1
1
1
1
3
2
3
1
2
0
2
1
9
1
1
1
2
1
1
3
2
3
1
1
3
1
3
1
1
1
5
1
3
1
1
1
2
4
1
0
3
3
2
15
7
11
2
2
1
1
2
4
2
4
2
3
8
2
1
3
10
2
3
4
3
2
1
1
1
5
1
3
2
2
3
4
4
5
3
6
8
3
3
1
10
4
2
1
4
1
1
3
7
19
2
0
3
0
1
1
1
18
5
0
1
2
4
7
1
10
1
1
3
2
2
2
0
5
4
7
7
0
3
1
6
5
2
1
3
0
5
14
8
10
0
1
3
0
7
8
6
1
1
1
2
1
3
3
3
1
0
1
9
9
1
6
4
3
2
2
3
3
3
2
5
5
2
1
3
1
1
3
1
2
2
2
2
2
2
2
2
1
1
15
5
3
6
6
1
2
2
2
5
0
1
6
10
3
3
2
1
0
11
4
2
0
3
3
4
1
1
1
4
3
6
2
8
1
3
1
2
2
7
7
1
3
3
1
1
1
6
5
0
0
1
2
4
1
5
5
3
1
3
1
2
6
7
14
6
1
3
1
4
2
4
4
1
2
1
0
6
1
7
1
1
1
2
3
3
1
3
1
1
0
4
2
0
3
5
1
0
0
2
4
1
1
1
1
1
0
2
5
1
2
9
0
0
0
1
0
2
2
2
1
1
2
5
5
1
4
1
1
1
1
2
5
3
2
2
1
4
4
3
1
2
6
9
0
0
1
2
3
2
5
11
0
1
1
7
2
9
2
10
2
1
0
7
37
6
1
2
6
2
5
3
3
2
2
1
2
5
1
1
1
3
1
4
3
1
3
5
6
2
1
0
3
2
2
9
4
2
1
3
1
4
0
2
1
2
4
1
1
2
1
3
15
1
2
2
2
2
2
1
6
4
1
4
2
3
2
1
2
0
2
2
5
6
13
14
3
3
1
4
3
7
1
8
9
1
1
3
2
3
2
0
1
1
1
1
1
2
4
3
9
1
3
6
2
3
20
5
2
0
4
0
6
5
13
8
7
3
2
2
5
3
4
5
1
1
1
5
1
4
11
5
11
1
3
3
2
2
2
3
1
2
3
1
1
24
2
2
9
14
3
8
12
3
4
1
6
4
3
0
1
5
4
1
2
5
0
2
2
3
2
4
1
2
1
1
3
1
0
1
2
2
2
1
1
3
2
2
7
7
1
5
11
2
2
0
0
6
1
2
4
12
5
4
1
1
1
3
23
0
2
1
2
4
2
4
10
1
1
3
1
4
0
0
8
2
3
2
1
1
2
1
8
2
1
0
3
4
7
13
7
1
3
3
4
5
9
10
3
1
1
1
2
2
6
9
3
3
3
3
4
6
1
1
2
2
2
1
1
7
2
2
12
0
1
2
1
1
2
3
1
1
2
1
5
2
5
19
7
7
18
9
3
2
8
1
8
1
3
1
1
2
2
2
1
4
1
1
1
4
3
4
3
3
4
1
3
1
7
1
3
1
2
2
2
0
2
2
2
1
12
12
11
3
2
4
3
2
1
3
5
1
0
4
6
2
2
17
2
1
3
5
4
5
5
6
1
2
8
1
3
3
2
4
4
1
3
4
1
1
1
2
0
2
2
1
3
3
2
11
2
4
4
1
6
14
10
3
1
5
2
2
0
3
6
2
3
2
3
2
3
3
1
2
1
1
5
3
1
6
2
4
0
1
5
4
2
3
1
5
1
1
2
3
4
1
1
1
4
4
2
3
1
4
9
1
1
6
1
6
4
1
2
1
0
1
6
4
3
8
4
3
0
1
10
8
6
6
1
1
1
3
2
2
2
3
5
2
1
2
1
2
2
3
5
2
1
1
4
6
1
2
1
1
0
2
4
3
4
5
1
1
3
4
1
3
2
2
0
1
1
2
1
3
3
3
2
1
1
1
1
3
3
2
1
4
2
2
2
1
4
5
1
2
2
1
5
5
1
2
1
8
2
1
1
1
9
4
1
3
1
1
5
3
2
9
2
1
1
2
1
4
2
3
2
0
1
5
1
1
1
1
4
6
3
1
1
5
3
10
2
5
1
3
2
2
0
4
7
6
2
3
1
2
1
4
3
11
2
0
2
2
1
3
14
7
2
1
1
2
1
1
1
3
2
1
1
0
3
6
5
6
1
0
1
1
3
11
5
1
1
1
2
2
0
7
5
1
1
1
1
4
3
7
19
1
1
1
4
1
3
3
4
4
2
3
2
0
4
7
5
1
2
0
5
2
2
6
6
3
1
3
2
4
1
6
4
2
2
3
0
1
1
1
3
4
2
2
1
3
11
3
2
1
2
4
1
2
4
4
3
2
4
4
2
0
0
7
5
32
3
5
3
13
7
3
16
20
2
0
14
7
1
1
8
3
1
3
3
2
1
1
5
5
2
1
1
3
2
0
9
1
4
1
1
2
3
3
2
2
1
6
2
3
1
6
10
11
4
1
2
1
1
2
4
4
1
2
15
1
2
1
29
2
4
3
3
1
0
1
13
1
4
5
2
0
2
1
6
1
2
0
2
1
4
2
6
1
2
3
3
2
2
1
2
1
3
3
1
1
13
2
8
1
3
2
2
1
0
2
3
1
4
2
1
3
1
1
0
1
4
2
4
0
1
3
12
1
7
1
1
1
1
2
4
1
7
10
4
3
29
12
7
4
2
2
2
1
4
1
3
2
3
4
5
1
1
2
4
6
3
4
4
1
0
2
2
0
2
1
2
1
0
1
5
3
5
5
3
3
1
3
8
3
0
5
4
4
4
4
4
9
3
3
3
2
1
30
2
2
5
2
1
1
1
6
0
0
2
5
1
1
1
1
1
1
1
1
1
1
1
3
2
4
4
1
2
6
4
4
6
6
14
1
5
3
6
7
5
5
5
2
1
3
1
11
1
3
5
3
2
1
4
1
1
3
3
3
2
0
1
5
1
1
0
3
1
1
0
9
5
8
6
3
4
2
3
6
4
2
7
1
3
2
2
3
4
1
3
2
1
1
2
6
2
2
6
1
12
2
2
0
3
3
9
1
2
1
1
1
2
2
3
1
2
4
1
1
2
9
9
1
1
3
19
4
3
2
1
1
2
5
2
1
3
9
1
1
5
4
1
3
3
2
1
1
1
1
5
6
3
6
2
0
3
0
1
2
2
4
1
0
3
4
5
2
4
1
2
1
2
2
5
4
1
3
2
3
3
1
3
0
2
2
2
0
1
2
7
9
5
9
0
1
3
2
3
1
3
5
2
1
2
1
16
16
3
14
27
28
2
4
3
5
2
2
4
1
0
1
4
6
0
1
3
3
1
1
1
4
1
2
4
3
3
1
3
1
5
2
1
6
5
18
14
5
5
3
4
1
2
3
3
13
4
2
7
4
3
1
22
3
4
5
7
1
8
10
5
4
1
6
5
1
1
4
12
0
4
1
5
1
1
0
4
2
3
2
2
2
4
4
7
6
4
2
5
2
4
13
2
5
1
2
1
0
21
5
8
3
5
4
5
1
9
2
5
2
2
6
1
1
5
7
12
1
4
2
3
1
0
0
4
1
1
1
4
23
4
2
16
21
5
2
8
3
1
3
2
2
2
5
1
7
1
4
5
3
0
3
5
3
2
1
2
3
1
2
2
3
3
2
7
2
1
2
3
5
2
2
7
3
1
0
8
8
5
2
6
4
4
2
5
1
3
3
4
5
1
9
4
2
3
2
1
2
1
5
14
3
3
1
5
2
3
3
5
1
0
2
2
2
4
6
6
2
2
6
3
5
10
11
5
2
2
3
1
1
10
3
6
1
3
2
4
3
3
3
3
2
2
1
2
1
7
3
17
3
3
1
3
1
1
2
5
4
2
2
3
3
7
21
23
2
4
3
3
1
2
2
2
5
5
13
9
1
5
3
6
4
8
6
3
1
3
6
1
5
4
2
6
1
4
3
3
4
2
4
4
2
2
2
2
2
3
2
11
1
5
4
4
2
5
13
1
4
1
7
3
7
8
6
2
3
3
3
2
1
4
3
1
2
2
4
2
3
10
5
1
1
1
4
1
7
12
8
4
10
10
3
1
6
4
4
1
5
3
1
1
8
8
2
3
2
2
4
7
1
3
4
2
2
3
2
2
13
4
5
3
3
1
3
2
7
4
5
4
3
1
2
15
4
10
1
1
2
2
5
5
2
3
1
0
2
2
0
9
4
2
1
1
1
3
4
7
1
1
1
2
3
1
1
1
2
2
1
3
2
2
3
2
2
2
1
7
2
4
1
5
1
1
1
2
3
4
4
7
5
2
2
3
2
6
1
2
3
1
1
3
2
2
2
1
2
3
1
0
2
2
1
1
1
1
1
6
2
2
2
5
3
2
2
4
1
6
7
2
4
4
4
4
3
0
2
1
4
2
1
1
7
5
5
2
2
1
1
0
5
1
3
3
2
1
1
2
2
2
1
2
4
22
21
3
1
4
4
3
8
10
3
2
1
1
2
4
8
8
2
1
1
1
1
2
4
3
1
4
3
1
3
2
2
2
3
2
8
1
1
8
3
5
3
2
3
8
3
4
4
14
3
2
2
2
2
0
11
13
1
7
4
2
1
1
3
5
1
1
1
4
1
3
2
5
1
2
0
1
5
1
4
4
2
1
2
2
3
3
7
7
2
3
2
3
1
3
18
18
1
3
5
4
1
10
8
4
1
1
2
2
2
2
5
0
3
1
3
2
1
4
6
3
2
2
2
7
1
2
1
1
19
2
7
1
5
1
2
9
12
3
3
2
3
0
1
6
3
0
4
1
0
3
3
12
2
1
3
2
2
0
3
3
2
2
3
6
2
1
16
3
4
1
2
2
7
1
2
9
2
1
4
4
1
3
1
23
1
3
10
2
1
0
5
14
1
1
3
1
1
2
2
8
2
0
3
1
2
2
5
5
2
3
5
7
2
1
3
7
5
1
14
1
2
3
6
7
3
3
3
3
0
3
5
4
2
1
2
2
3
0
1
5
2
3
3
4
1
1
1
8
1
3
1
2
1
2
2
6
4
8
2
3
2
1
4
4
3
4
2
1
1
4
4
2
1
1
3
2
1
2
2
3
2
1
3
0
2
2
1
5
3
3
6
3
4
1
7
8
2
1
3
2
2
5
3
1
2
3
4
1
2
2
29
5
1
2
5
1
3
1
9
1
1
5
3
0
1
2
2
1
1
3
8
3
1
1
3
1
2
3
2
1
5
5
3
1
7
3
2
1
5
6
3
1
1
4
3
2
5
2
7
2
6
3
5
4
3
3
1
1
2
3
11
1
2
3
4
2
2
2
1
1
3
3
2
2
8
5
1
1
1
0
2
5
6
4
1
1
1
2
3
2
6
16
1
0
2
0
2
3
9
4
2
1
1
0
1
2
5
12
0
1
3
1
6
4
8
5
0
0
1
11
2
4
1
0
1
1
2
3
1
1
16
0
0
1
3
1
9
3
6
1
0
0
1
3
5
4
7
0
2
1
1
4
2
4
20
0
1
0
1
3
1
7
1
0
0
1
1
2
6
2
5
2
1
1
1
3
3
6
6
0
0
1
2
1
6
9
11
0
1
1
11
5
10
2
7
1
1
0
1
9
4
1
5
5
1
1
5
7
4
2
1
3
1
1
4
8
7
1
2
2
3
3
3
10
2
5
7
0
6
0
6
3
2
2
1
3
0
1
3
5
4
1
1
1
3
1
6
8
3
1
1
1
4
1
2
5
4
2
2
3
2
2
2
4
1
2
1
2
2
2
2
2
1
2
2
1
2
1
4
5
3
5
4
3
2
0
3
2
1
4
1
1
1
0
5
4
3
1
3
3
2
1
5
11
1
2
7
0
2
2
3
4
2
3
1
1
2
3
5
6
1
2
1
1
29
2
2
2
1
2
6
8
6
1
2
0
3
1
5
8
37
2
3
1
1
6
10
17
10
0
2
1
1
2
1
4
2
3
3
4
1
8
2
3
8
2
4
3
7
2
3
7
5
1
0
2
2
1
6
4
1
2
1
2
1
1
2
5
3
2
1
2
2
2
3
2
1
3
1
2
1
5
3
2
1
1
3
1
2
7
3
19
1
3
1
0
2
5
1
1
0
1
4
0
0
3
16
1
1
1
2
3
1
9
2
7
2
2
2
3
3
24
8
3
2
3
1
5
2
20
2
2
5
20
5
15
2
1
4
4
2
7
22
18
1
2
3
1
0
4
3
11
1
2
1
1
1
1
5
3
1
1
2
1
6
3
3
10
1
2
4
7
3
12
7
5
1
2
2
3
1
14
24
1
5
4
2
1
4
5
4
1
0
1
3
1
19
7
4
2
1
2
4
2
5
4
3
3
1
4
4
5
4
4
9
2
14
1
2
3
7
16
2
3
5
3
3
2
2
17
8
3
0
3
2
1
9
4
7
2
1
4
4
3
15
16
6
6
6
3
2
5
2
9
0
1
2
1
6
7
3
5
1
1
1
2
11
11
5
1
0
1
0
1
9
3
1
4
0
1
1
3
27
9
10
4
2
3
0
1
11
10
5
2
2
2
2
6
7
8
4
2
12
1
1
7
5
1
3
1
1
1
2
4
10
3
13
1
4
1
1
6
8
1
1
1
2
1
3
6
11
3
4
1
8
2
0
12
4
2
3
6
2
4
0
14
6
21
3
0
1
0
1
4
9
5
6
10
4
1
1
4
10
2
3
1
1
1
5
5
2
4
6
5
1
15
5
5
2
1
6
7
4
1
4
5
15
2
11
2
1
1
1
2
3
1
2
4
7
1
6
0
3
2
32
3
2
2
0
2
2
6
11
8
3
7
3
5
2
4
4
4
2
4
3
3
2
0
6
1
5
2
0
1
2
7
2
5
2
3
7
1
6
2
1
3
3
1
2
4
1
5
7
14
1
2
5
1
23
7
6
5
1
8
0
7
1
11
2
7
1
2
2
1
1
5
3
2
1
2
2
5
1
2
2
12
4
13
2
19
1
2
4
5
11
1
5
1
4
7
7
34
20
1
2
1
6
1
2
2
7
3
4
5
5
1
5
10
9
2
1
1
2
2
2
2
15
2
1
1
7
1
3
6
5
3
2
4
1
4
5
6
1
1
2
2
15
3
8
5
2
2
1
3
5
3
23
11
3
0
1
5
3
10
6
4
5
1
1
3
7
7
2
6
4
1
1
4
4
2
3
7
2
1
1
0
1
1
1
10
2
1
2
3
7
13
19
3
3
2
1
4
2
3
4
6
3
6
1
2
12
12
18
9
1
2
2
1
3
4
8
5
1
1
0
4
0
5
9
10
2
2
2
2
3
3
2
20
1
2
1
0
1
7
3
5
1
3
1
1
4
13
3
2
4
2
2
4
5
20
7
1
1
3
3
2
6
20
8
1
2
2
1
2
4
9
5
0
2
3
3
2
1
4
14
1
1
2
1
4
4
10
6
1
2
1
5
2
3
18
7
3
5
21
2
3
4
1
8
1
4
2
3
1
8
9
2
2
2
9
7
1
5
8
12
2
0
2
2
2
3
3
5
19
3
6
2
0
1
1
2
10
1
5
3
8
1
1
1
6
2
4
1
0
1
0
0
2
3
4
1
1
1
1
10
2
1
5
1
0
2
23
5
1
2
1
0
6
2
1
2
1
1
1
0
1
2
7
4
2
1
4
0
1
1
9
2
4
1
1
6
0
1
2
4
2
2
1
2
1
2
6
2
4
7
1
1
2
1
2
5
5
2
1
4
4
2
3
5
5
2
0
0
2
1
4
3
2
2
2
2
0
6
7
17
5
0
2
1
1
2
16
20
2
15
1
3
1
21
6
6
1
3
2
1
1
4
13
3
2
0
1
3
1
8
5
6
2
0
3
5
4
6
2
5
2
3
2
3
7
4
6
2
1
1
1
3
3
6
11
1
1
3
1
3
3
5
4
1
5
7
3
4
6
3
5
1
4
1
1
3
6
3
3
1
2
1
2
5
3
6
3
2
7
7
2
3
5
9
4
1
2
2
1
4
6
3
2
2
2
1
1
6
17
5
6
1
4
1
3
3
10
2
6
0
11
0
0
41
1
3
1
4
3
20
14
17
2
1
2
1
0
1
1
5
2
1
0
3
0
2
3
5
2
2
6
2
1
1
1
8
10
1
3
3
4
5
3
1
2
1
2
1
1
5
6
1
2
1
2
2
3
3
5
2
2
3
1
3
4
6
15
2
0
4
2
3
2
4
6
1
2
1
1
2
4
13
3
3
4
2
0
2
5
4
1
1
4
3
2
9
4
3
2
1
2
0
1
1
16
3
2
1
4
0
3
0
16
5
2
1
0
1
3
1
8
7
7
3
20
19
13
1
12
1
1
1
7
1
10
1
3
2
3
0
1
25
5
2
10
7
3
2
1
12
15
2
2
4
10
3
8
19
3
0
1
2
4
3
9
7
4
0
4
0
3
0
3
4
1
2
5
1
1
5
3
4
1
1
8
1
4
9
5
12
2
2
3
1
1
3
3
3
1
3
1
0
5
6
8
7
1
2
2
5
4
3
6
3
2
1
1
1
3
5
4
7
1
1
3
2
2
15
17
4
4
2
2
6
13
3
7
2
1
1
2
5
1
2
3
6
1
1
1
6
7
1
5
1
0
1
0
14
6
1
1
1
7
1
0
6
1
4
1
0
0
2
5
4
5
2
0
0
1
1
5
6
2
3
2
5
1
0
1
3
1
1
0
0
0
0
7
6
9
1
1
2
0
1
4
11
5
3
0
1
2
1
3
3
2
1
0
3
1
1
1
2
7
3
3
5
1
3
11
11
9
1
1
2
1
2
5
3
2
1
5
2
1
3
3
2
9
1
12
15
0
2
1
0
1
4
3
6
3
2
3
1
1
5
2
1
2
0
1
1
1
4
10
3
1
3
0
4
14
8
8
1
3
2
4
7
4
3
10
0
1
2
2
1
4
4
2
3
2
1
3
2
4
2
11
2
1
1
0
1
4
1
3
3
2
3
1
2
1
7
3
0
1
3
1
6
1
7
2
1
4
1
1
2
1
3
1
2
9
1
3
4
16
5
6
2
0
1
3
0
3
7
13
1
1
2
1
0
2
5
2
19
1
1
1
3
1
3
3
4
5
1
2
4
1
2
6
10
2
3
0
1
1
0
3
7
11
5
0
3
3
5
6
2
1
1
4
1
5
4
12
3
1
2
2
2
3
7
6
1
1
1
0
4
2
3
14
2
1
2
2
0
1
8
8
3
2
2
10
3
3
3
4
0
5
2
1
2
1
2
15
2
5
5
4
2
0
0
6
2
3
2
5
12
7
6
2
3
3
3
6
3
2
1
1
4
3
1
1
10
5
6
3
3
1
2
4
6
4
21
5
4
4
1
4
4
4
3
8
3
0
1
3
1
2
3
8
2
14
3
9
2
14
12
3
4
1
5
3
5
4
1
3
0
1
5
2
4
10
7
5
6
2
4
1
4
3
3
1
2
1
1
3
2
5
9
4
4
2
4
5
4
9
7
1
4
3
4
6
8
7
6
2
2
2
3
5
5
0
9
5
19
1
3
7
3
4
3
8
3
2
2
3
7
3
5
7
2
1
1
2
9
6
2
1
3
3
2
0
1
0
3
2
4
3
3
1
1
1
1
0
1
2
2
1
3
1
3
2
3
3
1
1
1
6
2
2
1
1
2
1
1
9
0
1
3
1
0
1
2
11
5
3
2
1
1
0
3
16
3
1
2
2
1
1
0
1
2
2
1
0
1
0
2
9
2
2
1
1
1
1
0
10
3
3
1
1
1
1
4
0
1
5
3
1
2
1
1
2
5
7
8
1
4
1
1
6
1
1
4
4
1
1
1
3
25
0
11
1
3
2
3
3
1
8
2
0
2
3
4
2
11
1
1
5
0
4
0
2
2
0
3
6
7
6
3
4
0
1
1
1
8
4
2
2
1
1
0
0
1
1
1
4
3
2
3
1
5
14
21
8
1
1
2
1
2
11
3
2
2
2
1
3
7
6
3
2
1
2
1
0
7
9
17
2
1
1
5
1
4
14
3
3
1
4
6
0
6
8
5
3
0
1
3
2
5
6
1
2
1
3
0
0
6
1
3
1
1
0
4
2
6
1
0
1
1
2
1
2
3
1
2
4
2
8
0
6
13
3
1
2
4
3
6
5
1
1
1
2
2
1
9
2
1
1
0
1
1
2
5
12
1
1
0
1
2
8
2
4
2
0
1
3
7
5
10
3
2
9
5
5
3
5
4
3
0
2
1
2
2
4
2
1
1
1
2
2
5
2
25
3
1
1
2
1
1
5
2
9
0
1
1
2
1
6
19
10
1
1
1
3
0
6
1
1
1
3
2
3
2
3
0
1
1
3
6
10
7
5
4
3
5
1
8
10
2
1
2
5
5
5
5
2
3
1
2
4
4
3
7
1
4
1
2
5
5
6
4
0
2
1
8
2
3
5
3
1
4
2
1
2
19
4
4
4
3
6
1
2
4
4
10
3
6
2
0
1
30
5
9
0
3
2
2
5
1
9
1
2
1
0
2
5
4
3
5
2
1
3
2
2
23
16
7
3
1
3
0
7
2
1
0
2
2
3
3
0
2
1
1
1
1
1
3
4
1
1
2
2
0
1
3
2
1
0
5
4
0
17
3
2
1
4
1
1
0
12
5
1
1
2
2
2
1
21
4
1
2
0
5
3
0
16
1
2
1
2
2
4
0
1
5
3
3
0
4
2
0
12
5
3
1
1
5
2
2
3
5
3
2
2
3
0
1
5
2
1
2
1
1
4
2
13
7
1
0
2
4
2
0
7
3
3
2
2
2
5
2
2
0
0
2
2
4
2
1
1
1
5
1
10
7
1
0
1
1
13
4
5
5
10
6
4
3
4
3
4
2
1
1
2
1
1
3
4
2
1
5
2
2
3
1
6
1
1
2
0
4
3
5
3
0
7
2
1
4
4
3
2
5
4
4
1
1
10
4
2
0
3
4
2
0
5
0
11
3
4
4
1
1
9
2
6
3
2
1
4
1
12
0
3
5
7
2
1
2
2
3
2
10
1
1
2
4
2
3
6
3
2
8
1
1
4
3
16
15
1
1
0
5
6
4
3
1
5
3
2
9
4
9
14
3
6
1
3
3
2
7
7
2
2
4
2
16
4
7
6
1
1
1
3
22
17
3
21
1
2
2
5
9
6
24
9
3
1
2
1
14
2
7
5
2
2
3
2
1
26
4
3
1
1
2
4
4
2
4
4
2
1
4
4
1
4
1
5
2
0
2
2
4
5
1
5
2
0
2
1
2
3
1
6
2
1
3
1
3
1
0
3
2
1
3
3
1
6
6
2
1
2
3
5
2
7
3
4
1
2
1
2
5
2
8
0
1
2
1
2
3
3
3
1
2
0
2
2
1
6
30
2
3
2
1
2
1
10
8
2
1
2
1
5
1
6
4
0
2
2
2
1
4
2
2
1
3
2
0
4
6
13
3
1
1
2
2
2
2
3
1
2
1
1
0
3
5
4
1
2
6
1
1
1
1
2
1
1
1
1
0
1
1
1
4
3
2
3
2
2
4
2
2
6
1
1
4
1
1
2
2
0
4
2
0
4
2
6
6
0
2
2
0
3
2
5
2
2
3
1
3
3
1
3
1
2
2
3
1
3
1
2
2
1
1
1
1
1
1
7
1
2
3
1
1
1
4
2
6
2
3
2
0
1
1
1
5
2
3
2
1
2
1
5
4
2
1
4
3
2
1
22
14
8
1
0
2
3
3
2
2
5
3
2
1
19
1
4
2
1
1
1
11
10
10
2
1
2
1
3
5
1
8
1
1
1
2
3
3
4
3
5
3
7
1
3
14
5
5
3
1
3
1
2
1
3
4
2
1
2
3
2
9
6
1
2
1
13
1
3
1
3
2
2
0
2
3
5
6
4
2
2
1
1
3
0
6
4
1
1
1
1
0
1
11
6
2
2
1
1
3
2
32
3
2
2
1
1
2
2
2
5
1
2
3
4
2
3
9
1
1
0
12
3
5
3
1
2
1
2
4
1
2
2
1
1
1
2
1
9
1
4
1
2
1
1
4
6
6
0
2
2
1
1
1
2
2
1
2
2
1
1
3
3
2
3
1
2
3
2
5
4
2
2
1
2
2
1
4
3
4
2
1
4
2
2
1
5
2
1
2
1
2
0
3
6
6
2
2
2
3
5
1
1
3
5
5
1
3
14
3
0
1
2
13
3
1
3
1
2
1
4
3
7
3
2
2
1
1
8
1
2
6
1
2
2
0
4
7
1
3
1
2
1
2
3
1
1
5
1
2
1
2
3
1
1
1
0
0
1
3
2
3
4
2
1
3
2
1
3
2
6
3
2
2
2
3
1
1
8
7
1
1
2
0
1
3
0
5
1
2
0
2
3
6
8
2
6
4
0
2
4
7
2
1
0
2
1
5
2
0
1
1
2
1
2
4
3
2
2
5
1
1
2
7
1
6
2
1
0
1
5
2
4
1
1
2
2
0
2
2
1
2
1
2
1
1
7
2
6
1
5
5
1
1
2
1
4
4
9
0
1
0
3
0
3
2
2
1
1
1
12
8
8
5
3
3
1
1
5
15
5
0
3
0
2
5
3
6
5
1
6
0
2
0
4
2
4
2
10
4
1
2
2
1
2
1
3
4
1
3
1
2
10
3
2
0
3
1
1
3
5
2
2
0
6
1
1
1
6
4
2
3
2
1
5
3
2
6
7
1
3
2
2
6
6
3
3
1
3
2
2
2
3
5
2
1
2
5
1
3
2
5
5
0
3
1
1
2
2
3
1
1
2
3
2
6
9
12
3
1
2
1
3
1
4
4
2
1
1
3
4
2
3
3
2
12
1
2
1
2
1
2
2
1
4
2
1
0
5
6
5
1
1
3
2
3
5
9
3
1
2
1
1
2
2
8
4
6
2
2
1
4
1
2
3
1
2
3
0
3
2
2
5
2
4
3
1
4
4
1
3
1
1
3
1
6
0
2
3
1
4
4
1
1
4
1
9
1
0
1
1
3
4
19
9
1
2
2
2
2
4
3
3
0
3
1
1
2
2
2
2
1
1
2
3
2
3
4
4
1
1
2
1
6
7
3
1
3
1
2
8
9
9
1
3
1
2
5
1
24
6
4
1
2
5
2
2
2
4
10
1
1
2
1
4
2
3
19
2
3
4
1
3
14
7
9
2
1
7
1
2
1
9
2
4
1
5
2
3
2
5
2
1
4
2
8
6
8
11
2
2
1
3
3
2
10
20
6
2
1
2
1
1
8
4
10
6
6
2
2
4
0
3
4
0
6
13
0
0
1
3
2
2
3
3
3
2
1
2
10
17
21
3
4
1
1
2
8
1
2
2
8
1
2
4
2
3
8
1
1
2
0
1
6
9
9
2
1
0
1
3
11
4
3
8
2
24
1
0
2
6
6
2
4
1
4
6
1
4
6
1
1
2
0
7
3
5
4
1
1
1
0
1
1
1
10
4
5
4
1
9
2
2
1
8
2
1
2
2
1
2
0
0
2
3
1
7
2
4
1
7
4
38
25
7
1
1
2
3
2
2
7
4
3
1
3
8
4
5
3
4
2
1
2
1
3
12
4
2
2
7
1
0
13
27
25
3
4
14
3
5
0
17
7
7
0
2
2
3
16
4
0
2
0
2
4
6
1
6
3
2
1
2
0
1
2
1
5
3
2
1
3
8
4
3
5
17
4
1
0
4
6
2
4
2
4
3
2
15
2
3
3
5
5
14
16
12
2
5
1
2
2
5
6
25
2
3
2
2
2
5
2
3
0
3
3
7
2
24
7
4
2
3
5
2
5
12
31
2
1
5
7
1
1
14
8
11
1
4
4
1
13
8
5
1
1
1
1
2
1
11
2
4
1
3
0
1
1
3
7
2
2
1
2
5
2
4
5
2
2
0
14
6
0
2
3
4
2
7
6
1
2
1
2
9
18
27
30
0
1
3
1
2
2
6
19
1
1
4
6
0
2
4
2
1
0
2
2
4
4
6
5
1
1
3
1
14
19
3
4
5
5
6
1
2
13
9
12
1
3
3
24
19
2
6
6
1
2
3
1
2
5
1
4
1
3
3
5
4
6
2
10
1
1
2
2
4
10
4
4
2
2
2
5
2
2
2
2
3
3
2
5
1
3
3
6
2
1
5
2
1
2
1
1
2
2
2
21
1
6
1
6
1
3
7
22
1
3
3
1
1
1
3
8
3
3
2
3
9
1
5
12
1
5
7
7
5
1
2
9
1
4
0
1
0
1
6
4
4
4
2
5
1
1
1
4
1
3
1
2
2
1
3
2
2
3
10
6
3
0
8
1
1
2
4
1
2
2
5
12
1
2
1
1
16
2
2
3
2
3
5
2
0
6
3
2
6
7
18
5
1
10
2
9
1
3
4
2
4
1
2
2
2
16
19
2
2
4
1
9
17
16
8
0
7
3
2
0
3
4
4
4
0
1
1
0
2
2
1
1
9
2
2
2
1
2
1
2
1
1
3
2
3
3
3
8
1
2
1
2
4
6
0
7
1
6
13
1
6
6
3
3
4
12
7
2
1
4
5
2
2
3
3
3
3
2
5
3
4
3
10
3
7
2
12
3
4
3
1
5
9
6
5
2
2
1
4
5
2
5
5
2
4
5
2
1
4
5
6
3
1
3
10
2
4
3
4
1
2
4
4
2
5
2
27
1
1
1
1
1
3
1
6
2
2
0
4
2
7
3
1
2
1
2
18
1
9
6
2
14
1
4
2
3
3
18
4
1
1
4
2
5
3
12
1
2
1
1
4
6
6
5
3
2
1
1
2
7
15
3
2
5
2
0
17
14
13
9
2
3
4
2
4
7
2
19
1
3
2
2
1
3
3
2
1
4
1
3
1
3
3
3
2
1
1
5
2
1
1
4
5
5
1
1
1
2
1
2
6
5
0
2
1
7
2
2
4
12
1
1
2
1
3
5
3
2
1
2
1
3
1
9
12
3
3
2
1
1
1
5
3
3
2
0
0
1
2
6
1
4
1
4
1
1
2
10
1
2
1
1
0
2
0
8
4
1
2
1
2
2
4
9
5
6
2
2
1
4
2
7
3
2
1
1
0
1
0
1
7
1
2
0
1
0
2
15
5
3
1
1
2
1
2
3
4
8
3
2
1
4
3
3
4
1
2
1
1
0
1
8
2
3
4
3
2
0
3
1
2
2
6
0
3
1
1
8
1
1
2
1
1
1
2
1
2
2
6
0
2
1
1
1
15
7
8
1
4
4
1
2
1
6
1
1
2
1
1
5
5
2
1
9
2
2
2
5
1
9
5
1
1
2
4
7
2
20
8
0
1
1
1
5
2
20
6
1
3
1
2
3
3
3
4
2
0
3
2
2
16
8
11
1
1
4
1
21
9
11
8
0
3
1
0
1
15
2
4
1
1
4
1
20
2
5
1
3
1
1
1
2
10
3
4
1
0
2
2
1
2
5
13
1
1
2
3
2
2
8
2
1
20
5
4
2
1
3
5
2
21
5
1
1
2
1
1
6
7
3
2
1
3
2
1
4
9
12
1
2
1
0
3
14
7
6
5
1
3
2
2
5
4
3
3
4
1
0
2
6
10
3
0
1
3
1
3
6
6
3
2
4
3
4
2
4
5
9
1
1
3
1
3
11
9
4
1
0
2
2
12
4
2
1
2
6
3
4
7
3
0
0
1
1
3
7
2
3
1
3
1
0
5
1
1
6
0
0
2
1
5
4
6
4
1
5
2
2
2
2
5
8
1
1
2
1
7
3
5
4
1
6
2
0
4
1
2
3
1
2
1
1
3
10
2
3
1
2
0
2
2
15
7
4
0
1
1
1
2
2
1
5
15
1
1
1
4
2
3
16
3
1
3
3
2
2
4
15
6
2
0
3
1
3
4
6
5
0
2
3
0
2
5
6
4
0
4
1
6
1
2
9
11
1
3
4
3
6
3
9
2
2
2
1
1
4
3
6
5
3
4
3
1
1
2
1
6
5
1
8
2
1
2
1
2
1
3
0
1
1
2
7
2
3
2
1
2
1
5
5
4
2
2
1
2
1
4
2
1
2
3
6
0
2
4
2
4
4
2
2
1
1
2
5
9
2
3
2
1
3
6
20
3
3
1
3
2
2
3
8
2
3
2
3
1
1
2
1
4
1
1
1
0
2
4
4
1
3
3
4
6
0
7
14
4
4
3
0
1
1
6
2
2
5
1
4
0
2
2
3
5
0
0
4
3
0
1
1
6
2
2
9
1
1
1
1
19
1
10
7
1
1
2
1
6
7
7
1
2
2
3
8
3
2
3
1
1
0
4
2
6
2
2
2
1
2
2
1
3
4
4
8
1
2
2
1
3
2
2
7
3
2
1
3
3
3
7
7
2
1
1
2
10
3
1
3
2
1
3
1
3
2
1
2
2
1
8
1
2
2
2
3
2
1
3
7
7
6
2
3
2
1
2
2
1
5
1
2
1
2
4
2
5
1
1
1
2
2
5
5
4
3
2
2
3
1
3
3
7
1
0
2
2
3
5
2
1
5
1
18
1
1
4
16
13
1
3
4
5
1
3
1
2
2
1
0
1
5
2
1
1
0
1
2
3
1
2
1
2
1
2
10
4
6
8
2
1
0
1
1
1
7
1
2
3
1
1
2
2
4
0
1
3
2
2
0
4
5
1
2
3
2
3
6
1
4
5
1
1
2
1
2
5
1
5
1
1
1
2
14
16
2
2
2
1
1
3
1
1
2
4
18
4
27
14
0
2
7
4
4
1
6
5
2
2
1
3
5
2
6
3
1
2
2
2
3
6
4
3
2
4
2
1
10
24
22
2
1
4
4
1
3
18
15
4
1
2
7
7
16
7
3
1
1
1
1
1
4
8
1
7
2
1
2
3
1
6
4
6
6
3
1
4
4
1
2
1
0
3
3
3
9
2
1
2
1
1
1
12
4
3
16
1
4
1
0
13
8
5
7
1
2
3
3
10
4
3
1
1
5
2
1
18
10
2
0
2
4
2
2
20
4
2
8
2
1
1
2
5
5
2
10
1
1
4
1
1
1
1
3
1
1
2
1
3
0
2
5
3
2
2
2
1
4
5
1
7
2
2
4
1
3
3
1
9
4
3
1
1
1
2
2
8
1
1
2
1
2
0
3
9
2
1
3
2
2
8
1
3
5
2
1
3
1
5
0
10
5
1
3
3
3
4
20
4
4
3
1
2
9
4
6
10
4
4
3
2
4
4
5
11
3
3
0
1
1
2
1
3
20
1
2
2
2
1
4
2
25
6
3
1
1
0
1
1
13
6
1
2
0
2
3
2
7
5
4
2
2
3
5
1
6
5
1
1
1
2
2
2
7
8
2
3
1
1
6
24
3
2
2
1
1
3
2
6
15
5
1
1
3
3
1
21
5
2
7
1
4
3
4
1
3
13
1
1
1
1
1
1
1
29
2
3
1
1
3
3
3
12
6
1
7
4
2
0
10
9
1
4
7
3
4
6
22
10
1
5
3
9
1
9
1
3
3
1
5
6
1
2
2
1
0
3
2
7
0
1
1
18
1
4
2
2
1
1
2
22
9
2
7
1
0
3
3
31
3
7
3
5
4
1
1
6
8
1
6
1
2
1
1
4
18
3
11
2
1
6
4
11
8
3
2
2
2
5
2
7
25
9
6
5
5
6
2
27
4
3
1
4
1
0
1
8
6
1
5
7
0
2
1
7
6
1
16
2
0
2
1
18
6
6
1
1
4
11
3
8
10
4
2
2
1
3
1
2
6
1
2
1
1
1
5
10
12
2
13
1
2
10
25
27
1
1
2
9
2
4
8
6
7
1
7
1
6
6
2
1
1
0
0
2
1
3
4
4
6
2
1
1
1
6
1
1
12
3
1
1
2
16
1
1
4
2
2
3
41
35
2
4
1
4
3
7
6
3
3
5
2
2
4
7
13
6
2
3
3
1
9
23
44
9
2
54
5
1
1
33
7
30
2
2
5
5
19
3
1
2
1
2
4
2
1
10
10
2
3
2
1
2
2
2
5
3
2
2
2
1
0
1
1
3
5
1
8
10
2
5
2
1
4
2
3
5
0
1
1
4
2
20
3
7
1
1
4
1
21
8
18
5
1
10
1
1
1
20
4
6
2
4
3
3
10
8
3
3
1
3
2
3
2
6
1
6
2
1
1
3
1
13
6
11
2
1
1
10
5
4
1
3
2
3
1
4
5
5
7
3
1
1
3
9
3
10
2
1
2
0
9
5
7
8
2
1
4
1
2
2
1
1
1
0
1
0
1
2
8
5
8
5
2
1
1
5
3
2
2
2
0
2
2
2
5
2
1
2
1
1
1
2
3
2
3
8
16
1
0
1
3
1
4
14
5
0
1
1
1
2
12
18
12
1
1
1
5
2
5
2
3
1
1
1
2
6
4
2
5
1
2
2
5
1
3
4
7
1
2
1
3
3
11
5
4
1
3
1
4
3
7
2
4
1
2
3
1
1
5
5
5
7
1
1
2
2
2
4
9
7
4
1
1
3
1
3
23
3
5
4
0
2
2
1
8
3
1
2
2
1
3
3
6
2
2
0
1
10
0
1
3
7
2
1
1
1
3
6
4
12
3
2
3
4
2
2
18
5
4
8
4
2
3
7
17
5
1
2
3
4
3
6
9
9
3
1
2
1
3
10
9
6
3
2
2
1
1
2
3
8
1
9
6
2
4
23
4
29
2
4
2
3
2
4
6
7
0
1
2
1
2
4
2
3
1
4
1
2
1
3
1
6
2
4
1
6
1
2
17
7
9
4
6
1
2
1
3
3
16
3
1
3
12
1
1
7
10
7
5
1
1
1
4
6
4
3
1
2
1
2
1
4
37
1
6
2
3
1
2
9
5
1
1
4
1
2
1
11
10
6
3
3
2
2
0
2
1
3
1
1
1
1
1
3
2
4
5
4
3
9
11
1
1
1
2
1
1
0
3
1
1
0
1
1
1
5
2
2
3
1
2
10
2
5
4
1
2
0
2
3
3
6
2
2
1
0
1
3
1
4
12
1
1
1
3
0
0
11
2
9
5
3
1
3
0
25
1
4
1
5
15
6
2
4
0
3
1
2
10
8
6
1
4
9
3
1
9
9
14
16
1
2
8
4
1
6
8
4
2
9
3
2
14
5
1
0
1
1
4
2
7
3
1
5
2
0
1
5
8
2
4
11
2
4
1
4
2
4
2
2
3
7
2
6
2
0
2
4
2
8
7
16
3
10
1
2
7
14
16
6
39
4
3
4
1
22
9
5
7
5
5
0
6
3
5
2
3
1
2
2
2
9
6
4
2
1
1
1
3
3
7
13
3
1
1
2
8
2
3
0
1
1
0
7
2
3
1
2
1
3
3
6
0
2
1
1
11
2
2
10
1
3
0
0
2
1
1
13
4
4
3
2
1
2
4
7
5
1
4
1
4
2
4
3
0
1
1
2
1
1
1
3
6
3
2
3
6
1
5
2
1
6
17
9
11
1
3
0
2
7
5
5
2
3
1
0
1
6
10
3
15
2
1
4
1
1
7
7
6
2
2
6
2
3
4
7
2
1
2
2
3
2
3
0
3
3
1
1
11
3
3
5
11
13
0
2
1
1
2
9
12
2
0
2
0
2
4
2
3
4
1
3
6
2
3
1
7
4
5
1
2
4
4
6
3
6
0
1
0
3
7
3
10
4
1
2
5
3
1
1
4
1
1
4
1
4
3
5
20
3
3
14
2
0
8
2
5
15
4
2
5
2
3
5
3
8
2
8
2
3
2
2
8
7
3
6
2
2
1
3
5
5
1
4
2
1
3
2
2
2
4
4
6
3
3
4
1
4
2
1
1
3
6
5
2
17
7
11
1
1
4
0
1
13
6
5
1
5
3
1
1
2
2
1
2
1
1
0
2
13
9
4
14
1
4
2
1
12
5
10
3
2
2
1
1
6
8
2
0
1
6
1
2
4
10
3
7
0
3
2
2
4
3
2
2
1
1
7
1
1
5
1
1
1
3
22
8
1
3
2
2
1
4
6
11
3
2
1
6
7
2
4
4
9
4
0
3
2
1
10
8
2
2
1
0
1
4
8
7
2
9
1
3
3
11
4
2
1
2
2
5
3
3
5
2
1
0
2
2
2
1
2
0
1
2
0
3
3
3
2
0
2
1
1
6
2
2
6
1
0
3
1
11
4
0
2
0
11
1
1
3
1
2
2
1
1
2
1
0
2
1
2
3
9
4
6
2
3
2
2
3
23
7
2
0
1
2
3
1
2
4
2
1
2
3
2
6
2
5
3
1
1
1
1
3
5
3
2
0
1
1
2
3
5
4
3
1
0
3
5
8
6
2
4
2
1
5
4
6
3
8
0
2
2
4
8
2
1
0
4
1
1
4
24
8
5
1
1
2
2
2
4
8
2
2
3
1
1
1
2
2
4
0
2
0
0
0
5
1
2
3
6
2
1
1
1
2
3
5
5
5
3
1
1
1
3
11
3
2
2
2
3
1
2
20
4
7
2
2
2
3
7
21
6
1
1
2
2
2
2
7
1
1
1
2
3
9
1
1
2
8
3
2
1
0
2
4
9
5
4
2
2
6
3
4
1
7
2
4
3
1
4
1
4
2
3
3
0
3
1
2
10
6
6
1
1
2
3
1
2
12
3
1
2
2
4
4
11
7
4
2
0
1
5
3
2
6
9
2
1
3
5
10
7
32
6
1
2
2
1
1
4
4
8
1
2
1
2
5
1
3
1
1
0
3
5
1
1
1
9
2
1
1
1
3
1
3
13
8
2
3
1
2
4
4
2
2
6
3
1
0
3
0
13
4
3
0
2
15
4
1
10
11
1
1
2
2
3
1
6
3
1
1
4
2
1
0
8
2
1
3
1
2
1
0
4
7
1
2
1
2
12
22
4
3
2
1
2
4
6
5
5
1
0
5
0
3
8
3
2
2
1
4
1
2
9
7
1
4
1
2
1
4
8
0
2
8
1
2
1
5
5
0
1
3
2
13
10
14
6
3
1
2
2
8
14
23
32
3
9
1
3
6
2
5
2
3
1
3
1
2
7
3
11
2
2
1
1
2
5
3
9
3
2
1
2
2
30
4
2
3
9
7
4
20
6
2
8
5
13
33
6
2
2
6
6
7
14
5
5
1
2
2
1
1
16
6
8
2
2
1
2
3
3
3
7
2
1
1
3
9
3
5
2
3
1
1
4
2
3
1
3
1
1
2
2
6
5
4
0
2
2
0
2
9
2
3
1
1
6
2
11
2
6
3
2
2
1
0
1
1
3
5
21
5
0
7
0
3
5
6
3
7
1
4
1
1
1
2
3
13
1
1
4
3
2
8
2
1
0
1
1
10
3
6
0
8
0
0
3
4
1
2
3
7
13
5
3
4
1
10
2
7
12
2
0
2
3
4
6
3
5
1
6
1
1
2
3
2
1
4
4
3
3
0
2
2
17
1
1
2
1
6
1
6
8
2
3
3
1
7
4
4
3
2
4
2
5
7
4
1
6
1
7
4
4
3
3
3
2
2
2
1
4
3
9
6
12
2
1
2
2
3
2
2
2
15
5
3
6
5
3
2
2
19
12
10
2
4
4
4
8
3
2
5
2
3
2
1
6
4
2
7
1
1
1
2
6
1
1
8
1
3
3
13
30
1
1
6
3
10
5
5
7
7
1
9
5
7
22
5
2
3
3
1
5
1
4
3
5
4
2
3
2
5
8
2
1
10
2
0
1
1
4
1
29
3
1
1
34
10
37
1
4
4
4
1
3
1
5
1
2
2
1
3
11
7
7
3
3
2
3
2
5
0
18
4
1
1
1
2
10
2
1
1
8
1
1
1
3
3
7
10
3
4
1
3
1
2
1
2
6
5
3
0
2
0
5
6
5
18
1
2
1
1
13
4
6
7
0
5
4
1
1
21
5
18
4
1
1
2
2
2
1
6
0
1
4
7
1
2
0
4
2
4
1
1
1
1
2
3
14
7
3
17
3
1
1
16
1
29
0
2
1
0
2
4
4
1
1
3
1
20
2
4
2
5
2
4
1
9
1
0
1
3
32
1
3
14
2
1
2
11
2
2
0
8
4
2
3
4
0
3
3
2
2
2
4
3
6
2
5
1
2
1
0
6
6
1
7
1
2
0
5
8
2
10
1
2
2
2
3
3
1
4
2
2
2
1
2
0
6
1
1
1
3
1
5
9
28
3
2
7
1
5
0
2
10
2
3
2
2
1
1
1
9
3
3
0
0
1
1
2
6
1
1
6
1
2
2
3
11
11
2
11
5
7
9
3
4
4
2
2
5
1
4
13
1
2
2
4
1
9
1
2
2
24
1
2
1
15
18
3
5
4
15
11
15
3
2
2
2
5
9
5
7
10
4
1
5
2
0
1
3
2
4
3
3
1
3
3
1
4
2
34
5
3
2
2
1
1
4
3
18
3
1
1
1
1
1
5
3
8
6
3
0
1
3
1
4
2
2
0
2
1
10
4
2
0
1
0
3
1
1
2
1
1
0
1
1
1
2
1
2
1
10
6
1
1
2
0
3
2
3
4
1
1
3
6
4
5
2
2
2
3
8
5
1
3
3
3
2
4
6
1
2
2
1
1
9
3
13
2
4
2
1
1
2
3
3
5
17
1
2
5
3
6
4
3
2
2
2
3
4
3
4
4
3
1
3
1
5
5
2
2
2
3
1
2
10
10
4
2
3
1
2
0
16
13
2
2
0
0
0
2
6
3
1
1
1
1
1
14
6
8
1
2
1
2
1
2
3
3
5
3
1
1
1
11
7
3
5
2
3
4
7
1
0
7
2
2
11
4
4
3
8
2
1
2
9
3
5
1
2
0
3
2
1
2
1
2
8
14
5
3
4
5
1
1
3
8
5
5
1
3
4
8
5
2
2
7
2
2
3
10
1
2
2
3
1
1
7
1
5
1
36
14
2
2
1
3
3
9
3
5
3
0
5
1
0
13
8
1
18
5
3
9
1
5
10
11
2
2
1
5
5
11
14
6
2
1
1
2
3
5
7
5
3
4
2
1
1
4
5
4
4
3
5
2
1
1
1
2
11
3
3
5
1
0
1
2
3
15
1
1
3
2
2
4
2
4
3
2
8
2
13
1
4
9
2
2
1
1
15
3
1
4
1
2
4
1
2
2
14
7
4
3
2
2
7
1
1
3
1
1
2
1
2
1
1
2
9
4
3
3
2
2
1
5
2
2
11
4
1
5
2
0
1
7
1
3
3
1
6
1
7
10
6
6
5
1
1
1
4
6
23
5
2
3
2
1
5
5
1
4
2
2
2
1
8
6
2
2
11
4
3
