179
164
174
169
140
175
166
265
191
176
135
176
179
211
173
108
154
162
164
108
160
154
213
244
304
213
239
249
314
260
226
198
247
184
217
280
222
199
236
193
219
232
166
214
197
215
129
173
206
196
271
160
198
195
251
306
268
338
298
289
246
295
265
239
241
229
201
224
217
328
289
270
292
256
316
285
319
298
287
334
300
263
284
293
246
226
198
203
219
201
151
232
224
218
218
217
162
258
247
206
243
198
277
228
300
225
256
316
220
245
149
224
220
163
169
76
144
178
143
180
244
42
139
202
118
217
94
155
195
146
23
144
172
102
76
118
145
161
107
183
276
265
221
220
219
220
232
287
266
231
220
230
257
269
199
193
217
255
195
183
205
240
322
297
234
353
257
300
156
184
154
128
142
143
176
127
98
111
107
90
101
191
126
145
145
188
142
190
164
151
215
243
185
206
160
232
155
154
117
128
135
131
135
164
163
133
156
177
129
121
171
138
130
159
132
151
157
162
140
140
213
235
160
149
174
188
292
168
159
188
153
186
196
139
126
128
103
196
253
215
211
190
156
138
160
123
248
252
222
232
296
227
240
190
260
204
251
237
222
201
269
244
279
193
229
243
165
200
145
211
223
278
189
285
284
179
237
201
286
196
340
256
304
276
230
203
236
275
282
276
232
212
244
255
257
212
183
261
306
257
195
238
270
202
288
178
257
158
279
263
208
172
211
230
223
227
238
165
179
222
222
182
206
227
211
200
134
144
255
299
179
163
150
184
170
295
307
316
266
276
298
275
229
325
294
277
266
251
203
264
275
241
227
200
240
219
231
170
241
267
219
323
283
284
232
280
221
192
277
258
214
288
276
251
200
213
218
290
225
247
250
264
189
193
250
235
193
198
200
226
245
291
142
144
174
205
166
137
116
262
296
228
265
256
236
276
209
223
244
216
266
294
288
209
287
259
175
294
212
239
204
225
286
213
240
187
230
323
227
229
223
224
237
251
253
214
239
228
219
241
194
235
222
269
207
244
279
230
206
133
210
227
218
196
184
124
232
184
181
175
218
116
117
117
103
114
200
185
159
188
251
248
217
278
271
308
184
111
114
182
208
209
222
106
87
154
182
169
191
83
126
104
89
101
103
104
91
99
238
218
189
222
226
229
94
186
177
158
140
125
129
82
85
83
89
82
79
161
135
125
117
99
147
137
104
134
164
124
123
141
129
114
96
78
105
101
74
62
91
93
130
128
109
95
126
95
102
87
80
92
163
98
89
123
158
110
163
127
122
119
230
147
187
167
215
255
229
116
170
193
187
201
207
116
116
189
173
151
189
155
177
174
215
215
241
300
289
283
221
255
174
210
192
159
203
234
183
266
219
214
206
181
196
200
155
172
138
147
158
176
234
245
205
259
205
194
156
161
129
122
153
146
155
142
126
172
148
135
108
136
120
141
163
141
124
129
149
124
191
179
122
230
154
223
143
187
170
203
232
205
193
95
100
110
137
128
137
132
190
165
138
154
137
120
115
101
188
148
147
247
203
245
202
179
180
109
177
160
192
207
191
131
205
206
212
299
98
147
163
142
112
145
149
154
170
109
176
193
237
187
223
221
187
158
170
225
163
213
222
176
165
229
159
185
165
166
222
155
233
219
211
211
258
251
282
237
279
236
237
217
234
190
231
141
258
233
228
229
240
165
255
256
178
213
176
242
167
217
151
227
277
205
284
183
309
216
201
197
207
193
157
215
226
287
283
181
145
205
239
299
184
186
217
264
214
175
235
233
200
232
226
222
197
276
265
297
259
233
227
202
180
302
280
231
201
193
170
274
230
229
199
172
253
182
149
163
220
186
223
248
188
166
212
107
175
186
191
185
172
127
188
154
157
160
156
154
111
107
125
113
163
167
169
148
285
267
223
278
215
209
150
151
185
223
173
144
147
95
114
186
176
130
139
180
156
120
105
108
170
144
131
124
266
214
223
206
196
196
237
155
157
184
146
152
140
160
151
199
160
168
163
115
127
100
123
102
120
96
119
104
217
201
220
222
284
254
195
175
279
254
278
245
293
191
178
190
184
201
205
166
170
173
196
187
293
272
266
293
285
281
313
298
315
287
277
255
256
245
240
295
246
271
311
258
255
314
269
276
283
303
282
306
260
253
286
285
329
274
303
307
337
281
241
213
195
207
230
239
191
245
223
213
246
239
211
229
209
229
256
208
238
224
237
241
246
247
265
272
252
257
315
246
252
269
256
253
233
267
269
260
248
260
218
241
225
210
230
186
261
240
235
231
317
284
317
268
307
268
248
168
190
212
259
283
214
236
270
277
314
267
250
273
261
227
198
228
286
245
213
246
312
244
267
298
254
284
220
238
282
268
241
286
265
212
217
184
184
209
196
319
256
283
250
249
275
290
274
278
315
322
316
298
291
342
162
186
197
211
206
178
208
214
232
138
166
125
146
233
153
188
144
171
164
210
167
184
193
207
232
208
207
256
201
253
194
135
150
109
132
228
299
187
206
173
212
210
140
163
117
146
192
209
182
206
239
208
200
223
265
235
171
157
109
218
150
193
160
153
54
184
152
118
102
122
141
291
195
200
89
98
113
145
149
149
139
191
193
180
97
168
142
206
219
258
228
144
130
111
93
88
102
113
203
139
149
186
138
119
133
146
202
202
259
243
208
219
194
210
130
167
126
133
126
261
168
213
166
215
161
173
248
177
202
158
150
114
156
102
190
212
173
174
176
197
211
105
84
156
161
150
92
123
98
170
180
177
103
104
118
136
149
123
92
94
132
108
227
186
145
199
153
169
145
94
120
101
126
110
102
188
211
234
213
152
168
220
240
191
184
193
256
243
201
247
261
213
220
240
228
222
231
183
183
198
209
220
241
183
212
228
212
200
241
223
158
228
226
218
183
226
210
235
220
191
214
234
230
267
172
204
229
135
188
143
194
155
209
151
165
105
169
159
125
168
158
208
152
161
127
186
199
157
185
189
227
210
152
44
122
143
170
200
167
78
162
145
164
199
185
78
115
27
104
44
119
146
165
149
123
253
125
196
233
190
213
198
176
236
207
155
185
173
183
198
130
130
161
187
207
183
116
162
187
141
162
145
198
162
183
119
177
145
180
205
217
221
142
184
152
228
226
188
136
178
161
227
209
171
222
190
212
139
183
158
182
223
203
214
193
210
137
132
143
106
152
135
89
228
180
87
142
116
74
182
110
185
145
78
141
161
137
94
164
154
125
205
123
108
234
165
177
130
151
156
135
177
188
116
165
188
158
220
86
119
162
176
86
114
148
160
122
101
88
181
127
179
187
215
224
147
119
130
134
173
182
171
159
179
186
211
139
112
136
143
124
104
140
150
133
157
152
176
205
219
150
127
128
112
109
104
100
211
247
184
202
189
136
235
241
201
195
130
211
237
223
135
212
179
111
222
132
128
207
241
248
192
163
149
160
183
210
184
188
171
152
251
175
160
147
153
187
180
170
162
216
193
177
224
186
160
157
85
114
118
120
103
107
109
163
147
169
122
128
148
89
83
83
74
130
134
118
100
183
131
126
153
153
97
126
142
117
178
169
170
136
132
115
167
183
150
156
173
162
157
121
120
116
142
148
103
188
162
163
165
261
147
136
153
148
203
200
212
230
172
102
118
88
122
102
162
164
120
172
152
193
160
200
186
247
260
265
251
267
255
93
92
94
95
90
88
107
185
261
156
171
184
195
232
197
164
197
180
213
168
216
200
137
243
242
194
175
241
93
133
184
204
207
200
209
143
94
104
89
128
97
149
184
147
193
151
219
231
177
199
229
216
200
205
226
251
248
170
183
207
168
202
253
208
222
252
167
231
206
226
182
164
204
136
174
200
157
175
146
263
194
130
196
164
242
244
210
240
226
227
182
236
241
285
236
253
212
257
245
295
270
209
243
256
236
242
252
271
225
308
243
238
268
325
231
224
191
219
237
293
281
243
245
212
257
271
239
228
240
280
236
257
225
273
235
223
251
215
292
274
220
92
167
191
238
177
177
112
204
189
221
189
181
176
104
115
162
111
171
211
267
235
235
168
164
228
211
196
128
104
88
131
164
109
94
93
74
138
129
89
60
79
91
143
162
129
75
82
67
74
164
108
76
161
111
124
172
142
128
130
120
112
120
164
111
146
168
146
180
143
210
148
115
156
178
135
132
109
200
149
167
262
228
179
199
186
138
219
242
187
228
342
268
167
210
254
244
277
158
204
249
241
136
149
193
218
202
170
238
215
217
230
236
211
202
208
191
165
178
211
179
192
178
154
149
179
170
158
149
151
191
180
184
175
247
218
227
245
223
251
213
214
173
244
253
279
298
170
156
167
151
240
183
138
231
192
213
231
148
143
200
160
220
223
284
211
289
266
217
136
191
185
170
179
164
169
230
170
179
182
189
163
119
131
121
134
140
169
168
175
232
243
240
243
256
226
105
132
96
138
131
88
128
122
104
136
125
122
131
104
190
148
121
162
136
146
138
148
248
186
249
220
293
207
162
205
168
221
178
210
178
190
199
187
162
151
159
172
229
220
180
216
200
179
170
183
339
334
327
326
362
315
209
143
112
135
143
143
193
144
111
107
119
120
135
90
83
97
91
115
119
137
124
126
292
267
188
316
224
206
145
179
145
254
272
286
233
172
111
157
143
142
126
149
191
155
172
148
130
128
156
141
274
247
231
339
275
274
288
259
219
186
174
175
206
283
208
186
161
156
188
225
146
123
124
177
160
138
132
183
217
201
262
257
242
240
311
282
249
284
242
227
259
263
320
251
208
223
249
288
248
250
259
251
228
189
224
235
237
298
268
231
325
243
190
217
195
312
324
237
252
189
183
183
185
158
176
174
220
228
194
208
188
195
194
199
315
245
287
297
266
248
247
168
219
281
245
218
204
129
208
232
207
174
166
129
144
123
111
114
232
254
251
246
306
269
249
268
270
299
213
215
108
186
249
221
247
154
90
143
169
155
167
135
204
250
256
247
103
122
115
122
219
284
210
242
257
276
205
228
188
187
188
161
173
155
285
247
257
245
167
150
151
152
136
141
241
252
248
149
205
209
170
231
160
132
195
195
212
158
195
197
186
289
215
231
232
217
219
228
235
215
189
246
180
213
190
225
220
219
226
272
243
224
152
171
180
197
221
232
231
120
149
125
151
164
177
176
151
185
171
161
173
208
200
195
234
205
191
260
218
255
108
150
88
105
117
107
126
183
112
122
110
81
127
142
197
181
139
200
154
149
106
146
291
226
205
231
214
203
170
90
126
192
183
199
190
112
171
243
153
146
157
127
108
78
83
96
183
141
138
126
204
190
179
233
223
262
237
247
231
181
200
210
223
231
232
196
208
191
202
328
200
224
209
218
176
198
181
194
236
222
190
309
240
243
304
266
277
180
205
229
245
232
216
184
218
262
240
257
164
181
211
202
159
196
202
231
198
213
173
249
200
219
227
189
250
170
227
232
212
273
271
135
188
230
258
238
142
207
230
242
147
211
273
247
218
194
162
306
240
298
182
127
109
195
186
224
217
142
128
208
190
206
212
248
173
190
161
197
165
155
133
167
206
219
235
237
262
247
163
146
124
131
148
110
142
213
253
150
172
155
157
246
214
198
224
184
183
207
197
165
241
223
182
216
179
166
167
180
217
193
181
146
185
99
134
129
134
89
129
241
243
228
161
192
257
214
186
250
265
231
269
173
233
233
156
122
163
204
212
157
232
105
152
145
129
138
122
145
107
104
103
97
178
166
140
129
217
156
168
147
179
139
127
123
98
106
106
128
88
185
133
152
180
121
80
136
196
185
175
116
189
221
217
211
246
175
157
205
166
219
241
228
189
205
194
189
207
266
190
218
221
219
234
207
211
222
219
220
168
224
182
199
188
172
186
265
283
242
167
184
265
261
176
183
239
103
156
160
170
135
160
197
184
148
170
154
249
181
185
204
202
224
236
186
187
190
145
169
109
164
142
174
108
200
175
161
198
145
148
167
176
196
209
156
127
158
130
139
157
215
155
153
129
170
271
259
292
250
198
221
197
315
259
288
237
262
235
259
316
259
283
251
255
227
222
241
288
297
256
240
254
285
235
296
260
288
259
268
255
265
218
195
233
234
252
273
260
249
269
241
244
201
228
208
269
266
265
303
337
286
254
190
239
234
253
244
251
235
254
188
258
248
222
204
210
210
211
200
176
244
234
208
229
245
273
284
267
270
297
248
254
221
247
256
216
253
259
219
234
269
229
211
183
202
211
199
206
236
229
211
290
229
252
248
285
242
218
258
260
256
256
242
230
217
212
171
160
155
186
309
234
207
207
264
231
210
216
273
272
305
271
269
239
252
286
339
230
255
278
295
271
316
281
277
246
259
288
257
275
294
317
274
241
205
220
253
253
263
259
341
237
259
311
190
226
237
241
240
266
203
231
247
245
248
266
170
163
167
176
179
190
195
264
241
273
215
268
245
278
269
228
260
209
250
214
228
259
247
275
187
216
215
208
274
163
228
191
208
150
200
195
219
231
250
236
258
260
302
270
89
78
211
132
110
179
89
52
205
124
103
166
163
91
78
86
94
53
45
63
56
105
95
162
146
97
110
53
120
112
95
125
191
146
23
103
116
119
50
127
92
102
108
119
115
136
145
115
150
221
105
197
133
249
136
125
179
110
222
205
222
215
105
24
118
134
127
133
98
180
181
164
164
104
93
99
96
228
259
264
207
233
264
105
86
57
94
91
88
120
202
69
127
119
134
118
75
147
113
129
98
35
41
72
93
145
180
82
154
75
91
143
186
106
144
117
38
53
139
155
171
176
120
78
95
122
118
61
27
150
117
93
90
172
114
90
168
118
101
148
151
140
97
103
85
117
132
136
125
108
75
140
164
97
152
78
127
99
124
89
137
113
85
160
82
145
76
153
129
191
79
140
118
145
174
230
65
140
131
184
158
59
114
137
186
81
186
142
193
88
86
86
153
178
200
151
87
152
84
126
154
130
75
130
65
133
171
144
46
30
86
79
112
47
95
130
102
80
62
52
145
130
167
169
157
170
229
164
147
153
308
287
169
226
178
253
261
164
220
178
264
183
256
202
238
205
141
165
232
284
251
209
187
140
116
104
123
127
233
185
155
142
157
171
129
167
146
152
193
84
85
75
95
176
208
228
185
189
214
204
210
228
83
156
178
162
182
189
97
168
135
167
221
82
153
186
167
80
150
176
155
107
76
98
138
191
163
180
176
159
126
152
101
107
185
153
119
136
86
90
188
123
134
82
86
119
149
85
84
173
111
133
113
139
129
215
228
235
154
136
112
137
208
280
165
185
138
161
203
149
116
143
107
160
197
127
183
153
116
140
165
302
146
228
259
194
247
206
193
217
271
290
227
257
240
223
253
230
258
238
207
198
222
211
220
273
222
226
265
239
209
218
217
202
190
183
222
164
201
218
200
189
174
179
237
188
202
195
165
224
226
212
188
195
234
215
216
175
175
195
208
211
154
168
191
189
237
229
178
194
182
240
242
192
196
188
230
192
189
182
213
236
165
206
201
217
245
131
140
170
128
128
108
159
139
120
115
136
108
115
141
188
216
191
183
126
187
159
175
173
159
190
262
177
159
142
92
129
91
139
110
96
142
155
168
198
186
166
89
145
115
116
103
94
180
124
139
133
166
151
155
190
159
190
238
74
126
141
143
165
232
80
162
182
136
179
76
127
149
137
201
61
77
67
51
209
178
101
202
123
102
119
123
162
152
138
94
166
100
126
173
137
169
160
137
133
112
90
129
160
138
100
154
237
179
263
149
263
182
135
106
80
138
21
102
83
90
106
130
84
135
96
7
100
0
58
20
90
153
99
132
81
125
110
96
167
81
93
72
103
122
116
114
91
141
91
152
147
137
150
80
108
111
102
103
98
101
127
108
215
206
163
202
173
208
97
77
94
201
175
191
194
97
99
92
120
101
96
91
60
87
76
76
88
104
102
94
177
149
177
155
166
156
133
77
85
97
99
50
82
95
90
107
111
85
93
134
110
93
180
114
121
109
119
216
95
97
147
93
119
113
255
233
99
215
200
197
188
273
126
215
247
218
220
115
203
207
223
179
78
97
79
51
272
300
308
281
281
309
195
245
123
138
121
146
134
223
110
129
102
128
119
109
135
113
154
144
144
117
141
140
251
247
253
241
252
314
90
106
125
106
94
90
91
77
119
148
138
121
116
131
92
77
68
77
150
139
136
164
268
236
223
300
259
267
157
174
133
108
97
75
98
177
159
111
114
73
108
144
103
99
77
101
121
108
94
114
248
198
257
263
265
242
125
175
140
120
145
128
135
165
171
162
187
168
156
149
145
131
132
122
108
127
126
132
159
136
129
234
202
220
147
205
188
237
210
186
185
232
107
163
148
131
142
140
182
173
179
187
159
198
164
156
291
188
203
194
201
287
168
180
148
195
140
151
131
162
94
163
159
160
143
155
169
139
134
121
112
93
89
89
217
244
217
245
235
276
185
161
213
159
195
186
173
279
169
133
160
167
151
185
128
144
149
122
158
154
148
138
204
155
173
253
184
209
220
178
156
171
153
153
176
203
189
268
185
195
176
334
195
264
306
197
198
237
291
164
195
205
168
295
166
214
174
282
221
204
158
135
104
185
162
106
112
80
73
199
162
137
104
85
182
176
162
123
189
198
127
192
166
183
196
127
141
94
120
89
92
90
211
118
161
121
123
125
120
109
97
100
138
181
132
140
167
182
223
186
200
211
286
131
171
73
87
28
25
129
207
76
82
48
33
194
166
153
131
116
110
128
104
103
152
201
166
149
176
237
217
164
186
185
163
221
113
219
342
153
154
144
104
217
121
124
130
88
133
135
126
93
247
249
139
201
130
151
92
122
132
156
111
128
125
206
151
114
94
111
117
233
166
135
149
160
201
149
187
198
153
173
180
155
160
300
224
63
103
76
75
74
80
64
120
90
86
81
84
126
90
81
81
132
162
150
138
164
263
242
152
310
137
133
182
160
122
193
146
191
165
234
174
175
189
176
156
226
152
160
147
119
109
122
103
94
208
264
236
185
187
225
204
224
200
205
234
225
212
227
164
191
209
172
195
222
189
213
203
224
220
249
234
222
356
309
220
303
255
269
194
171
260
191
204
122
144
222
213
157
191
190
208
197
178
183
205
219
186
216
146
178
239
164
176
172
203
252
319
246
255
160
174
168
177
249
290
138
152
147
163
266
133
142
152
153
119
132
133
141
296
255
255
304
300
331
182
232
194
223
242
262
241
259
263
150
219
227
245
200
182
227
216
224
182
238
240
215
219
239
191
320
310
320
103
168
117
154
155
212
157
179
127
127
158
112
227
162
177
211
179
234
121
152
129
165
172
182
183
186
225
180
302
301
235
218
261
231
210
300
252
236
256
267
231
213
235
270
266
208
185
193
194
270
265
280
204
258
201
205
356
238
202
208
266
234
235
256
230
233
271
238
244
282
207
240
258
254
209
225
213
226
280
234
233
250
263
328
219
191
110
175
190
181
198
254
123
127
191
159
167
161
131
194
154
176
97
133
105
119
163
218
213
260
265
264
1
2
1
1
2
1
8
3
4
2
1
1
1
2
1
0
1
1
1
1
2
1
2
3
6
1
2
1
2
2
1
4
1
2
1
3
2
2
1
1
1
1
2
1
1
1
1
2
13
3
4
1
5
4
1
1
3
1
1
3
4
3
1
2
1
1
1
0
1
3
8
8
1
0
1
2
5
1
5
1
1
1
1
1
4
2
2
3
3
2
2
1
1
4
5
1
1
1
3
1
1
0
2
1
1
1
3
2
2
2
1
5
1
2
2
3
3
2
1
1
1
1
3
2
1
2
1
1
2
1
2
10
2
2
6
0
0
0
3
2
1
1
6
1
3
1
2
9
2
3
5
1
4
1
1
2
1
1
0
2
1
2
0
1
1
2
0
1
1
1
0
0
1
5
2
2
1
0
1
0
1
1
1
1
4
2
4
1
1
4
1
2
4
2
1
1
3
6
6
3
5
3
0
2
1
0
0
1
2
1
1
0
1
2
0
1
0
1
0
1
1
2
1
1
2
1
1
1
1
0
1
4
4
3
2
1
3
3
2
2
5
1
1
1
1
2
1
1
1
2
1
2
2
1
1
2
1
1
1
0
1
2
2
1
2
1
1
1
1
1
0
1
3
2
2
2
1
4
1
2
5
2
1
2
1
0
1
2
4
0
1
2
3
3
2
2
4
3
4
12
0
3
0
1
4
0
1
3
3
1
1
2
5
3
2
3
1
1
1
4
4
3
21
10
2
6
1
1
1
1
8
2
1
11
9
4
4
4
4
2
1
1
1
2
3
8
8
7
1
1
0
0
3
0
1
0
1
2
2
2
3
1
2
1
1
1
0
5
2
3
1
1
1
1
2
14
1
3
4
1
1
1
4
1
1
1
5
1
4
2
2
2
3
2
2
1
2
2
3
2
1
2
0
1
2
1
1
2
1
3
5
0
1
1
1
1
2
1
1
1
1
2
1
1
2
20
0
1
0
2
1
1
5
2
1
4
0
1
0
1
7
10
1
0
3
1
1
1
2
5
1
3
3
1
3
1
1
3
2
1
7
6
2
0
1
4
2
1
2
5
12
1
13
4
1
1
7
26
1
1
1
2
1
0
10
2
9
1
2
0
0
1
7
4
10
2
3
2
1
2
4
2
1
1
2
1
0
7
1
8
1
1
1
2
1
1
14
6
1
2
3
0
1
1
1
3
1
2
2
2
1
3
3
4
1
4
4
1
1
1
4
4
2
1
2
4
0
1
5
1
2
4
3
3
5
1
2
4
1
15
1
3
1
3
3
2
0
0
4
3
1
1
20
7
3
1
2
1
2
3
4
2
1
0
1
2
1
4
23
8
3
2
0
2
1
3
1
2
1
0
1
4
1
1
3
0
0
1
1
0
1
2
2
0
3
1
1
3
1
4
1
1
1
1
1
3
1
3
2
3
0
1
1
5
3
1
4
2
1
1
3
3
1
3
1
0
1
1
1
2
2
1
1
3
2
1
0
1
0
1
1
1
1
1
5
1
1
1
2
0
0
1
4
2
2
1
1
1
0
1
3
5
3
1
2
1
2
1
4
3
0
1
3
1
0
0
2
1
1
3
2
1
1
2
2
3
1
2
2
1
1
1
5
2
2
1
2
2
0
1
0
2
4
4
9
3
0
1
2
2
1
2
4
1
1
0
6
14
1
3
6
3
2
1
1
1
1
1
1
1
1
1
3
1
1
2
1
3
1
0
0
2
1
2
2
4
3
1
2
1
1
0
2
4
1
2
1
0
2
3
1
0
2
1
1
1
0
3
5
3
2
1
1
0
1
2
2
0
1
1
2
0
1
0
3
0
1
0
1
1
15
3
2
1
2
1
1
1
1
2
0
3
3
2
2
2
1
1
1
2
1
1
2
2
1
5
1
1
1
1
1
1
1
1
1
1
3
0
1
1
1
2
1
0
1
0
1
1
2
2
1
1
1
2
1
2
2
6
2
3
0
2
1
1
1
1
2
1
3
1
1
1
2
3
1
2
7
2
2
10
2
1
0
1
1
3
3
3
2
0
2
2
2
1
2
3
1
4
5
3
2
2
2
1
1
2
4
4
2
2
1
2
0
1
4
6
1
1
2
2
2
2
46
10
6
2
1
0
2
0
3
1
4
1
1
1
4
1
3
1
1
1
2
2
2
6
2
2
2
1
0
1
3
4
1
1
6
2
2
1
0
2
4
1
1
1
0
1
1
6
1
1
2
2
2
4
1
1
3
0
2
4
1
2
0
2
1
11
3
4
1
2
2
1
4
2
2
6
1
3
12
3
5
1
1
3
1
1
3
1
4
4
3
4
2
3
1
9
3
2
3
1
1
0
2
2
6
3
1
4
1
4
2
7
6
2
2
7
2
1
3
7
4
1
2
2
1
3
1
17
8
2
0
5
1
1
1
1
9
1
3
1
6
1
4
2
7
2
1
0
0
2
1
1
4
2
5
3
1
0
2
2
3
1
1
1
1
4
14
3
1
1
2
2
1
4
4
4
2
1
1
1
1
2
3
2
1
0
1
1
2
2
5
5
1
2
2
2
3
3
1
4
5
1
2
2
1
1
2
2
1
2
3
1
0
1
2
2
2
1
4
2
3
4
4
4
2
2
8
6
1
1
6
4
5
1
1
0
4
5
2
4
1
1
1
1
1
2
3
2
3
1
1
1
1
1
1
3
6
3
7
1
3
4
0
2
2
4
8
2
1
3
2
1
2
7
3
1
3
3
1
2
1
5
8
2
3
1
1
7
2
2
2
2
1
5
1
9
0
2
2
2
2
1
5
6
1
1
1
3
0
1
7
2
2
2
1
0
1
2
4
3
0
2
2
0
1
3
5
4
2
3
2
1
1
0
4
1
2
2
1
3
0
2
2
3
2
4
1
1
0
1
8
4
2
1
0
1
2
4
5
3
5
3
1
1
5
3
2
5
3
3
1
0
0
1
2
7
1
4
1
2
1
1
27
4
1
1
3
3
3
1
2
2
2
1
3
2
0
3
1
7
1
2
3
1
7
2
5
3
1
1
2
2
1
5
2
5
1
1
2
2
1
4
1
7
2
1
1
3
1
7
9
1
2
2
1
0
0
2
16
2
2
2
1
6
1
1
3
1
1
1
8
3
7
9
2
1
1
1
1
7
1
6
5
1
1
7
1
2
2
1
2
1
1
2
0
3
2
1
3
0
1
2
2
2
9
4
0
2
3
1
2
5
6
2
5
1
2
6
1
5
1
3
1
2
0
4
2
3
5
1
4
0
1
2
1
2
1
2
1
1
1
1
1
21
1
1
3
8
1
6
5
4
2
1
2
2
1
0
1
3
1
2
1
3
1
1
0
3
0
1
1
3
0
1
5
2
2
0
1
3
0
1
1
0
1
1
6
6
0
2
20
1
1
3
1
3
2
1
1
8
1
4
0
1
1
0
15
0
2
1
1
3
2
6
3
0
1
3
1
1
1
2
7
0
1
1
0
1
1
1
5
1
1
1
1
1
3
9
1
0
3
3
1
6
2
5
1
1
3
1
0
3
3
5
1
0
1
3
2
6
1
2
0
0
1
0
1
2
1
1
4
0
2
1
2
1
1
4
1
1
4
1
2
1
2
21
10
6
10
6
1
1
7
5
4
1
0
1
2
2
1
2
1
1
2
0
3
0
1
2
2
1
0
1
9
4
1
1
0
1
1
1
1
2
0
2
1
1
13
5
7
0
0
2
2
0
1
1
2
1
1
2
3
1
3
4
0
1
1
1
5
6
7
1
1
1
4
2
1
2
2
6
1
1
2
5
1
1
0
2
1
1
1
1
1
1
1
4
0
3
1
2
1
6
7
2
2
5
1
2
3
7
2
1
2
1
5
1
1
1
1
2
1
1
1
4
2
2
1
1
0
3
1
1
0
4
1
4
1
0
1
1
3
1
1
1
1
2
0
1
1
1
6
1
0
2
0
11
2
1
1
1
1
1
0
4
9
2
3
0
3
1
2
4
4
3
0
1
2
1
2
4
1
4
2
3
0
1
2
3
5
3
5
2
1
1
3
4
1
2
2
3
0
1
2
3
6
3
3
2
1
2
1
1
3
1
0
0
1
1
2
12
2
2
1
1
2
1
1
3
7
1
1
1
1
1
4
1
4
2
2
1
2
1
4
4
3
1
2
2
3
1
2
2
8
4
0
0
2
1
1
3
3
1
1
2
0
1
1
4
1
2
0
1
1
4
1
1
1
1
3
2
1
2
3
3
2
3
5
2
1
1
2
1
2
4
2
3
1
2
0
0
1
3
5
5
2
1
1
2
1
2
13
4
2
1
1
1
1
1
1
4
2
1
0
0
1
3
3
2
1
2
1
0
1
2
3
0
1
2
2
2
1
7
5
4
1
1
1
4
1
5
13
1
2
2
1
1
3
2
4
2
4
2
2
2
2
3
3
2
2
1
1
1
1
2
7
1
3
2
2
3
1
2
3
3
1
1
4
1
1
3
2
0
2
2
1
3
5
2
1
1
3
3
1
1
2
4
2
1
1
4
2
0
1
3
2
35
1
2
4
3
6
4
19
22
3
2
8
1
1
1
6
2
1
1
3
1
1
1
2
2
1
1
1
6
2
1
11
3
1
1
2
1
1
1
2
3
2
3
2
1
2
1
6
14
2
2
1
3
0
1
1
0
2
9
13
1
1
1
14
0
6
3
1
1
3
1
12
1
4
4
3
1
1
1
5
1
0
1
2
1
2
3
6
1
1
1
3
1
1
0
6
1
3
20
1
1
5
2
8
0
2
1
3
2
3
3
6
1
5
3
2
1
1
3
3
2
1
2
2
0
1
2
7
1
1
1
1
1
1
2
2
3
10
9
5
3
20
10
2
2
2
5
2
1
0
2
2
1
1
9
1
1
0
1
2
3
1
1
4
0
1
1
4
2
1
0
1
1
2
0
2
0
6
3
2
1
0
3
8
2
1
2
2
1
1
2
0
3
2
2
3
1
1
18
1
2
4
1
0
1
2
3
1
1
1
1
0
5
1
1
1
0
1
0
1
1
1
2
0
3
2
1
1
5
1
1
2
2
9
1
3
3
2
4
1
2
8
1
1
4
1
6
2
2
3
2
1
1
2
0
2
0
2
2
0
1
1
1
0
1
1
2
3
1
1
2
2
4
1
2
2
1
1
5
1
2
3
1
2
4
0
2
3
4
2
1
1
7
3
2
2
3
17
1
2
0
1
2
1
5
2
1
2
1
1
1
3
9
2
1
1
3
2
3
1
4
2
1
2
1
8
1
2
2
0
2
1
3
2
1
3
1
1
3
5
3
1
2
1
1
3
3
2
1
7
1
2
6
2
1
1
1
1
2
1
2
0
1
1
5
5
2
3
2
1
1
1
1
2
3
4
2
1
2
5
1
1
1
1
1
0
1
2
1
5
2
2
3
2
2
1
1
4
2
2
2
0
1
1
4
6
13
1
12
16
46
1
1
2
4
1
1
1
1
2
2
4
5
1
1
1
3
0
2
3
3
0
1
2
2
3
1
2
2
3
1
1
4
5
6
3
4
1
0
1
1
2
1
3
2
2
2
4
2
1
1
23
2
3
3
3
2
3
8
1
4
2
2
4
2
1
3
5
1
1
1
2
2
2
2
1
2
1
2
0
5
1
3
15
1
1
1
2
2
2
7
2
4
2
2
1
1
8
2
14
1
2
2
2
1
7
0
2
4
1
2
2
2
10
3
5
1
1
1
2
4
2
1
1
2
0
3
1
17
2
6
21
37
1
1
3
3
3
3
1
1
2
2
2
4
1
2
1
3
1
2
7
3
2
1
1
2
2
2
2
1
2
1
2
2
1
6
2
3
1
2
1
1
1
0
5
10
2
6
3
2
2
2
7
2
1
1
2
7
2
6
2
1
1
1
1
4
4
4
6
1
2
1
2
4
3
4
6
1
1
2
2
3
4
12
2
1
1
8
2
7
3
8
3
1
3
4
1
2
11
2
3
1
2
3
3
4
4
2
1
1
2
1
1
1
5
5
9
3
2
2
2
1
4
3
3
1
3
1
4
1
8
19
5
2
4
2
2
1
1
2
2
2
3
3
12
1
2
8
1
1
2
2
2
1
1
5
1
2
1
2
4
3
1
3
3
4
3
3
6
2
1
3
1
2
1
3
7
1
2
3
2
5
7
9
1
1
2
3
3
7
3
3
2
5
2
2
4
4
2
3
1
1
2
2
0
1
4
1
1
1
1
1
2
4
12
4
3
7
3
2
2
4
6
2
2
1
1
3
0
3
4
3
1
1
2
3
2
1
6
3
4
1
0
3
1
13
2
3
1
1
1
2
1
8
3
4
5
1
0
3
8
6
1
0
0
3
3
6
4
1
1
1
1
1
1
1
14
2
2
1
1
1
1
1
2
2
1
0
2
4
3
1
0
2
2
1
0
1
2
2
0
3
1
3
1
1
1
1
1
2
2
1
0
3
4
1
5
2
1
1
2
1
2
0
2
2
0
0
1
1
5
1
1
2
1
0
0
1
1
1
1
3
1
0
1
1
2
1
1
5
1
2
3
2
2
9
1
3
1
2
3
1
1
2
7
3
1
1
1
2
1
0
1
1
2
1
1
3
3
1
4
1
2
3
0
1
2
0
3
2
24
19
3
1
2
2
3
3
1
4
1
0
1
1
0
1
1
2
2
1
1
3
3
2
1
1
2
1
1
1
1
1
2
2
1
1
1
1
3
3
2
1
0
2
3
1
2
4
7
0
1
0
4
1
1
3
4
1
2
5
1
0
1
1
1
2
0
2
3
1
0
5
1
0
1
1
1
1
2
3
2
1
1
0
1
0
2
3
3
1
1
1
2
1
2
10
12
1
2
1
1
0
4
7
3
1
0
1
2
1
1
2
2
1
1
1
1
0
1
4
3
1
2
2
1
1
4
1
1
10
1
3
0
1
0
1
4
8
0
4
2
3
1
1
5
4
0
3
1
1
1
2
6
3
1
2
1
0
0
2
3
3
1
10
3
1
1
13
4
7
1
2
1
1
1
2
3
1
2
9
6
1
1
2
22
1
2
4
3
1
2
2
5
1
1
2
2
1
1
1
9
1
1
2
3
0
1
1
4
1
1
3
3
1
1
3
10
1
4
15
1
2
3
12
4
0
2
2
1
0
1
2
2
1
1
2
2
1
3
1
2
1
1
4
3
1
1
2
3
1
1
3
1
1
1
1
3
2
3
1
2
1
3
3
8
3
2
3
1
1
5
7
2
1
2
1
1
1
2
2
3
4
2
1
1
1
1
1
5
1
2
4
1
2
1
4
9
4
1
2
2
2
1
4
1
2
1
2
1
2
2
25
1
2
2
3
0
2
1
5
1
1
1
2
1
2
2
1
0
2
2
3
1
1
1
4
1
2
2
2
1
8
2
3
1
1
2
3
0
3
6
4
1
2
2
1
3
2
2
3
1
2
1
3
1
2
3
1
1
2
2
3
0
1
1
2
3
1
1
1
1
2
2
2
3
10
3
1
1
1
1
7
5
3
4
2
0
2
2
1
1
3
20
1
0
1
1
5
3
6
3
2
1
0
1
0
2
2
4
1
1
5
1
4
1
4
7
1
0
1
11
3
2
6
0
1
2
2
9
1
2
10
1
1
0
2
1
3
1
4
2
1
0
3
2
7
2
2
1
1
1
0
7
1
4
8
2
1
1
1
1
3
2
1
1
1
0
0
5
6
1
3
1
2
0
1
1
5
5
5
1
0
0
2
1
4
2
2
2
0
0
3
2
6
4
3
2
2
0
1
6
10
1
0
1
1
1
7
10
3
1
1
1
3
0
5
7
5
1
2
3
4
4
5
8
4
4
10
1
8
1
5
1
2
1
2
2
1
1
3
9
1
1
2
1
4
3
4
4
1
1
2
2
1
1
2
2
2
1
1
2
2
1
2
2
2
1
1
3
3
1
4
3
5
0
2
2
1
0
5
2
3
4
1
2
5
1
2
1
3
2
1
0
1
1
1
2
1
1
2
3
1
1
5
7
2
1
2
1
2
2
2
4
2
1
0
1
2
3
4
3
1
2
0
2
33
2
3
2
1
5
2
7
3
1
3
1
1
4
3
9
23
1
1
3
1
5
5
20
5
2
1
1
4
2
3
7
3
1
2
2
1
4
0
3
5
2
2
3
6
2
6
3
4
1
2
2
4
2
6
2
1
1
1
3
2
3
2
4
2
6
1
1
3
1
7
2
0
3
2
1
1
3
1
2
1
1
1
2
3
1
1
6
1
3
1
1
1
5
7
1
0
3
1
1
1
1
17
2
1
1
1
1
2
5
1
2
1
1
1
1
6
13
8
3
1
1
1
1
1
8
1
1
6
12
5
3
1
1
3
5
5
8
11
13
2
2
3
0
1
5
4
4
2
2
2
1
0
2
2
5
0
1
4
1
9
1
3
10
0
1
2
3
2
12
5
2
1
1
2
2
1
6
14
3
3
5
0
1
1
2
6
1
1
1
3
1
2
8
3
1
2
1
1
1
1
3
2
2
3
2
1
1
2
2
5
3
7
2
1
2
5
12
1
1
4
3
1
2
6
14
5
4
0
3
2
1
5
5
2
2
1
1
2
4
6
13
2
4
1
2
3
7
2
1
1
1
0
1
1
5
3
3
0
3
0
1
5
4
4
1
3
1
1
2
4
4
2
1
1
0
0
3
24
11
6
15
7
1
0
2
10
4
3
1
1
1
3
14
8
3
3
4
10
1
1
8
5
2
2
2
1
2
0
12
7
0
4
4
3
1
0
3
4
4
0
2
1
1
1
6
7
4
4
1
4
1
0
8
9
1
2
1
3
0
0
19
2
6
1
0
1
0
1
2
9
2
1
3
2
0
1
3
6
2
5
2
4
1
1
3
1
4
2
9
1
9
1
1
1
0
4
5
2
2
3
4
7
1
4
8
2
2
0
1
1
1
2
2
4
1
2
0
1
1
15
3
2
4
1
1
1
5
7
5
1
4
5
3
1
4
2
5
1
2
1
5
3
2
2
3
1
2
1
2
3
2
4
8
3
1
3
4
1
2
4
1
4
2
1
1
1
4
4
11
1
5
4
1
20
1
2
8
1
1
2
2
0
7
5
10
3
3
2
1
2
7
3
2
1
2
1
1
0
4
4
9
2
7
4
2
4
1
3
6
5
1
3
1
1
3
5
32
7
1
1
1
2
2
2
3
8
2
1
0
9
2
3
7
10
9
3
1
2
1
3
2
5
3
4
1
2
4
4
5
3
1
2
1
2
13
5
2
1
4
1
1
17
3
6
2
2
1
1
1
4
1
6
8
1
4
1
1
0
11
7
7
3
1
1
2
3
2
2
5
2
2
2
3
2
4
2
8
1
1
1
1
2
3
5
4
1
3
3
3
3
6
18
4
1
1
1
2
3
5
5
3
2
1
1
0
2
3
8
4
3
4
0
0
4
2
2
5
1
2
1
3
1
4
7
3
3
2
2
1
3
1
3
6
1
3
4
0
1
4
1
7
2
4
1
1
2
5
2
1
1
1
0
1
2
10
5
1
2
3
1
1
5
14
5
1
2
0
1
1
1
5
3
1
1
4
0
1
3
4
8
1
1
1
2
1
2
5
4
0
4
2
1
2
1
12
11
1
6
2
0
5
2
4
3
0
2
2
2
1
5
5
1
1
4
3
2
1
1
3
9
2
2
1
0
2
3
3
2
10
6
4
1
1
2
0
1
13
1
8
2
5
1
1
1
10
4
2
2
1
2
1
2
3
2
2
0
6
1
1
6
2
1
3
1
1
2
10
4
2
3
1
1
0
1
3
1
2
1
1
1
1
3
2
5
1
3
1
3
0
3
8
4
4
2
3
3
1
1
2
6
3
2
2
1
0
5
4
2
3
6
0
3
1
1
4
1
2
2
1
2
2
3
2
3
1
3
2
1
2
1
10
2
2
2
1
1
0
1
4
10
3
0
2
2
2
2
20
9
1
3
1
2
3
22
6
4
3
1
2
1
1
3
7
2
3
0
0
3
1
4
2
9
2
2
4
4
1
7
5
13
2
1
2
3
2
3
4
1
1
1
2
2
7
5
3
1
1
0
1
5
2
3
3
1
3
1
1
8
2
3
5
3
1
1
1
3
1
2
2
0
2
0
6
1
2
11
9
2
1
2
1
3
6
2
2
1
3
3
2
3
2
1
3
2
2
1
0
4
5
3
4
0
3
1
1
3
10
2
4
3
1
2
1
25
1
1
1
5
1
10
3
22
5
2
2
0
3
2
3
4
2
1
0
1
0
2
4
1
1
4
2
1
9
0
1
9
2
1
1
2
1
6
2
1
1
1
2
1
1
2
5
1
1
1
1
1
2
1
9
2
2
4
1
0
2
4
6
2
1
1
1
3
1
1
1
1
2
7
1
1
2
2
5
2
1
1
0
1
8
2
0
3
2
1
3
4
2
3
1
1
1
1
1
0
14
3
2
0
1
2
1
2
5
4
3
2
1
0
1
1
2
4
1
1
7
6
4
2
18
1
1
2
3
2
6
1
2
1
1
1
3
13
3
1
2
1
1
2
1
3
12
1
1
2
4
6
7
6
4
2
0
1
0
2
5
5
7
2
2
2
2
1
3
3
1
10
2
1
1
1
2
6
2
1
5
1
1
12
4
7
2
4
3
4
1
0
4
2
4
2
1
1
2
6
4
3
2
4
1
2
3
0
2
2
2
1
1
4
2
3
2
3
1
1
1
1
1
5
1
4
3
2
1
1
8
6
3
1
1
1
1
2
4
1
1
2
0
2
0
8
3
2
5
1
2
2
0
16
4
1
4
3
7
0
1
7
1
4
2
2
0
1
2
4
6
1
1
1
2
2
4
6
7
2
6
2
1
2
2
6
2
2
2
1
1
0
2
2
6
1
3
1
1
0
6
13
2
2
1
1
2
1
2
3
1
1
1
1
1
0
2
3
1
1
1
2
0
3
14
12
5
4
0
1
0
1
5
4
2
1
7
2
2
1
0
4
5
2
4
14
2
1
0
1
1
6
6
7
5
0
1
1
1
3
2
3
1
1
1
0
1
3
7
2
1
3
0
1
7
3
3
0
1
2
1
2
2
4
3
1
1
1
0
0
3
1
2
2
1
0
2
1
4
4
3
3
2
2
1
1
3
3
3
2
4
0
2
1
2
6
9
2
2
2
1
3
2
3
2
2
1
2
1
2
3
3
3
1
2
1
2
1
7
1
4
1
1
2
3
1
3
8
5
2
1
2
1
3
2
2
1
7
1
1
1
2
1
2
2
3
2
2
1
1
3
0
3
7
2
3
2
1
1
1
3
3
1
2
0
1
2
3
7
2
1
4
2
1
4
5
7
2
2
3
1
1
5
3
3
2
4
2
1
12
1
2
10
1
2
2
0
2
1
5
2
3
2
2
1
1
2
3
4
1
2
5
1
2
0
2
5
2
2
1
2
1
4
1
3
2
3
2
3
4
16
4
5
2
2
1
1
1
2
1
2
1
2
2
0
4
9
7
2
4
4
2
4
3
3
3
10
4
2
5
3
1
1
1
8
3
3
3
0
2
1
1
3
3
3
6
2
2
6
5
3
1
1
8
1
3
1
3
1
1
2
4
1
4
4
7
3
3
2
1
2
2
1
1
3
1
2
1
1
1
3
5
2
3
1
1
4
4
1
4
2
1
1
2
4
2
6
3
2
6
2
3
2
3
2
3
2
2
2
1
4
3
2
1
5
3
0
2
0
3
6
2
3
1
1
1
2
2
2
2
2
4
2
2
3
1
2
4
0
2
5
1
2
2
1
0
1
2
7
1
0
3
0
2
1
3
1
1
0
1
3
2
1
1
1
1
0
0
10
3
2
2
2
1
0
2
12
4
1
3
1
0
2
1
6
3
2
2
1
1
1
0
4
4
2
2
1
3
1
3
3
3
2
1
2
1
0
0
9
2
1
1
2
1
1
1
2
2
1
2
0
1
1
1
5
2
1
1
2
4
0
1
4
2
3
6
2
2
0
1
5
17
1
6
1
6
2
3
6
1
3
0
1
3
2
1
1
4
1
2
2
0
1
3
1
1
0
1
1
3
3
10
5
0
0
3
0
6
3
4
2
0
2
1
1
3
2
1
3
1
1
2
2
2
7
15
5
1
2
1
0
2
6
3
1
1
2
2
1
5
3
3
7
1
4
3
1
1
6
17
3
1
1
3
1
6
3
2
1
0
2
3
1
4
3
4
2
1
2
1
1
2
2
5
1
1
1
3
1
7
1
1
2
2
1
2
3
3
0
0
1
2
0
1
2
4
1
2
5
1
6
0
5
6
0
1
4
9
2
4
6
2
0
2
3
5
1
4
3
0
1
0
2
1
0
1
23
1
2
3
1
7
6
2
5
0
0
1
2
5
2
2
4
4
1
2
2
2
1
2
8
2
1
1
1
3
7
1
2
1
2
0
1
9
2
13
5
1
1
0
1
3
3
1
2
1
1
1
2
1
7
12
6
3
1
1
3
3
3
1
1
0
4
2
4
2
2
1
5
0
4
5
6
4
7
5
0
6
4
2
9
1
3
4
5
4
6
8
2
2
1
1
4
1
6
1
6
5
1
2
9
11
4
3
1
4
4
2
4
6
5
8
1
2
3
1
2
8
3
2
4
2
2
2
2
2
8
5
6
4
2
0
1
22
3
5
2
5
5
1
3
5
4
2
2
1
4
3
6
4
5
3
0
1
1
1
2
31
18
2
2
1
2
3
2
4
0
4
2
2
4
5
1
2
1
1
1
5
4
2
6
4
1
4
7
0
1
1
2
0
2
4
1
1
16
2
3
0
2
1
1
1
17
5
2
2
1
1
1
1
16
2
1
1
1
1
1
1
12
2
3
1
1
1
1
1
7
5
4
2
2
1
0
2
7
2
2
1
1
2
0
1
3
3
2
1
1
0
0
0
5
1
4
3
1
3
0
0
12
4
1
1
2
2
0
3
10
1
3
4
1
3
8
1
1
1
1
2
1
5
2
1
1
1
4
3
3
7
2
1
1
1
3
2
2
5
0
1
2
4
2
3
2
2
1
0
2
3
1
2
1
2
1
3
3
2
3
1
2
4
4
3
3
1
3
2
0
4
2
2
3
3
2
1
3
3
3
3
1
8
3
1
1
2
1
2
2
1
6
1
5
3
1
1
2
1
6
2
4
2
1
3
2
2
12
2
1
2
2
1
1
4
1
1
3
18
3
3
3
2
1
3
2
3
1
3
1
1
2
6
9
11
0
2
1
0
4
1
1
3
1
1
1
6
2
6
7
2
11
4
2
3
3
4
3
2
5
3
1
5
8
2
6
1
1
1
3
13
8
2
7
1
2
1
1
3
3
26
7
3
4
2
2
9
3
9
4
2
4
4
3
1
22
4
5
1
2
3
1
4
6
4
1
1
1
2
3
4
2
1
3
2
1
1
2
2
2
2
3
0
1
1
1
2
2
1
2
1
2
1
0
1
1
1
2
1
1
1
1
1
5
2
3
1
2
2
5
1
5
3
0
1
1
1
1
3
3
6
0
2
3
0
1
2
3
2
2
1
0
0
1
1
9
21
1
1
1
4
4
1
3
4
1
1
1
2
5
2
2
3
2
2
3
2
1
2
1
3
0
4
2
0
2
3
5
2
0
1
2
1
0
1
3
2
2
2
1
1
5
5
4
2
3
9
5
1
1
4
4
2
2
2
2
1
1
8
2
8
3
3
2
0
0
2
3
4
1
0
1
4
1
3
7
3
1
4
3
3
3
2
9
8
1
1
1
2
0
7
7
5
0
1
3
3
2
1
4
3
2
3
2
3
1
4
2
5
2
2
2
2
2
3
10
4
1
2
3
1
1
3
3
15
4
3
3
5
0
2
4
2
1
3
2
1
1
1
5
2
1
2
4
1
3
1
16
7
6
0
1
5
3
2
1
1
2
1
2
1
12
1
5
1
1
1
0
8
7
10
2
1
0
1
1
1
3
2
1
1
2
1
1
1
5
2
4
1
4
1
1
7
9
7
2
2
1
1
1
2
3
3
2
0
2
0
4
4
2
2
1
1
5
1
1
2
2
1
3
1
1
2
4
2
3
2
0
2
1
1
1
4
1
0
2
1
3
0
2
6
6
1
2
3
2
2
2
14
3
2
2
1
2
3
3
1
1
3
3
2
3
0
1
5
1
2
0
8
3
4
2
1
3
0
2
6
2
3
2
1
1
1
1
4
7
2
3
1
3
3
1
3
1
2
2
1
1
1
0
4
2
1
2
2
2
1
1
1
2
1
5
2
2
1
2
6
3
1
4
1
5
0
2
1
1
4
2
2
1
2
2
3
3
0
5
1
1
1
1
2
4
8
2
6
2
1
3
1
1
3
4
1
1
2
10
1
0
2
1
8
2
2
9
1
1
1
3
2
3
3
1
0
1
1
6
1
2
4
1
2
1
1
3
4
1
5
0
3
1
2
6
1
3
4
1
3
1
2
3
1
1
2
2
2
2
1
4
2
3
8
1
2
2
1
2
1
2
2
2
2
3
3
3
3
7
8
2
2
2
1
4
2
2
2
3
2
1
1
6
3
5
1
2
3
1
1
2
3
5
1
0
1
1
2
4
2
3
5
4
1
2
7
2
1
1
2
1
1
3
3
2
1
2
1
1
2
8
5
2
1
1
1
2
1
3
4
3
2
3
2
2
1
8
6
4
1
6
1
3
1
2
4
2
3
3
1
1
1
2
1
2
1
2
1
2
1
4
6
7
2
4
1
1
1
3
3
8
1
3
3
1
2
1
3
1
2
2
3
1
2
2
2
3
2
6
6
1
2
1
1
2
3
4
1
2
8
2
2
8
3
2
1
1
1
1
5
4
3
1
1
4
1
1
4
3
2
2
0
2
1
3
2
5
6
2
2
1
2
1
7
5
5
2
2
3
0
1
2
4
1
2
0
3
0
2
1
1
2
2
2
1
1
1
2
7
1
1
1
3
2
4
5
3
2
2
2
1
0
2
3
3
5
1
3
2
0
2
3
4
3
3
17
1
2
0
0
1
1
2
1
3
1
0
1
6
1
4
2
2
1
1
2
4
4
1
0
2
1
1
2
3
5
10
3
2
2
2
1
0
2
5
1
2
4
1
1
1
3
1
1
2
0
1
2
2
4
2
1
4
2
1
3
2
2
1
1
4
1
2
0
9
1
5
0
3
1
2
1
4
10
2
2
2
2
1
5
4
2
2
1
2
1
1
1
2
1
2
3
5
3
0
1
4
4
1
1
5
2
1
5
4
2
2
1
3
1
3
6
4
3
1
3
5
1
2
20
6
2
1
1
1
4
1
1
3
4
1
0
5
1
5
1
2
5
3
1
5
3
1
7
8
3
1
1
10
3
1
1
6
3
3
1
1
2
1
2
6
4
1
2
3
2
2
6
12
2
1
2
3
3
1
5
12
2
2
1
5
3
2
3
5
15
13
10
1
1
15
2
3
3
0
7
2
1
0
0
2
2
1
5
2
5
2
0
5
11
5
22
3
4
2
3
1
5
2
5
4
14
1
2
4
1
1
4
2
4
2
0
1
8
4
15
2
3
1
2
11
11
3
4
3
1
17
1
2
1
6
7
0
4
4
0
6
1
4
3
1
1
2
1
10
1
3
4
3
1
0
1
1
1
2
8
1
4
2
1
10
3
1
3
3
3
1
3
1
2
1
1
0
1
2
2
6
3
2
2
7
6
24
15
4
1
2
1
2
9
7
1
2
2
3
1
10
2
10
5
1
2
2
2
2
5
4
6
4
2
11
1
6
9
23
30
1
1
5
5
3
3
12
6
3
3
2
1
3
16
2
0
0
2
3
2
1
1
3
2
5
1
1
1
0
1
1
2
4
2
1
4
13
2
2
4
10
10
3
0
4
2
1
1
1
2
2
7
7
5
2
2
1
4
16
8
3
3
2
2
0
1
3
11
16
2
3
2
5
1
2
4
6
1
2
1
4
2
12
6
2
2
2
1
1
3
8
13
1
2
3
9
0
1
9
7
8
1
2
3
2
4
6
4
1
1
1
3
0
1
5
5
1
1
2
0
1
0
2
2
2
1
1
3
2
4
1
2
1
1
0
5
3
0
1
1
3
1
2
4
1
1
1
3
6
11
6
15
1
1
2
3
2
2
4
12
0
1
3
1
2
1
3
3
0
0
1
1
1
2
2
2
0
2
1
2
11
14
1
3
1
2
6
1
1
9
3
5
1
0
1
1
10
1
1
3
1
2
1
1
1
5
1
2
1
2
7
4
1
2
1
4
1
1
2
2
3
6
4
3
1
0
1
3
2
0
1
1
2
2
3
2
1
2
3
10
1
1
5
5
2
1
0
3
5
3
2
16
1
5
1
2
1
1
3
17
3
1
1
2
1
1
3
3
2
2
1
2
4
1
4
14
1
2
2
2
3
0
1
8
8
1
1
1
1
0
3
2
3
2
6
2
0
2
0
1
0
1
1
1
1
0
3
1
1
5
8
1
3
1
3
1
0
3
2
1
2
1
2
10
0
3
4
0
30
5
1
2
1
2
1
3
1
4
3
2
10
9
20
4
0
5
1
9
1
5
3
5
2
2
2
2
10
12
13
2
4
3
5
6
9
5
7
1
5
2
2
1
8
4
2
1
0
1
2
0
3
2
3
2
4
2
3
1
1
1
1
0
2
2
6
1
1
7
5
4
1
2
1
2
4
1
2
1
3
2
3
2
2
2
1
6
5
7
1
1
6
4
4
2
4
2
6
2
4
5
8
3
4
1
10
2
7
1
15
7
3
1
3
1
5
2
4
3
1
4
5
5
6
4
5
2
4
4
6
1
12
8
4
2
2
2
4
2
12
5
4
2
2
5
4
4
8
3
15
1
3
1
2
3
4
2
6
1
2
2
1
1
2
3
1
2
0
3
6
2
3
4
0
13
1
3
1
3
4
6
2
0
1
8
1
4
1
4
1
0
0
1
6
6
6
5
0
2
4
2
2
9
4
7
5
1
2
1
9
11
4
7
1
5
2
2
8
3
2
4
0
2
1
1
1
5
2
1
1
1
1
1
1
3
3
2
0
4
0
2
3
1
0
4
4
2
3
1
1
0
1
7
1
5
0
4
1
3
2
2
5
3
1
2
1
3
1
9
2
3
0
2
2
4
1
6
6
1
1
1
3
3
1
5
1
13
1
2
1
2
3
3
1
3
1
12
1
2
0
7
3
5
1
3
3
3
1
7
4
6
1
3
3
1
1
2
2
1
2
1
1
2
1
5
3
2
2
2
0
2
0
1
2
2
0
3
0
0
0
6
1
3
0
1
6
1
2
0
4
12
2
2
2
1
2
1
5
4
2
5
2
2
1
2
1
5
3
5
0
2
2
6
2
5
8
2
0
4
1
1
2
2
2
1
1
2
1
2
4
3
1
2
1
0
1
2
12
6
3
1
2
2
1
2
4
1
0
1
1
1
2
1
8
4
2
8
2
0
2
4
1
13
3
0
2
1
1
14
11
9
4
0
2
1
1
1
1
9
13
2
3
1
1
6
2
5
3
0
1
2
1
2
22
8
2
2
4
3
0
13
9
3
3
2
2
0
1
3
24
5
1
0
2
2
2
10
2
6
2
3
0
2
1
2
5
1
2
1
2
1
0
2
2
2
10
2
2
1
1
1
1
6
3
2
13
2
2
1
1
2
3
2
12
2
2
4
0
2
1
1
3
4
0
1
1
1
1
3
6
8
1
0
0
1
2
5
5
3
1
0
1
1
2
4
4
2
4
1
2
2
1
1
5
2
1
1
1
2
3
1
6
3
0
0
1
1
1
4
2
4
1
2
1
2
1
5
2
10
6
1
1
2
7
2
2
0
1
1
2
5
3
2
0
1
1
2
1
4
3
3
0
2
1
1
4
1
2
6
0
0
2
1
3
3
4
2
0
4
1
3
2
4
3
6
0
1
2
1
6
2
3
1
0
2
1
1
1
2
3
2
0
1
2
1
2
8
2
1
1
1
0
1
2
8
1
1
0
1
3
1
2
3
1
3
17
1
1
0
1
2
1
9
2
1
2
0
1
2
2
5
7
4
0
0
1
0
1
3
3
3
0
1
1
1
1
3
5
1
1
1
3
1
2
7
14
1
1
1
1
1
1
2
1
2
2
1
0
1
2
1
1
2
5
0
1
1
3
1
2
1
1
2
1
0
1
4
2
3
1
1
1
1
2
4
2
3
1
0
1
0
3
1
1
2
2
2
1
1
1
2
2
1
2
2
1
2
2
0
2
3
1
3
1
0
1
4
3
2
0
1
5
0
5
8
4
3
2
3
1
1
1
4
1
3
2
4
1
0
4
1
3
1
1
1
2
1
4
2
1
2
3
2
2
1
3
4
2
2
1
0
0
0
2
0
1
2
2
2
0
1
1
1
5
1
4
3
2
1
1
1
4
3
2
3
8
2
1
4
5
4
5
3
0
1
2
0
2
2
2
3
1
1
2
5
3
1
1
3
1
0
1
1
5
2
1
1
2
1
3
0
3
5
5
8
1
3
3
1
3
1
2
4
2
1
3
1
3
5
4
2
4
1
2
1
5
2
1
3
1
1
5
1
4
2
1
1
3
1
7
3
3
3
3
1
5
1
3
1
8
2
5
1
4
0
3
1
1
5
0
1
2
2
1
4
2
3
1
1
2
1
4
3
3
4
1
1
2
1
2
4
2
2
1
8
0
2
1
2
2
2
3
4
0
2
4
19
8
0
3
0
4
0
5
1
1
2
2
3
1
2
1
1
1
1
5
2
1
1
1
1
2
1
1
7
2
24
5
0
1
1
0
3
1
9
2
1
1
2
2
1
3
3
2
1
2
1
1
3
3
2
4
0
1
5
6
10
4
1
5
1
2
1
1
3
3
0
3
0
2
0
1
5
10
3
6
1
1
0
3
1
1
1
18
25
5
23
9
1
1
1
4
6
3
9
18
1
2
0
2
4
2
5
4
1
1
1
0
2
3
3
3
1
2
3
2
5
22
5
2
1
6
8
3
3
12
3
1
1
1
2
1
20
1
3
2
1
1
1
1
4
4
1
2
1
1
2
2
3
2
1
2
13
1
1
4
4
1
1
4
2
2
1
4
8
2
1
2
3
0
2
14
7
5
10
2
2
1
1
10
6
2
1
2
0
1
1
5
4
2
2
1
1
1
0
3
5
2
2
0
1
1
1
3
4
2
3
3
10
1
2
3
3
1
10
2
2
1
2
2
1
0
1
0
0
1
0
6
2
1
3
3
3
2
2
0
2
4
3
7
1
1
2
3
1
3
2
5
6
1
1
1
1
1
1
4
1
1
1
1
2
1
2
3
2
3
2
1
1
6
1
1
5
2
1
1
2
7
1
14
2
3
3
1
2
3
14
3
3
1
3
1
2
6
3
11
2
1
2
2
1
2
6
5
5
2
1
2
2
1
3
2
24
0
3
1
1
2
3
2
26
4
1
2
2
1
2
2
14
2
1
1
2
3
1
1
2
6
1
6
2
2
2
1
3
4
2
1
1
2
2
2
2
6
2
0
2
1
6
11
7
3
2
1
2
1
1
4
9
5
2
1
1
1
2
19
4
3
1
3
1
1
2
1
2
10
3
0
1
4
1
1
1
20
3
1
0
1
1
1
2
7
3
1
2
2
4
1
4
4
1
2
8
1
2
15
16
3
1
2
2
2
1
10
3
6
1
1
1
1
1
2
1
4
1
2
3
3
1
3
1
6
1
2
0
1
3
2
1
19
18
4
4
1
3
5
3
31
4
3
4
2
1
1
3
2
12
1
8
3
2
0
1
2
12
3
10
2
1
1
5
6
1
4
2
2
2
2
2
5
21
3
9
6
4
1
4
24
4
1
2
1
3
2
1
6
1
0
5
2
1
0
1
6
2
1
13
1
2
0
7
30
10
5
2
2
5
6
3
9
5
0
1
2
3
3
0
2
3
1
2
4
1
1
18
16
6
2
10
3
4
6
22
19
3
1
23
15
5
3
4
7
12
0
2
4
11
7
3
2
2
0
2
3
2
2
3
2
5
2
1
1
1
4
1
1
17
2
1
2
2
11
4
1
2
1
4
5
30
15
2
4
1
8
0
3
4
3
4
1
1
1
4
10
4
4
1
2
2
1
8
7
48
9
2
28
11
1
1
13
4
32
0
2
5
1
10
2
2
1
2
1
2
0
1
12
8
0
3
3
2
1
2
4
2
4
2
1
4
1
1
2
1
2
4
1
7
6
1
3
2
3
3
2
1
2
1
1
1
3
1
13
2
2
4
3
3
0
17
13
5
4
5
1
1
1
1
5
7
2
2
1
1
2
13
8
2
2
2
3
2
1
1
4
1
2
1
1
1
1
1
15
4
7
3
1
1
1
6
2
3
7
3
3
0
3
5
3
5
2
1
1
2
8
2
6
1
1
0
0
2
5
7
2
2
2
1
2
2
5
0
2
1
0
0
2
1
5
9
0
5
6
1
1
1
10
5
3
4
1
1
0
1
5
3
1
1
2
1
2
1
6
1
2
2
16
16
0
1
2
1
2
4
21
3
1
1
1
2
8
5
14
4
2
2
1
1
2
3
1
2
1
1
2
2
1
3
5
3
1
1
1
3
3
6
8
4
1
1
1
2
1
11
4
1
1
2
0
1
1
2
1
2
2
2
2
1
2
3
4
8
4
3
1
1
3
2
5
7
11
1
0
2
2
3
1
24
1
7
2
1
1
1
1
4
3
0
3
2
1
3
2
5
5
1
2
0
5
2
1
2
4
0
1
1
2
3
4
5
13
1
0
3
2
1
1
7
4
6
1
1
3
4
5
16
5
0
3
6
1
2
12
7
13
1
0
1
2
2
6
8
6
2
0
2
3
1
4
2
10
2
11
10
1
2
8
7
31
2
2
1
0
2
4
4
4
1
1
1
1
2
6
3
2
3
1
2
1
2
4
1
2
3
1
0
1
2
5
13
10
12
3
1
2
4
2
1
4
10
2
1
2
6
1
2
9
5
2
4
4
3
1
3
5
2
1
3
2
1
1
1
4
33
2
4
2
4
2
1
15
6
3
1
8
3
2
0
8
1
4
1
3
2
1
1
4
1
5
1
2
3
1
1
3
2
2
5
2
1
6
11
0
2
3
1
2
0
2
2
2
2
1
2
0
1
2
5
8
3
2
4
8
0
2
6
1
1
1
1
3
0
11
6
2
2
1
4
6
1
4
14
1
2
2
2
1
0
12
5
6
3
3
1
2
1
25
2
2
1
2
8
9
2
6
1
1
1
0
7
11
4
1
2
1
3
2
6
8
14
10
1
3
11
2
1
7
1
5
1
1
4
2
9
4
1
0
3
0
3
1
3
10
0
2
1
1
1
3
6
5
2
4
1
15
5
2
1
6
4
2
1
6
2
4
1
2
2
2
6
4
3
15
4
17
1
3
6
16
8
9
9
1
1
2
1
11
8
2
1
5
4
3
3
2
9
1
1
1
1
1
1
6
2
3
1
1
0
2
3
2
4
7
1
1
1
3
2
5
6
0
1
1
1
5
3
9
2
1
2
0
3
4
1
4
2
3
3
4
2
5
0
1
1
0
1
1
0
6
2
4
1
2
1
5
1
5
2
1
3
0
1
0
2
2
1
2
0
2
1
0
0
6
8
2
4
1
5
1
4
1
1
10
16
6
1
5
1
1
1
10
4
5
2
2
1
1
0
6
5
5
6
1
3
4
1
4
6
8
4
1
2
3
1
3
1
8
0
1
1
1
3
3
1
3
2
3
3
1
3
2
4
4
6
9
3
2
3
2
2
1
10
6
4
1
1
2
2
2
2
2
2
4
1
1
3
2
6
4
1
2
0
2
6
2
2
1
5
3
1
4
6
4
7
1
3
1
2
1
2
1
5
1
4
2
1
1
5
9
10
3
1
6
1
1
3
2
1
9
2
3
1
1
2
5
6
10
2
1
1
3
3
3
5
13
3
5
2
5
1
4
3
7
2
3
0
2
2
4
2
2
2
3
3
3
5
4
1
2
1
1
1
1
3
5
2
8
7
10
5
2
2
2
1
5
3
5
2
1
2
0
3
3
3
2
1
2
1
1
2
6
5
2
3
1
1
3
2
8
1
10
1
3
3
3
0
2
7
3
1
2
1
2
1
5
9
2
2
1
1
1
1
3
3
4
3
1
1
4
4
2
1
1
0
0
2
26
3
1
1
2
1
2
1
3
4
2
6
0
2
3
1
6
4
4
2
2
1
7
0
7
11
1
2
1
0
0
0
7
3
1
5
1
1
1
2
4
1
2
2
0
4
6
2
4
0
2
1
2
5
2
1
4
0
1
1
1
2
7
1
1
1
6
2
0
4
3
3
4
2
1
1
1
7
2
1
5
0
12
0
2
5
2
2
3
1
1
3
6
1
1
1
1
1
6
2
5
1
3
0
1
5
7
1
9
2
1
1
1
3
2
1
3
1
2
4
1
3
1
6
1
2
1
1
1
1
1
4
1
4
1
1
2
4
5
5
3
1
2
1
1
24
5
1
1
0
1
1
3
3
2
3
1
1
3
2
9
1
1
2
0
0
1
2
20
2
5
2
1
0
3
0
4
5
8
2
3
1
1
1
5
4
2
1
0
2
2
0
4
0
2
4
6
2
2
2
1
1
5
4
3
1
2
0
3
1
2
7
2
3
4
1
2
2
5
8
8
3
1
1
1
0
4
13
5
1
4
3
1
1
6
4
0
0
2
3
3
5
2
2
2
7
2
5
1
0
1
3
3
3
1
4
3
2
5
5
1
5
2
1
3
0
3
2
7
1
2
1
3
2
0
2
12
6
4
1
4
2
1
1
2
15
3
2
1
2
1
6
10
7
4
6
0
2
2
3
2
1
8
2
2
3
4
4
5
31
4
1
1
1
2
0
5
3
8
2
1
1
2
1
4
3
8
1
1
1
2
0
1
1
10
3
1
0
3
2
2
3
4
5
2
1
2
3
3
2
1
2
4
5
0
2
1
1
12
4
5
1
0
22
3
1
6
7
3
0
1
3
4
0
4
3
3
1
2
2
3
0
4
2
4
3
1
1
1
1
1
3
1
1
0
1
8
28
2
0
1
1
2
2
2
4
1
2
1
2
1
8
3
2
3
2
1
1
2
3
6
4
4
4
1
2
0
2
6
3
3
3
1
3
2
2
6
1
2
3
2
6
4
9
2
1
1
1
1
1
14
22
24
1
3
1
2
3
1
4
1
3
1
2
1
2
5
3
12
1
3
1
1
1
4
5
9
1
1
1
1
2
26
1
6
2
3
2
1
13
1
1
5
3
7
23
6
2
2
7
3
4
3
1
4
1
0
1
1
5
4
2
2
1
2
1
2
3
3
1
3
1
1
1
1
7
1
2
1
2
1
3
2
1
1
2
1
1
1
7
1
3
5
0
1
1
1
1
1
5
2
2
3
3
0
1
5
2
1
1
1
1
1
1
3
2
1
3
9
2
3
3
3
1
6
3
6
4
1
3
1
4
1
2
3
9
1
0
1
2
4
3
4
4
1
1
3
1
3
1
0
8
1
2
2
2
2
2
3
5
10
1
2
2
0
5
1
3
3
2
8
1
2
1
5
1
2
0
5
1
1
2
5
1
1
1
1
2
2
0
0
5
3
1
0
2
1
2
1
2
2
0
1
3
2
7
2
8
2
1
3
2
3
2
6
2
4
1
4
1
1
2
6
8
3
0
2
2
2
7
3
5
4
1
4
1
3
1
3
1
3
4
7
3
1
3
2
1
1
10
8
2
2
2
1
12
6
2
4
5
1
2
6
1
3
2
1
3
1
1
1
2
2
0
2
4
6
1
1
9
22
2
6
16
4
6
5
14
7
9
3
9
5
3
6
4
3
1
3
1
2
2
2
5
5
6
6
1
2
3
5
4
0
6
2
1
2
1
2
1
14
3
2
1
10
7
22
0
2
2
3
2
2
1
1
3
2
1
2
2
6
6
3
1
3
3
1
2
6
2
9
3
1
2
3
2
9
2
3
2
10
2
2
2
3
1
1
6
3
5
2
0
0
2
2
2
5
2
1
0
3
1
1
1
11
6
1
1
1
1
4
3
8
3
1
1
4
1
1
27
6
10
0
1
1
1
7
1
1
3
1
1
0
3
1
1
0
2
0
1
2
2
2
3
2
4
17
5
4
1
4
0
2
13
2
14
2
2
1
0
0
3
2
1
1
0
1
3
2
3
1
4
1
2
0
3
1
2
0
2
28
0
4
2
1
2
1
2
1
1
1
4
1
2
2
3
1
1
1
4
1
1
2
3
1
1
1
1
0
1
1
5
12
1
3
1
3
1
2
4
4
7
1
0
1
2
1
2
2
1
2
2
1
1
2
1
1
1
3
2
1
2
5
4
17
7
1
5
0
1
1
1
10
1
2
2
3
3
6
1
4
1
4
1
0
1
5
1
3
2
5
4
2
3
4
1
5
10
1
9
5
8
5
2
2
2
0
0
5
4
5
8
1
2
1
1
1
1
2
2
4
18
1
1
0
1
10
2
7
4
4
2
8
4
5
1
1
2
2
1
2
12
2
1
2
0
2
1
2
1
4
2
1
1
1
2
3
4
2
30
3
4
2
2
1
1
2
2
3
2
1
0
1
0
1
3
4
4
3
1
3
3
3
3
1
4
1
0
1
1
8
7
3
1
1
1
1
0
2
3
1
0
0
1
1
1
5
1
1
1
5
3
1
1
0
0
2
4
2
1
3
2
1
2
3
3
0
2
1
2
2
5
2
4
4
4
4
2
4
2
2
2
5
0
5
1
1
3
4
1
1
2
2
2
6
1
5
1
1
2
4
2
2
3
5
2
4
4
2
1
2
2
3
3
1
0
7
3
1
2
3
5
2
1
5
10
6
3
2
1
3
0
20
6
1
2
0
0
0
2
3
1
1
2
2
1
1
15
6
2
3
0
1
2
2
3
7
3
3
4
3
1
2
7
2
2
2
1
4
1
3
0
2
4
3
2
4
1
5
2
6
1
1
2
8
3
3
1
2
2
2
2
1
5
1
1
2
7
4
1
1
1
2
1
3
5
1
1
3
5
1
2
3
2
1
6
1
1
6
4
5
1
0
3
1
1
4
1
7
3
22
5
6
3
1
0
7
9
2
2
1
2
2
3
2
21
2
3
10
0
1
7
1
3
7
2
2
3
1
2
1
6
15
6
1
1
2
2
1
4
6
2
1
3
2
1
1
6
2
3
2
3
1
1
2
1
2
3
5
4
6
2
2
0
2
3
1
4
1
4
2
1
2
2
1
3
1
2
3
1
8
1
2
1
1
0
1
1
4
4
0
2
0
0
2
3
2
0
6
3
0
2
2
1
3
2
1
0
3
1
1
1
1
0
1
2
3
2
1
2
2
1
2
4
3
1
2
3
2
1
2
3
2
5
0
1
1
0
1
0
2
7
5
5
2
1
1
3
8
1
13
7
2
5
1
0
5
4
2
1
1
2
4
2
1
5
4
2
13
8
3
