163
154
157
158
133
172
155
267
196
168
131
179
169
201
183
111
158
163
157
114
149
153
217
255
301
246
232
248
328
255
214
208
252
196
212
275
221
186
233
194
214
234
166
218
205
208
136
164
220
185
264
166
201
213
233
283
270
331
304
294
244
297
268
221
236
239
194
230
220
319
285
262
280
259
319
290
318
307
289
339
297
266
291
311
247
223
201
204
232
200
151
220
234
214
230
219
169
234
241
215
244
194
282
228
310
228
268
334
226
260
161
236
245
161
181
69
155
182
130
184
261
35
155
212
118
225
96
178
210
157
28
158
187
101
74
131
178
192
119
216
277
263
216
214
209
212
234
306
263
235
229
236
270
268
206
211
216
246
190
189
193
232
314
285
242
333
262
306
154
196
148
130
135
139
166
122
92
110
103
88
99
169
126
132
140
185
142
187
170
151
205
239
186
196
154
235
173
159
132
134
135
139
154
169
175
137
162
183
150
133
155
134
127
152
136
151
168
159
135
135
208
236
165
158
178
182
296
164
145
170
142
188
207
136
121
129
105
204
259
213
208
190
161
142
163
123
255
253
221
227
292
218
222
176
273
209
245
222
239
191
259
243
257
193
226
242
162
186
141
218
217
264
190
289
286
173
232
188
275
198
341
261
308
277
228
197
242
274
279
272
229
210
248
263
264
208
174
261
306
266
188
249
265
193
286
162
266
162
273
254
209
165
212
233
230
228
245
161
181
216
226
177
182
230
210
200
131
150
249
296
175
147
152
190
175
302
301
310
258
275
297
259
225
314
287
278
272
245
198
260
272
233
216
200
245
222
222
169
244
265
221
319
277
276
235
277
218
188
276
264
213
280
277
247
192
215
210
297
230
237
242
246
190
180
253
223
189
194
194
227
228
286
144
148
177
209
168
144
115
269
309
215
264
260
231
278
212
211
244
212
260
283
277
213
281
249
174
278
211
233
215
229
282
216
238
189
221
327
228
231
225
221
230
247
250
232
243
228
216
231
196
229
227
269
213
243
277
224
201
139
212
232
220
198
195
116
231
187
182
178
226
110
114
118
96
116
196
181
158
192
273
272
231
276
276
306
189
104
113
181
216
222
210
107
87
157
181
166
182
79
125
102
92
97
105
109
97
104
242
217
180
224
225
236
95
189
179
141
137
128
127
85
87
80
86
88
85
163
124
122
118
113
150
142
108
137
150
122
135
134
122
122
97
78
105
92
52
57
91
86
130
125
100
92
120
92
87
77
78
91
165
98
91
113
147
115
153
119
115
113
229
144
179
170
223
245
241
131
176
195
193
206
203
119
120
188
174
161
184
156
175
176
223
216
255
312
294
294
224
258
182
213
199
162
208
237
166
258
208
213
192
182
188
197
150
170
130
146
146
180
229
253
193
263
203
195
158
155
134
124
144
144
156
137
139
170
148
130
113
134
122
145
170
148
127
135
152
138
184
173
122
233
164
225
152
177
160
197
224
199
203
96
95
120
136
125
143
131
183
168
135
149
134
120
111
100
186
149
146
243
218
251
199
182
176
108
176
167
189
208
189
123
201
213
207
295
91
148
171
144
104
149
160
155
156
107
167
196
245
190
220
242
173
162
150
219
154
219
208
179
160
233
157
196
172
170
231
169
237
220
220
221
254
251
286
227
283
235
237
227
226
183
210
135
229
239
225
226
235
154
245
266
190
221
183
245
164
209
149
223
261
208
264
175
285
213
193
191
210
177
150
222
222
242
281
180
141
203
232
291
167
178
207
246
211
167
232
228
202
238
226
237
206
271
277
298
252
246
223
212
178
293
281
227
197
192
173
281
234
233
196
173
264
176
152
161
231
187
218
241
184
168
199
110
168
195
198
193
163
131
177
162
167
163
150
154
115
111
119
111
163
167
165
147
288
275
235
271
212
205
161
146
185
240
178
141
145
92
109
185
175
126
139
181
143
119
99
108
162
146
129
127
266
212
202
190
180
208
230
151
172
187
134
159
137
172
170
192
154
167
167
128
129
103
127
110
143
103
136
118
211
207
222
219
286
258
195
179
275
249
275
241
286
202
179
184
190
210
202
172
174
176
204
188
288
275
266
285
274
267
298
301
338
299
289
254
274
242
252
270
249
279
317
251
247
308
271
293
285
291
261
308
249
258
277
280
324
263
298
309
323
263
226
210
198
212
233
234
195
234
224
210
243
241
207
230
202
228
254
202
244
229
250
243
256
251
279
276
265
261
313
253
252
261
243
236
231
276
271
268
235
254
222
237
235
201
225
191
262
228
229
229
295
272
315
246
296
257
250
169
196
223
258
284
220
236
266
280
310
270
245
274
259
217
193
219
279
246
218
246
305
244
266
289
249
286
218
241
282
258
227
291
253
204
214
172
168
206
189
326
264
285
257
251
284
288
278
273
312
327
317
292
283
348
164
199
209
218
219
188
215
242
235
138
173
138
162
236
160
201
153
181
168
226
182
201
190
213
238
206
208
249
207
257
185
137
147
110
132
220
293
197
199
171
207
193
134
155
111
137
199
195
179
197
241
213
208
226
247
233
166
156
119
214
149
192
164
147
63
186
160
122
105
125
138
294
197
199
92
105
122
151
151
144
138
195
202
175
95
169
150
203
224
252
212
146
120
107
88
85
99
117
204
139
144
185
136
125
140
141
197
202
259
247
208
208
184
208
131
171
123
132
128
239
168
210
145
202
155
175
253
155
196
150
147
112
148
94
180
207
172
165
178
183
213
107
87
164
167
146
95
123
98
169
173
163
104
102
120
129
130
123
95
91
134
113
214
176
153
196
149
174
143
96
120
99
123
111
105
187
210
217
201
152
165
218
232
192
175
192
251
241
189
244
254
203
213
224
227
213
229
179
181
210
201
197
228
177
209
236
208
192
239
224
166
231
231
208
186
218
204
228
219
198
221
222
220
249
174
221
236
153
182
133
203
161
206
152
169
107
175
169
144
175
163
221
162
167
130
195
217
158
193
191
248
212
157
43
123
151
177
202
176
84
167
143
165
190
190
81
109
30
96
54
124
148
154
161
127
238
141
178
247
190
231
192
183
247
203
161
196
178
197
205
135
139
167
187
200
167
122
154
187
140
158
138
194
170
180
125
166
140
186
221
225
217
141
194
150
236
217
178
130
173
146
247
206
176
240
178
215
144
188
150
177
233
188
215
191
203
133
128
158
98
149
127
85
226
175
88
132
115
64
171
111
178
144
79
133
150
148
93
151
150
123
212
124
107
228
163
176
128
157
151
123
166
187
110
160
182
137
223
86
120
157
146
84
121
159
148
120
96
79
189
125
176
193
220
230
164
130
143
142
169
187
175
153
176
184
214
141
110
140
138
134
109
154
148
136
165
154
181
204
224
170
150
150
125
116
110
98
221
243
184
205
188
141
259
250
219
196
135
236
259
226
140
222
172
112
224
145
120
216
243
262
199
157
146
164
188
219
183
187
182
155
259
180
166
148
162
197
186
172
167
208
184
181
220
183
146
142
87
112
112
119
104
109
102
166
148
171
121
123
145
80
81
78
66
125
134
115
101
176
137
124
160
149
91
126
138
114
179
159
176
136
131
108
165
177
156
159
179
162
152
119
118
117
128
148
101
190
165
161
157
247
144
138
154
134
209
201
221
236
174
98
112
86
121
101
163
155
118
168
146
167
146
191
170
230
249
267
240
260
259
100
93
101
99
90
89
111
184
250
169
166
186
192
228
192
163
197
172
208
160
213
196
142
242
244
182
172
243
101
151
211
213
221
217
214
143
102
105
91
130
99
162
176
149
182
147
214
229
175
200
219
206
187
196
222
231
244
158
174
198
159
206
249
207
226
263
178
252
211
221
178
171
222
131
171
205
164
172
144
270
190
131
202
169
228
223
199
242
223
211
175
227
220
284
222
230
199
238
245
293
259
202
239
247
215
229
251
265
231
299
238
229
263
330
241
223
200
221
240
291
277
253
244
235
258
276
242
234
239
270
241
260
244
276
237
239
260
231
314
287
222
97
172
203
234
175
193
115
212
188
218
193
185
179
103
118
162
116
165
213
267
244
235
169
174
218
227
204
133
108
100
133
160
113
102
104
80
142
133
90
55
86
96
149
155
132
72
83
74
82
158
112
78
167
111
135
177
134
131
133
117
114
118
167
114
152
173
157
176
151
213
148
116
147
186
141
144
113
200
147
168
259
227
181
205
182
136
223
255
189
227
347
264
170
211
250
248
268
162
205
250
242
136
150
188
219
195
180
234
219
211
233
235
201
205
212
193
176
166
200
189
181
167
153
147
201
179
157
153
143
210
193
192
172
235
235
234
251
205
251
214
224
194
253
265
264
316
178
175
166
145
230
181
157
228
188
202
232
152
143
210
171
222
205
278
197
290
258
201
129
190
188
170
183
166
170
224
167
175
175
170
153
111
130
116
123
145
170
167
174
248
247
250
233
247
220
107
126
98
133
131
94
120
126
105
136
130
122
133
102
183
144
116
159
132
144
132
138
248
176
240
214
278
196
161
215
171
214
176
215
171
189
200
182
165
153
158
173
235
230
186
219
200
184
171
184
332
334
318
320
363
313
200
154
119
138
154
143
198
154
112
101
130
126
139
93
89
98
97
119
121
142
126
123
303
275
198
309
219
207
145
186
138
259
270
281
234
192
115
158
145
142
128
157
202
161
174
152
128
122
148
132
278
253
230
332
267
274
267
268
210
185
166
187
203
265
204
183
145
166
203
224
142
113
118
178
153
124
126
187
216
215
260
243
241
252
302
289
252
293
239
234
259
253
307
249
208
217
236
290
256
252
258
255
230
192
229
231
230
290
263
223
314
252
190
213
205
327
332
244
247
198
179
189
176
152
163
176
227
215
189
192
191
204
196
182
320
249
270
293
262
224
241
164
224
283
245
216
213
126
208
225
207
170
172
129
142
125
112
115
239
260
256
253
316
272
260
285
287
297
200
202
106
176
245
216
237
145
85
143
165
147
157
135
212
250
253
250
103
121
117
118
225
294
218
250
251
267
198
243
181
190
187
169
182
154
265
248
263
262
168
141
157
146
149
145
226
237
235
142
221
219
180
245
163
139
179
176
206
138
187
185
186
290
197
213
231
216
246
207
235
205
184
264
172
204
177
216
227
217
230
266
247
226
157
173
180
206
212
219
223
119
143
134
144
167
177
178
163
188
166
160
181
202
183
183
241
202
200
234
217
253
112
155
83
107
105
112
125
180
120
118
108
80
127
145
187
158
134
185
159
139
104
143
283
210
196
199
194
191
176
93
133
188
183
209
197
112
188
232
152
155
159
126
109
81
86
98
193
147
142
127
207
197
176
261
241
267
226
223
220
180
195
201
221
231
216
211
219
207
205
309
202
213
217
227
172
192
185
201
237
233
193
281
228
237
317
262
264
180
199
223
242
243
221
197
212
259
256
238
166
189
210
201
153
187
190
219
199
206
177
250
193
219
227
197
252
174
223
225
201
279
257
135
193
221
245
240
142
220
239
240
149
201
245
238
209
197
157
282
241
277
186
131
108
205
180
226
219
135
124
213
195
204
205
239
171
178
158
194
160
153
131
164
215
216
236
240
247
251
175
149
140
131
152
118
157
207
253
150
170
168
149
255
210
185
224
181
177
185
196
161
233
228
182
220
175
159
169
179
213
186
178
140
192
100
134
124
126
91
131
221
229
218
159
201
243
198
181
240
267
234
286
174
252
238
150
119
163
221
227
159
250
113
153
143
138
146
125
149
111
104
99
101
185
173
140
139
243
162
183
153
201
146
133
133
104
117
120
131
92
190
122
163
188
119
81
134
209
195
183
118
196
214
223
209
262
186
168
204
165
221
229
216
187
193
208
199
214
254
186
204
231
228
238
201
204
226
218
232
172
220
190
211
184
179
183
278
305
251
156
172
241
258
183
178
243
91
152
154
168
126
153
183
179
142
161
147
243
169
170
186
207
199
234
188
191
174
143
165
110
160
144
184
109
200
176
161
199
143
152
171
169
217
215
172
123
167
128
144
156
215
151
151
146
162
278
280
302
264
208
236
218
325
254
293
234
274
247
265
322
259
297
267
250
219
221
245
283
315
274
245
269
296
232
291
262
288
247
275
252
257
219
191
242
242
256
293
251
246
269
246
245
208
240
220
268
278
260
322
330
293
264
193
234
220
243
242
245
244
270
200
265
259
225
197
211
207
209
203
173
228
227
198
219
237
268
286
259
275
267
227
236
221
233
240
218
246
236
202
223
256
208
207
198
206
213
205
215
244
223
221
295
229
250
242
286
239
221
265
257
255
249
240
223
225
210
167
155
160
188
327
236
204
217
262
235
211
219
285
277
314
279
289
247
274
290
338
227
272
253
285
262
312
278
289
238
257
295
252
297
280
315
277
246
201
221
249
265
286
272
329
230
259
321
206
218
244
258
233
271
223
225
247
261
246
263
170
182
189
184
189
180
198
245
240
277
212
264
252
282
265
229
253
206
241
210
225
255
254
273
188
218
213
212
285
179
232
194
208
159
205
188
213
233
238
246
256
265
295
253
84
76
213
137
109
179
90
57
215
133
104
178
172
93
81
90
89
61
56
60
44
113
97
182
146
106
116
65
113
114
92
120
197
136
46
108
124
112
53
131
94
107
106
121
111
138
150
113
157
207
101
197
115
233
133
127
174
104
216
214
217
213
110
16
124
140
138
142
94
174
181
159
166
99
94
93
90
242
255
261
216
252
265
112
91
68
90
86
90
125
228
72
123
122
145
120
75
129
111
122
99
51
43
69
91
134
178
81
147
75
95
160
194
114
157
123
32
65
145
162
183
178
125
78
98
126
117
59
39
156
120
94
91
180
113
96
168
118
101
148
155
138
104
97
81
121
132
134
127
97
74
142
172
98
151
82
120
104
117
95
133
99
85
156
83
134
78
163
122
179
79
139
114
141
184
242
75
150
139
193
172
55
112
129
185
83
177
141
192
91
80
89
151
179
190
162
93
149
79
124
167
133
74
134
60
139
189
150
61
35
88
83
110
45
101
130
108
78
57
47
151
123
185
174
160
176
238
169
157
157
321
286
170
218
179
256
263
163
213
180
267
190
252
206
238
204
145
162
233
273
260
200
189
148
122
103
119
133
228
186
158
147
153
168
138
175
161
153
197
90
94
84
101
184
203
222
181
196
202
206
211
238
95
156
181
165
181
188
100
170
133
166
220
84
146
176
161
81
145
165
152
103
80
102
140
171
159
174
183
147
127
150
99
109
187
136
121
132
90
93
173
131
136
84
90
108
129
86
83
172
111
140
112
140
125
216
232
236
153
133
105
134
204
278
169
185
133
169
196
152
108
134
107
167
193
118
198
156
109
147
164
302
145
232
269
203
246
214
180
220
292
312
225
266
224
225
256
239
265
231
211
206
244
210
230
267
212
244
267
250
212
218
228
218
200
193
212
176
208
214
195
190
166
178
241
192
211
213
159
212
234
219
184
196
231
225
226
181
173
204
209
218
173
182
202
204
228
226
182
195
195
239
245
187
180
183
220
197
186
196
211
240
172
207
199
214
250
144
138
170
122
124
103
158
138
133
120
133
107
117
154
182
203
180
185
126
183
159
177
161
155
185
237
165
152
142
93
134
86
138
105
98
151
159
176
202
187
166
86
150
115
121
103
97
173
126
134
132
172
151
152
185
170
175
249
74
127
139
147
158
223
78
164
182
136
180
78
133
155
138
207
75
80
75
34
207
176
102
194
119
102
123
125
171
157
147
93
170
99
124
175
141
164
170
140
132
113
89
127
163
136
99
154
235
175
260
153
263
186
138
124
89
157
34
111
86
97
109
140
87
128
98
15
111
1
78
33
95
141
95
136
79
119
113
95
166
81
90
75
112
117
114
110
89
155
92
145
144
128
144
86
113
115
105
104
101
109
123
121
223
198
161
211
177
200
112
80
99
203
192
208
216
101
102
94
132
103
103
90
55
83
75
74
87
103
100
94
171
163
190
163
182
185
128
80
88
97
96
38
80
105
96
107
118
90
88
161
119
100
193
130
137
113
120
204
97
97
141
91
123
124
269
246
83
214
203
200
194
286
107
225
258
227
239
103
197
213
220
185
58
74
66
20
280
297
304
286
285
317
198
234
115
135
118
147
135
240
109
131
107
134
129
107
137
118
159
145
145
117
143
143
253
246
260
240
245
315
87
108
116
106
96
91
93
78
115
141
129
120
109
123
90
76
73
75
148
141
139
162
260
237
218
296
249
275
158
171
132
108
100
73
97
169
155
117
117
77
98
136
101
98
68
92
117
103
93
111
252
200
237
264
269
235
121
178
145
122
141
126
136
173
167
163
182
168
164
154
158
137
137
133
105
127
120
130
164
137
137
236
207
238
150
204
182
231
199
179
190
236
113
169
149
132
142
147
189
173
175
205
163
182
166
156
270
187
214
188
189
272
187
196
155
189
129
157
131
175
93
161
159
162
149
149
159
136
145
124
110
81
91
86
202
247
200
218
202
255
195
171
201
153
206
192
178
269
178
125
168
170
152
199
122
141
143
124
157
156
147
139
200
149
177
247
197
209
212
176
157
173
146
154
169
201
190
268
181
195
177
341
195
255
315
200
202
228
303
182
185
219
175
275
157
220
184
285
239
217
164
142
102
189
175
116
112
80
68
196
169
135
108
83
192
178
161
119
208
203
128
210
162
178
177
127
151
93
115
89
94
89
204
123
149
114
124
121
119
118
105
107
145
180
142
158
174
194
227
173
208
206
277
132
184
70
90
36
35
121
208
72
80
50
41
196
157
146
127
121
106
131
103
99
148
184
158
159
167
224
214
163
193
181
156
207
112
229
341
153
146
140
110
223
123
125
131
98
142
137
132
104
253
253
148
198
137
165
94
128
134
159
113
124
131
196
148
104
90
108
113
232
156
130
151
158
182
146
189
192
151
161
177
153
152
305
223
56
99
79
77
71
81
68
116
91
86
83
86
127
91
83
83
130
163
150
143
172
271
241
158
303
143
142
182
165
128
191
148
190
172
218
180
168
188
171
149
229
150
165
142
121
107
125
109
99
201
255
233
187
187
229
212
228
195
204
238
238
212
225
173
184
211
184
199
218
187
218
207
231
238
264
252
247
337
310
216
325
249
284
185
180
263
202
204
122
149
209
205
146
189
178
196
194
179
178
194
208
193
223
152
177
226
159
175
179
208
251
324
246
269
165
168
168
172
252
287
145
151
150
158
267
138
138
154
150
128
129
131
140
290
257
247
311
298
320
193
248
197
230
243
248
253
269
260
154
226
212
242
210
185
230
209
229
177
223
217
210
224
223
200
316
315
329
104
162
113
156
159
213
162
189
134
139
160
112
236
164
182
214
177
235
115
153
127
161
180
180
213
178
212
184
310
302
239
211
252
228
224
298
260
233
247
260
242
216
217
259
260
222
183
196
200
263
260
282
212
266
207
214
345
245
190
202
262
230
223
272
208
227
263
241
240
274
212
244
266
268
218
225
223
249
279
233
240
259
262
345
218
187
112
165
192
181
195
259
124
127
195
164
173
150
134
197
158
175
98
126
104
115
161
209
210
256
264
272
1
2
1
0
1
0
5
1
3
3
2
2
2
2
1
0
2
1
1
3
1
1
1
2
4
3
2
2
1
1
1
5
1
1
2
2
2
2
1
2
1
1
1
0
1
1
1
3
4
5
2
1
1
5
1
1
2
2
1
4
5
5
1
7
2
1
1
1
1
3
7
5
2
1
1
1
2
2
5
0
2
1
1
1
1
2
3
5
2
0
2
1
1
4
7
1
3
0
3
2
1
1
3
1
0
1
1
1
2
2
1
3
1
2
2
2
1
3
2
1
1
1
2
1
1
2
1
1
2
1
1
7
2
1
5
1
1
1
1
1
0
1
6
1
1
1
2
9
3
3
5
3
0
0
2
1
1
1
0
0
1
2
1
1
0
2
1
0
0
1
1
1
1
3
3
1
1
0
2
1
1
1
0
0
2
2
3
1
0
0
1
1
3
2
1
1
2
4
3
3
5
5
0
2
1
0
1
2
1
1
1
2
1
1
0
2
0
0
0
1
1
1
1
0
0
2
0
1
1
1
0
5
2
3
2
1
4
2
2
2
2
1
1
3
1
0
1
5
2
3
1
2
1
1
0
2
2
1
1
1
1
1
0
0
1
1
1
2
1
1
2
1
2
1
1
1
1
3
1
1
4
2
2
1
0
1
2
3
4
0
0
1
1
4
1
2
6
3
2
7
0
2
1
3
5
0
3
3
3
1
0
2
5
3
2
3
1
1
0
1
1
4
27
4
2
8
2
0
2
0
9
2
2
12
4
4
1
3
5
2
1
0
1
3
1
3
9
6
3
2
1
0
1
1
1
0
1
2
5
1
6
1
2
1
3
1
0
2
2
4
3
1
2
0
1
17
0
1
2
0
2
1
1
0
1
1
4
0
5
3
1
1
3
4
2
2
2
3
3
3
1
2
1
0
2
1
1
1
1
1
7
1
1
5
0
1
1
1
2
1
2
2
1
1
1
20
1
1
1
1
1
1
3
3
3
1
1
1
1
1
8
10
1
1
2
2
2
0
1
2
1
3
3
3
2
1
2
2
3
2
6
3
1
1
2
4
2
0
1
3
12
2
14
1
1
1
7
25
3
1
2
1
1
1
7
2
5
1
2
1
0
2
11
2
10
1
3
1
2
5
5
6
2
1
5
1
1
6
1
11
1
0
1
2
2
3
14
3
1
1
1
1
2
2
0
3
1
1
1
2
1
5
1
3
0
2
2
4
0
1
2
2
1
1
5
1
0
2
6
1
1
3
4
4
3
0
2
3
0
14
2
3
0
2
2
3
2
1
3
1
1
0
19
6
1
1
2
1
1
4
1
3
2
2
1
2
1
3
21
4
1
7
3
1
1
2
2
1
1
0
0
3
3
1
1
1
1
1
1
0
0
1
1
0
4
1
2
3
3
2
3
1
1
2
0
3
0
3
1
3
1
0
0
3
5
1
3
1
1
2
3
4
2
1
1
1
1
0
1
3
1
1
0
5
1
1
1
2
1
2
0
1
0
1
3
2
0
1
0
0
0
1
3
1
1
2
1
1
1
3
2
3
6
1
1
3
1
2
4
1
1
0
3
1
1
1
1
1
1
2
1
1
0
1
4
2
5
1
2
0
1
0
2
2
2
1
1
2
1
1
4
3
7
1
11
3
1
1
3
3
4
1
3
1
1
0
10
12
5
0
5
1
1
1
1
1
1
3
0
1
1
1
1
1
0
2
0
1
1
1
0
1
2
0
2
2
4
0
0
1
1
1
1
3
0
2
0
1
1
5
1
1
1
0
1
1
2
8
3
1
4
1
7
1
0
1
1
0
5
1
1
1
1
2
4
2
1
0
0
1
9
3
1
0
1
1
1
1
3
3
1
1
3
1
4
1
2
2
1
1
2
3
1
3
1
2
1
1
0
1
0
1
1
1
1
2
3
1
2
0
1
2
1
0
2
1
1
1
2
1
3
1
0
1
1
2
2
4
1
2
0
2
2
2
2
2
2
1
2
1
1
0
0
2
1
3
2
1
1
8
2
1
2
2
1
4
2
2
1
2
5
1
1
1
2
2
1
3
5
4
1
2
1
1
4
1
8
3
1
2
1
2
1
1
1
3
1
3
0
5
1
1
43
10
1
1
4
0
1
1
2
4
3
2
0
0
7
1
4
0
1
1
1
1
6
6
2
3
2
2
1
3
2
3
1
2
3
1
1
1
0
6
4
1
1
1
1
1
1
5
2
2
1
1
1
3
0
1
1
0
2
2
2
3
0
2
1
13
2
1
1
2
1
1
1
1
1
2
2
3
11
6
6
2
1
1
2
0
6
2
1
2
3
2
1
3
3
8
2
2
4
2
1
2
1
1
5
3
1
5
2
3
2
2
3
2
4
8
2
1
1
7
6
4
1
2
1
1
3
7
15
1
1
5
2
2
1
1
7
1
4
1
1
1
6
1
8
2
1
2
1
1
2
0
6
3
6
4
1
4
3
2
0
2
2
1
2
5
9
6
1
1
2
1
1
6
8
6
2
1
1
2
1
1
3
1
2
1
0
1
1
1
8
4
1
1
1
2
3
3
2
2
7
1
4
3
1
0
2
1
1
5
5
2
1
1
5
1
1
1
5
3
2
1
6
2
2
1
7
5
2
3
4
2
3
1
2
1
4
4
1
2
1
1
3
6
1
2
2
3
2
7
2
0
2
3
1
2
5
5
9
0
2
2
1
2
2
2
8
1
0
1
1
2
2
8
1
1
1
1
2
2
2
3
12
5
0
3
2
3
4
2
2
2
2
1
0
7
1
4
4
1
3
2
7
4
2
3
1
2
0
3
2
1
2
2
1
0
1
1
3
1
1
1
2
0
0
1
6
2
4
2
1
0
1
1
2
3
2
4
1
1
0
1
1
2
3
4
1
1
1
3
4
1
2
1
2
0
5
4
3
1
3
5
1
2
1
4
3
1
2
3
1
0
0
4
2
4
1
5
1
1
0
1
9
3
1
3
2
1
4
1
2
2
1
2
1
3
1
2
2
3
1
5
3
1
8
2
5
2
1
2
1
1
3
3
2
3
1
4
2
2
1
2
2
3
2
1
0
2
1
5
11
2
1
3
3
1
1
2
9
1
1
1
1
3
1
2
2
1
1
1
2
7
5
4
4
1
1
2
0
11
1
5
6
1
1
1
2
1
4
1
1
1
0
2
1
2
1
2
5
2
1
3
2
2
13
3
4
0
4
1
2
4
6
5
4
1
2
1
1
3
3
3
2
2
1
5
1
6
5
1
6
0
1
1
1
4
1
2
1
3
1
0
1
12
1
0
6
6
2
9
9
4
1
2
1
3
1
1
1
4
1
2
1
1
2
2
1
0
0
1
2
1
0
1
6
0
2
1
1
2
1
1
1
1
1
0
7
4
0
2
9
2
2
1
1
2
2
2
4
6
1
5
0
0
0
0
9
1
1
1
1
4
3
9
3
0
0
2
0
1
0
1
5
0
1
2
1
1
0
2
2
0
2
1
1
1
5
9
1
0
2
1
0
3
2
8
2
1
3
5
0
1
2
5
1
0
2
1
1
5
1
1
0
0
1
0
0
2
1
2
3
0
3
1
3
1
1
4
2
1
4
1
1
0
1
3
5
4
11
5
3
1
28
3
11
0
1
1
2
1
2
2
1
1
1
1
2
1
1
2
3
0
0
1
5
2
0
1
2
0
1
1
0
1
2
1
1
1
10
2
8
1
0
1
2
2
0
0
1
1
2
1
2
0
1
5
1
1
1
1
3
2
3
1
1
1
1
2
2
3
2
5
1
2
1
5
1
1
1
2
1
1
1
3
0
1
2
6
1
2
1
2
3
9
4
2
3
2
1
1
1
6
1
1
1
2
2
5
2
1
1
1
1
1
2
3
0
3
1
1
0
2
1
2
0
2
0
3
1
1
1
3
1
1
1
2
3
1
0
4
1
1
2
1
0
2
0
7
3
1
3
1
0
0
0
5
2
2
2
1
0
0
4
5
3
3
1
1
1
0
3
6
1
2
2
1
1
2
2
4
4
2
4
5
1
1
1
4
2
1
1
3
1
1
3
3
6
2
2
3
1
3
1
1
2
1
1
1
1
1
1
6
1
2
0
0
1
3
1
6
4
1
2
2
2
1
3
2
7
1
1
1
1
0
6
4
3
1
2
6
0
0
1
2
9
4
0
3
1
1
2
3
2
2
0
2
0
0
2
4
1
1
0
0
2
3
1
1
1
1
6
3
4
2
1
2
2
4
1
4
1
1
1
1
2
4
5
3
1
1
1
1
1
2
5
5
3
1
0
4
2
3
10
5
2
1
0
1
3
2
1
3
2
0
2
1
2
2
4
4
3
1
1
1
1
3
2
0
1
3
1
3
1
7
3
3
1
1
1
4
2
4
14
1
1
1
2
1
2
2
5
1
2
2
2
4
4
5
3
2
3
1
1
0
1
3
6
3
2
3
1
5
1
3
2
2
1
1
2
2
2
3
4
1
2
1
0
4
5
2
1
1
4
1
1
0
1
3
4
1
2
2
1
1
1
4
4
27
2
3
13
7
5
8
13
21
1
2
9
1
1
2
6
2
0
0
2
1
1
1
1
4
1
1
0
3
1
2
8
1
2
1
1
1
1
1
1
3
1
5
3
2
2
2
8
28
6
1
1
1
1
1
2
1
1
9
10
1
1
1
13
1
2
8
2
1
1
1
14
1
6
4
4
0
1
1
3
1
1
1
1
0
2
1
10
1
1
1
1
0
0
1
4
1
2
9
1
1
7
5
4
1
3
1
1
1
2
4
3
0
4
2
2
1
1
2
2
2
2
1
1
1
2
1
12
1
1
0
1
0
1
1
2
3
3
6
3
2
13
14
4
1
2
6
1
1
1
1
1
1
1
3
1
0
0
2
2
3
1
0
3
0
1
2
2
2
1
1
1
1
1
2
3
1
5
1
0
1
1
3
6
1
0
4
3
1
0
1
0
6
2
3
2
1
2
24
1
1
8
2
0
1
1
2
1
1
2
1
0
2
1
1
1
0
2
1
1
1
2
2
0
3
1
1
1
5
1
1
1
7
6
2
3
1
3
5
1
2
3
1
1
2
3
6
1
2
2
1
1
2
1
1
0
0
2
2
0
1
0
2
0
1
1
1
1
0
0
3
1
2
2
1
3
1
2
3
3
1
2
0
1
2
1
2
2
2
4
1
1
3
1
2
1
3
21
0
3
2
2
2
1
3
2
0
0
1
1
0
1
7
1
1
1
0
1
2
1
2
5
1
1
3
10
2
2
1
1
0
1
1
2
2
1
2
1
1
2
0
1
2
0
1
6
1
0
1
3
3
1
2
2
1
3
2
0
2
1
1
1
0
2
3
4
3
4
1
1
1
1
1
1
2
2
2
1
1
7
1
3
2
2
1
1
1
2
1
3
3
2
3
1
1
0
1
3
3
3
2
1
1
1
4
16
7
1
17
23
39
2
5
3
1
1
1
1
1
1
2
7
4
1
1
4
1
1
0
0
2
0
2
1
1
3
1
1
1
4
1
1
5
6
11
7
4
1
2
1
1
2
1
2
5
3
2
2
1
1
1
28
5
1
2
6
1
9
10
2
3
1
2
3
2
1
2
5
0
1
0
3
0
0
1
1
2
1
1
2
2
3
4
13
3
2
0
3
1
2
13
1
3
3
1
1
1
7
2
21
1
3
2
4
1
6
1
3
1
1
3
3
0
3
7
8
0
1
1
3
1
2
1
2
3
1
1
4
12
1
3
22
33
3
1
3
5
1
1
1
1
3
5
1
7
1
1
3
1
2
8
4
1
3
2
1
1
2
2
3
1
2
1
2
2
1
6
3
3
1
2
2
2
2
1
6
5
2
2
3
3
1
3
7
1
2
1
2
8
3
5
2
0
1
1
2
1
1
5
6
1
1
2
6
2
4
3
5
0
1
2
2
2
5
12
6
1
4
3
3
3
5
18
2
1
2
2
3
1
13
1
3
2
1
4
1
2
3
4
1
2
1
4
2
1
7
5
9
1
3
2
1
1
2
3
4
1
2
1
4
2
5
20
9
1
2
2
4
1
3
2
5
4
5
2
5
1
1
3
2
1
2
1
3
1
2
2
1
2
1
2
3
3
2
3
2
3
2
3
1
1
1
2
2
1
3
2
5
1
2
3
3
5
5
5
2
1
2
2
2
5
3
2
2
1
2
1
2
2
3
3
2
1
3
2
2
1
3
2
0
1
1
1
0
2
8
3
3
2
3
2
1
3
3
2
1
3
1
2
1
3
2
2
1
2
0
3
3
1
4
2
2
3
1
4
1
4
3
3
0
2
1
2
2
5
1
2
2
3
2
5
14
7
2
1
0
2
1
5
3
1
1
1
0
1
2
1
14
3
1
1
1
0
2
1
2
1
0
1
1
6
2
1
0
1
1
1
0
2
5
2
2
2
1
4
1
2
1
3
2
1
1
1
1
1
4
2
7
2
1
2
2
4
2
1
2
1
0
2
2
1
2
2
0
2
1
1
2
1
4
1
1
1
1
1
0
1
1
1
2
2
1
1
2
2
5
10
1
1
1
2
2
1
2
1
7
4
0
1
1
2
2
1
1
1
1
1
2
1
6
2
4
1
1
3
1
1
1
0
1
2
23
23
2
2
1
2
2
3
3
3
1
0
1
1
3
3
3
2
1
2
2
1
4
1
2
1
1
0
0
1
2
0
1
2
1
2
2
1
4
2
4
2
2
1
2
1
2
3
10
1
4
0
5
1
1
4
4
0
2
4
2
0
1
2
3
0
1
0
3
1
2
4
1
1
1
0
1
1
4
5
1
1
1
0
1
0
2
5
2
1
2
1
1
1
3
8
10
2
3
1
1
0
4
7
2
1
0
1
1
1
1
2
0
1
2
1
2
0
2
4
2
1
2
3
0
0
0
1
1
13
2
1
1
2
0
2
3
4
0
2
3
2
1
1
5
4
2
1
2
2
1
1
5
2
5
2
1
1
0
2
3
3
1
5
3
2
0
14
2
3
2
2
1
2
1
5
3
1
2
4
3
0
2
1
16
1
1
10
3
1
1
3
3
1
1
3
1
0
2
2
3
1
1
1
2
1
2
2
5
1
1
2
3
0
2
5
6
1
3
12
1
0
5
3
6
0
3
2
1
0
1
3
2
1
3
3
1
3
2
1
1
1
2
4
2
2
1
2
4
0
1
1
0
1
1
1
3
1
3
1
1
1
2
2
4
1
1
3
1
1
4
6
3
1
1
1
2
1
3
1
3
1
1
1
0
1
3
0
4
1
1
2
1
4
1
3
4
8
1
3
1
2
3
3
2
4
1
2
1
2
3
26
2
1
2
4
0
2
0
5
2
2
1
2
1
3
1
1
2
2
1
1
1
2
0
5
1
3
2
1
1
8
2
2
2
14
3
5
0
3
2
5
1
2
2
1
1
1
2
5
2
1
2
2
1
2
3
1
1
2
2
3
0
1
1
5
1
1
1
1
2
2
3
2
2
5
4
1
1
2
1
4
4
4
4
1
1
2
2
3
2
4
8
0
0
1
4
5
4
3
3
2
1
1
1
1
1
5
4
1
0
6
1
3
1
2
5
0
0
2
6
3
3
2
0
1
1
3
7
2
1
11
0
1
0
3
2
1
2
3
1
1
0
2
2
1
2
4
2
0
1
0
4
2
3
5
1
1
1
2
3
2
2
0
1
0
1
0
6
10
2
2
1
1
0
3
3
3
5
2
1
1
0
2
1
3
3
5
0
0
0
2
4
4
4
3
2
1
1
3
6
10
2
1
1
1
1
4
9
2
1
1
2
4
1
8
5
4
1
1
3
1
8
2
5
2
2
14
1
4
3
6
1
2
2
1
4
1
1
3
11
1
2
2
1
3
2
7
3
1
0
2
1
1
4
2
3
2
2
1
1
2
0
3
3
1
2
4
2
6
1
4
4
5
1
2
1
2
1
7
3
1
3
2
1
1
0
3
2
2
1
2
1
2
0
3
1
3
2
1
3
1
2
7
8
2
2
3
2
2
2
1
2
3
1
0
1
1
3
5
5
2
2
1
0
30
3
7
1
1
4
1
8
3
1
0
2
2
2
5
7
25
2
3
2
0
1
3
19
6
3
1
0
0
1
4
2
3
2
2
4
0
5
0
4
4
2
2
2
5
2
4
2
4
1
2
1
2
0
7
2
0
3
1
2
1
3
1
2
2
4
1
4
2
2
6
1
0
2
1
1
1
3
3
1
1
4
1
0
2
1
2
14
0
2
2
2
2
4
4
1
1
6
3
2
1
0
18
1
1
2
3
0
0
2
1
5
2
1
2
1
1
19
2
1
0
2
1
1
1
8
0
1
4
18
3
3
0
1
2
1
1
6
10
6
1
1
0
1
1
6
6
3
2
1
1
1
0
1
5
5
1
1
2
1
5
1
2
5
0
1
2
3
3
12
4
1
0
1
1
1
2
4
13
2
2
2
0
2
1
3
3
1
0
3
3
1
4
6
2
1
0
3
1
1
2
6
1
2
1
6
2
2
1
2
3
2
8
2
0
0
3
15
1
1
4
1
2
1
2
14
7
4
0
1
2
0
1
4
2
1
1
3
2
1
5
7
4
3
1
3
2
3
1
3
2
1
1
2
2
10
2
3
1
4
1
4
3
5
6
1
1
2
1
4
6
5
2
3
1
1
1
3
27
11
4
9
3
1
2
2
7
5
3
2
1
1
1
8
8
3
2
2
11
0
1
5
4
2
4
3
1
1
2
4
6
1
5
3
3
0
1
5
5
3
1
1
1
1
1
6
6
4
3
3
5
1
1
3
7
1
1
2
3
1
0
9
3
9
1
1
1
1
2
3
7
3
1
2
2
0
1
2
4
1
1
2
3
1
3
3
1
1
2
5
1
6
1
2
5
1
2
5
3
2
4
1
2
2
9
4
1
1
1
3
1
2
1
2
3
2
3
1
2
3
20
2
1
2
1
2
3
3
2
7
1
1
4
2
2
2
1
3
1
1
1
2
3
1
3
3
2
0
1
3
1
7
2
4
3
1
8
4
4
1
5
3
4
2
1
1
2
1
7
9
0
6
3
2
16
5
7
5
1
3
1
2
2
5
3
4
1
1
3
1
4
5
3
2
0
1
1
2
1
4
2
5
4
9
4
2
2
3
5
5
4
1
3
2
1
4
4
27
5
1
0
2
2
1
2
2
5
5
3
1
1
1
3
4
11
4
1
0
1
4
3
2
3
5
2
0
2
6
2
4
2
1
1
2
2
6
2
4
2
0
2
1
17
8
5
2
3
2
1
1
2
2
9
5
2
2
1
1
1
6
3
5
3
2
1
1
2
4
3
3
2
1
1
3
2
3
2
4
1
2
1
1
2
1
3
3
1
2
4
1
2
8
16
2
1
0
1
1
3
3
3
1
3
1
2
2
3
6
7
3
1
2
1
1
3
4
3
2
1
2
3
1
1
4
13
7
1
1
3
2
2
3
1
11
1
7
5
1
1
3
1
7
1
2
1
1
2
10
1
1
1
1
3
1
4
8
2
0
1
1
1
1
6
18
4
1
1
1
2
5
2
2
3
1
2
4
0
3
2
3
6
1
1
3
3
1
1
11
3
0
2
1
2
2
1
18
15
0
2
2
2
8
2
1
4
1
3
1
1
1
3
5
0
0
3
3
3
1
2
2
8
1
1
1
0
0
2
2
2
17
4
8
1
0
1
2
2
13
1
6
3
4
1
4
2
8
5
2
1
1
3
0
6
2
1
2
4
1
1
0
9
1
1
3
1
1
1
13
6
2
4
1
0
1
1
2
2
3
2
2
1
1
1
7
5
2
2
1
1
1
2
4
3
4
1
4
2
1
1
3
5
2
2
1
1
0
3
5
3
4
5
2
2
1
0
3
4
1
2
1
2
2
3
4
3
2
1
0
1
3
1
8
2
3
1
1
2
0
1
3
4
4
1
1
4
2
3
22
4
1
1
1
2
3
13
6
4
0
2
1
1
3
2
6
2
7
1
0
5
1
5
2
7
2
4
5
7
0
4
3
5
2
2
1
5
2
2
5
0
0
1
2
1
4
6
2
2
0
1
2
4
4
5
5
2
5
1
1
6
4
4
3
0
3
3
1
2
1
5
3
1
0
1
4
4
2
11
8
3
4
1
1
1
8
3
2
1
3
3
2
2
3
1
2
1
1
3
1
8
5
3
2
0
2
0
0
3
13
2
3
2
8
3
3
26
1
2
2
1
1
11
7
17
1
4
1
1
4
2
2
2
2
1
1
1
0
3
2
2
1
3
4
1
6
0
2
4
5
1
1
3
1
11
2
1
1
0
1
1
1
2
2
0
1
0
1
0
2
1
8
1
2
8
1
3
3
3
3
1
2
3
1
1
2
2
1
1
2
6
1
0
3
5
4
0
3
1
1
1
1
1
2
2
3
3
1
5
1
2
1
0
1
1
1
0
10
1
2
1
1
1
0
1
8
5
2
1
1
0
0
1
4
9
0
0
11
12
5
1
14
1
1
3
2
2
7
2
1
1
1
1
1
13
1
1
2
1
1
0
1
3
11
2
1
2
4
4
6
5
3
1
0
1
3
1
1
4
7
4
1
2
2
0
5
6
0
3
3
1
1
6
1
5
1
1
9
3
1
4
4
8
3
4
2
3
1
2
5
1
1
3
0
1
1
2
3
4
1
1
5
5
1
1
2
2
2
1
1
1
2
2
3
4
1
2
1
1
2
3
4
7
2
1
1
2
4
1
4
1
0
0
1
4
2
2
2
2
1
3
5
4
4
2
3
2
0
2
0
13
5
1
3
2
3
0
1
13
1
2
1
1
1
1
4
4
5
1
1
2
0
1
5
7
5
3
4
1
2
1
2
3
4
2
1
0
1
1
5
6
14
0
3
0
1
1
8
11
4
3
1
1
0
1
5
4
1
1
0
1
0
1
1
4
4
2
1
1
1
3
12
7
4
4
1
1
0
1
4
1
1
2
7
1
1
1
1
2
5
3
10
15
2
1
2
1
1
3
3
5
2
0
1
1
1
3
2
2
1
0
1
1
1
5
7
2
1
3
1
1
9
6
3
0
2
1
2
4
1
5
2
1
0
1
1
1
3
3
2
2
2
1
1
2
3
4
8
1
2
1
2
1
3
2
3
2
2
0
1
1
0
8
13
0
3
1
1
3
1
2
1
1
4
2
2
1
2
2
3
0
3
1
4
1
6
2
4
0
1
3
2
1
4
6
4
1
1
0
2
2
2
3
1
7
0
1
1
2
1
3
4
6
1
2
1
3
2
2
6
10
2
2
0
0
1
1
3
6
3
7
1
1
1
5
4
1
1
2
2
1
1
7
16
2
1
2
1
0
2
6
3
1
0
2
1
2
1
3
11
1
1
3
0
0
0
10
2
2
3
2
1
0
1
3
6
1
1
3
1
1
1
1
16
3
1
1
2
1
1
1
4
1
6
1
2
6
9
3
5
2
4
1
2
0
1
0
2
1
1
3
1
8
4
6
4
5
3
2
5
6
5
12
5
3
3
2
2
1
2
2
2
2
2
1
1
1
0
1
4
2
3
2
3
3
6
4
3
2
1
5
1
8
3
2
2
1
1
6
1
4
8
8
3
2
1
1
1
2
2
1
1
1
1
1
1
1
3
4
1
3
2
2
2
1
1
3
2
3
1
1
1
2
5
3
4
2
1
3
2
3
2
7
2
2
2
0
7
4
2
1
5
2
1
4
0
4
2
2
4
0
0
1
2
4
1
2
0
1
3
2
1
0
3
5
0
1
3
1
0
2
1
0
1
1
5
0
1
3
1
1
1
3
2
0
1
0
5
3
2
1
1
0
1
0
7
2
2
3
6
1
1
2
12
2
2
2
1
1
1
1
12
2
2
2
2
2
2
0
4
2
1
1
0
2
0
1
4
2
1
2
1
0
0
1
6
1
2
1
2
1
1
1
3
3
1
3
1
1
1
1
7
1
1
2
1
2
1
0
3
2
1
2
1
2
1
1
2
20
0
4
0
2
2
4
8
1
1
1
0
3
2
1
1
9
1
2
4
1
1
1
1
5
1
1
2
4
6
5
6
1
1
1
0
5
5
3
2
1
1
0
2
5
2
2
5
1
1
0
0
1
11
12
4
1
2
1
1
2
5
2
3
1
0
2
2
4
2
3
2
1
10
0
0
0
13
10
2
2
0
3
1
4
2
2
3
1
1
2
2
4
5
2
2
0
1
0
1
3
7
2
1
1
3
3
1
10
0
1
2
3
2
2
2
2
2
1
1
1
0
1
2
3
2
2
3
1
2
0
3
7
1
1
3
9
3
4
2
1
2
0
2
3
1
5
3
0
2
0
1
1
1
2
21
1
2
2
4
4
6
4
5
1
1
1
4
3
2
3
2
2
2
4
1
0
1
2
5
1
2
0
1
2
2
2
1
3
1
1
1
4
2
9
1
1
3
1
3
1
3
4
2
0
2
0
1
1
5
11
6
1
1
1
2
1
2
1
2
2
2
2
4
6
3
2
1
0
2
7
7
2
5
8
1
8
3
3
6
1
2
1
4
5
7
9
0
2
1
1
3
1
2
4
1
3
2
3
5
6
3
4
1
3
3
3
2
8
3
3
1
1
5
1
3
7
2
2
3
4
2
6
3
2
3
4
3
8
2
1
1
24
4
3
2
2
2
2
2
3
3
3
3
0
4
1
2
3
3
3
1
1
2
1
3
21
4
4
3
1
2
5
3
3
0
1
2
3
6
6
2
1
1
4
0
1
2
1
4
2
1
5
5
1
1
1
3
1
1
3
1
1
15
2
2
0
3
1
1
1
12
2
2
1
3
2
3
1
14
1
1
3
1
1
2
1
13
4
2
2
1
1
1
0
6
9
3
2
1
1
1
2
9
1
1
1
0
1
0
0
2
2
3
1
1
0
0
1
5
4
5
2
2
2
0
2
20
3
1
0
2
3
2
1
10
3
1
3
1
3
3
1
1
3
1
3
1
3
2
1
1
2
3
4
4
6
2
1
1
3
3
2
1
6
2
1
2
2
2
5
3
2
1
1
2
2
1
4
1
1
1
2
4
1
2
1
3
1
2
1
1
0
2
12
0
3
3
1
3
2
1
3
3
2
4
3
1
6
3
2
1
1
5
3
1
0
5
2
7
2
2
1
1
1
7
3
2
1
2
4
2
1
14
3
1
2
3
1
1
1
2
2
2
9
2
3
1
0
1
3
2
2
2
8
0
1
3
5
8
14
2
3
1
0
3
2
1
5
2
1
2
7
1
7
6
2
8
2
3
5
1
3
3
0
7
2
4
3
6
3
1
1
1
1
1
12
14
3
11
0
1
2
1
10
3
15
3
3
1
6
2
4
2
14
2
1
7
3
1
0
20
4
3
0
4
4
2
2
6
5
2
1
0
6
1
1
2
1
1
2
1
2
1
1
1
3
2
1
1
2
5
1
7
2
3
1
2
1
0
1
1
2
2
1
2
1
0
1
7
3
3
1
0
1
9
2
9
4
2
1
0
1
4
3
5
7
1
2
2
1
0
2
2
1
5
1
0
0
2
1
4
27
2
3
1
1
2
1
7
6
2
2
1
2
1
2
1
5
1
1
1
1
2
2
2
5
0
1
1
1
3
2
7
2
2
2
4
2
2
2
2
1
0
1
1
2
4
4
1
2
8
7
2
1
1
2
3
2
0
1
1
2
0
3
2
16
2
1
2
1
0
1
2
2
3
3
1
4
1
1
4
5
0
7
3
1
1
1
6
4
2
4
1
1
3
1
10
2
4
3
5
1
1
0
3
3
2
6
1
5
3
3
1
5
0
2
1
2
1
3
6
3
1
2
2
1
1
4
4
9
5
4
2
4
1
2
4
2
0
4
2
1
1
1
3
2
2
2
2
4
2
1
19
10
4
1
1
1
1
2
2
1
2
3
2
1
11
1
12
2
0
1
0
3
4
10
3
0
0
0
1
2
3
1
1
1
1
2
2
3
4
2
7
1
3
0
1
5
4
2
0
3
1
1
1
1
2
3
1
1
1
0
4
7
4
1
0
2
2
0
1
2
2
2
1
1
2
1
4
6
1
2
2
2
2
5
2
4
1
1
1
2
3
1
1
4
4
1
1
2
3
1
2
18
4
1
1
2
2
1
3
2
4
2
1
0
6
2
2
3
1
1
0
7
4
7
3
1
2
0
1
2
1
1
2
1
2
0
1
2
5
6
1
2
4
4
0
2
2
5
1
4
1
6
1
5
4
3
2
2
2
2
1
1
1
1
4
2
2
0
1
3
3
1
2
2
3
2
1
1
4
7
2
3
0
1
2
1
4
2
1
2
1
2
0
1
4
7
2
7
3
1
1
2
1
4
3
1
1
1
8
1
0
1
1
6
1
3
3
0
1
1
2
4
4
3
1
0
1
1
12
2
1
6
2
2
1
1
3
6
1
3
1
2
1
1
6
3
0
5
3
5
2
2
3
2
1
3
1
0
1
4
2
1
2
8
2
2
1
1
1
1
1
1
1
2
2
1
2
1
7
8
1
0
2
2
2
2
0
3
1
2
1
1
3
7
3
2
5
4
0
1
2
3
3
3
1
1
1
2
4
1
4
5
2
0
3
3
1
2
3
3
1
1
3
2
2
1
1
2
0
2
5
6
6
3
4
1
3
1
2
3
1
1
1
0
1
1
9
3
2
2
7
1
1
1
4
2
3
2
5
1
2
1
3
1
1
1
2
1
1
1
5
9
12
3
3
2
1
3
7
5
6
1
3
2
1
2
5
3
4
2
2
3
0
2
2
3
5
3
6
5
2
1
1
1
1
2
3
1
3
7
1
1
6
3
3
0
1
2
1
2
3
3
0
1
4
1
0
1
3
5
1
4
4
1
5
3
4
6
2
1
1
2
2
4
8
2
1
2
5
0
1
4
3
2
2
0
3
2
1
2
1
4
2
1
1
1
2
2
5
3
4
1
1
2
1
5
4
1
4
3
1
1
3
2
3
4
1
3
2
1
1
4
4
2
8
12
2
1
1
1
2
3
2
0
5
1
1
0
5
1
2
3
1
1
1
1
5
4
1
1
1
1
1
1
2
3
4
3
1
2
1
0
2
0
2
0
1
2
1
1
1
1
2
2
3
1
1
2
4
4
4
1
2
3
1
2
3
1
1
1
8
1
1
1
8
2
3
1
2
2
2
1
6
19
3
1
2
2
2
5
3
1
2
1
1
0
1
1
1
1
2
1
3
3
1
2
2
3
3
1
3
2
3
4
6
1
2
2
3
2
1
4
5
2
1
2
5
1
2
14
4
3
2
1
3
4
2
2
3
3
3
1
1
1
2
0
3
5
1
1
4
2
2
9
4
4
1
4
2
4
0
1
12
2
4
1
4
2
1
2
3
1
2
4
1
6
3
5
14
1
1
1
4
2
2
3
12
1
2
1
2
1
1
4
5
9
7
7
1
3
7
2
6
3
1
7
2
1
0
0
1
0
1
2
1
3
3
1
5
6
4
22
3
3
1
3
1
4
1
3
3
4
1
5
5
2
1
2
1
3
1
0
2
6
4
10
2
1
1
0
17
1
3
3
4
1
24
2
1
1
4
6
0
2
3
2
3
0
1
2
1
1
1
2
11
1
4
1
3
1
0
1
2
0
1
6
0
5
3
3
8
4
2
2
7
4
1
2
1
1
3
1
1
1
1
2
5
0
3
1
6
5
24
22
3
2
1
0
2
4
3
7
2
1
2
1
10
1
3
6
1
1
1
3
4
3
4
6
2
1
3
0
3
9
18
27
2
2
5
2
2
1
14
5
2
1
4
1
7
11
1
0
1
2
2
1
1
1
3
2
1
3
2
1
1
2
2
2
3
4
4
3
6
4
3
4
7
2
2
0
2
2
1
1
1
1
1
3
10
4
2
1
1
1
13
9
3
5
3
1
0
1
3
7
24
2
1
2
3
1
2
3
2
1
1
1
2
2
16
6
2
3
2
3
1
3
12
14
2
3
1
5
1
1
7
8
13
1
3
2
1
5
4
5
2
1
1
4
1
2
8
3
2
1
1
0
0
2
2
9
2
2
0
1
2
3
1
1
1
2
1
6
3
1
1
1
2
2
2
5
1
1
2
1
4
14
13
16
0
3
1
4
2
2
7
11
1
2
4
1
0
1
2
2
0
0
1
2
2
1
2
2
1
1
7
2
10
14
1
2
2
2
13
1
2
8
1
4
1
5
3
5
11
2
1
4
1
1
2
1
0
4
1
3
1
3
3
4
1
2
1
2
1
1
3
2
3
6
1
5
0
1
2
2
2
1
0
2
3
2
2
3
1
6
2
6
1
2
4
1
2
2
1
3
2
1
1
19
1
8
0
5
0
2
5
9
2
1
0
2
1
2
1
4
2
2
0
2
1
0
5
6
2
2
3
1
5
1
1
10
8
3
1
3
1
1
2
3
2
3
4
1
0
1
1
2
1
1
1
1
2
0
3
1
2
2
10
2
3
1
3
1
1
2
3
0
2
1
11
16
1
3
2
0
30
2
4
2
2
5
2
3
0
4
3
2
8
8
17
1
1
6
0
7
2
3
4
2
2
2
3
3
9
4
14
2
3
2
5
4
13
4
6
1
2
1
5
2
7
5
4
1
1
1
1
0
3
3
2
2
4
2
2
2
1
1
1
0
1
3
4
1
1
3
4
5
1
1
1
3
7
1
1
1
1
1
3
2
2
3
2
12
6
11
6
1
2
4
3
1
5
1
2
2
7
2
3
2
3
3
8
2
6
1
15
2
4
1
1
4
3
8
3
4
1
3
6
3
5
6
8
1
2
2
1
2
5
9
2
6
1
1
2
2
4
4
3
1
2
2
1
3
7
3
20
2
2
2
2
2
4
3
5
1
1
2
1
2
8
1
2
2
1
2
5
3
7
8
3
0
1
1
0
2
4
8
1
1
1
2
1
2
3
2
1
1
1
0
3
5
6
4
1
3
1
1
1
1
2
4
2
2
1
2
10
9
4
5
1
1
2
1
8
1
2
14
1
1
1
1
3
2
2
2
1
3
1
2
1
4
4
4
1
1
0
1
1
1
1
5
5
2
1
1
1
2
3
9
3
5
2
4
3
2
1
1
5
5
1
1
0
2
1
3
1
3
1
1
2
2
1
7
10
4
3
3
1
1
0
4
2
12
1
2
1
3
3
4
2
4
1
9
0
1
1
6
1
3
1
6
2
2
0
4
6
2
2
1
2
2
2
5
1
3
2
1
0
1
2
8
2
2
1
1
3
3
0
0
2
2
1
2
1
1
1
7
1
2
0
1
6
2
0
2
7
11
2
3
4
1
1
2
2
4
1
2
1
1
0
4
2
4
2
2
1
1
0
3
1
0
6
0
1
2
1
0
2
1
1
1
1
1
1
3
5
2
1
0
0
1
2
2
14
5
4
1
1
1
0
2
5
1
1
1
1
2
1
2
8
4
2
5
0
1
2
6
2
11
3
3
1
2
1
9
2
10
6
1
2
1
0
1
1
13
9
1
3
1
1
3
2
2
3
1
2
4
2
1
21
10
2
1
3
1
1
16
10
1
4
1
3
1
1
1
5
5
2
1
1
3
1
10
1
2
1
1
1
2
0
1
6
1
3
1
1
1
1
3
3
2
5
1
1
1
2
0
1
4
1
4
18
4
6
0
1
1
1
2
11
3
0
1
4
1
1
1
2
6
1
1
2
1
1
2
3
8
1
1
1
3
2
5
2
3
1
0
4
1
3
1
4
3
3
1
2
1
1
3
5
1
1
0
1
2
2
2
4
3
0
1
1
3
1
6
1
7
1
1
1
2
2
5
1
5
11
1
0
3
4
2
0
0
5
1
3
3
3
5
1
2
2
0
4
3
3
4
1
1
1
1
3
1
1
3
0
0
2
1
3
2
2
3
0
4
2
1
2
3
2
7
1
1
1
0
4
2
4
1
0
1
1
0
2
2
0
1
0
4
2
1
1
13
1
1
2
1
0
1
1
9
1
3
0
1
4
1
1
0
0
3
21
1
0
2
2
2
0
8
3
1
2
1
1
2
2
3
4
2
0
1
1
1
2
2
4
1
1
2
1
1
4
5
4
2
2
1
4
2
2
13
11
0
1
2
1
4
2
4
1
1
3
1
0
2
1
0
1
2
4
1
1
1
1
2
3
1
1
2
2
0
2
2
1
1
1
2
1
4
1
3
1
2
1
1
0
1
3
2
1
2
1
1
1
2
1
3
1
2
1
3
1
1
3
0
2
3
2
1
1
1
3
3
1
2
3
2
1
1
4
9
3
1
2
2
1
1
4
2
2
2
2
3
0
1
11
1
3
1
1
0
3
1
7
1
2
2
1
1
1
1
3
3
1
5
1
0
1
1
1
1
3
1
1
2
0
1
1
4
5
1
1
2
2
1
2
1
2
2
2
3
1
1
1
1
5
2
4
3
0
0
1
0
2
3
3
1
1
1
3
6
2
1
2
2
1
1
0
1
2
1
3
2
2
1
2
0
1
6
4
8
1
2
1
1
1
1
2
4
2
0
1
1
2
7
2
1
3
0
1
0
8
2
1
3
1
3
6
2
2
2
1
2
2
2
6
2
1
2
3
0
2
1
5
3
9
2
1
0
2
1
2
4
1
4
0
2
1
1
2
2
2
2
1
1
2
0
4
4
3
4
0
2
4
1
3
3
5
2
0
4
3
2
3
1
3
9
1
2
1
1
3
21
6
1
2
1
4
1
4
1
1
1
1
1
1
3
2
1
1
1
3
1
1
1
2
1
2
0
1
6
3
17
3
1
2
1
1
2
1
13
2
1
1
1
1
1
1
1
3
1
2
0
1
1
5
7
5
1
3
1
5
10
4
5
5
2
1
1
0
3
3
1
3
0
1
0
1
4
8
4
3
1
1
1
2
1
1
1
29
25
2
19
16
1
1
1
3
2
2
8
6
1
2
0
3
4
5
6
4
0
1
1
1
2
4
3
1
1
1
3
1
3
9
6
2
1
2
4
2
2
7
2
2
2
1
8
3
24
3
3
1
2
1
1
1
4
4
2
3
0
0
2
1
5
3
1
2
5
1
1
3
2
1
1
6
2
1
1
4
12
2
1
2
1
0
3
10
4
4
10
3
3
1
1
6
9
4
3
0
0
2
1
4
3
1
1
1
1
1
2
7
7
1
2
1
0
1
3
4
2
2
5
4
6
1
1
5
4
1
5
1
1
1
2
1
1
1
2
1
1
2
1
4
1
1
3
4
2
1
2
1
3
3
2
5
1
1
4
1
2
4
3
5
2
1
1
1
2
4
2
1
1
1
2
1
2
1
1
3
2
3
1
1
1
5
1
1
2
3
1
1
1
8
2
9
3
2
3
2
2
3
14
6
5
2
4
0
3
2
3
10
2
1
2
2
1
3
7
3
3
1
1
1
1
2
0
4
26
1
1
1
0
1
1
1
16
4
2
2
1
1
2
1
19
4
2
0
0
1
2
2
3
7
1
4
4
1
2
1
2
2
3
1
1
1
1
1
2
3
3
1
0
3
5
11
8
3
2
1
1
1
1
6
9
3
2
0
0
1
2
16
5
4
1
2
3
2
3
2
3
10
2
0
1
6
1
2
2
13
2
1
2
2
1
3
2
8
2
1
3
2
2
1
5
15
2
1
8
2
3
8
11
5
1
2
3
1
0
7
2
4
2
0
2
1
2
2
1
2
1
1
3
2
0
3
1
5
1
1
1
2
2
2
1
14
9
2
2
2
1
1
2
28
4
2
3
2
1
1
2
3
10
1
7
1
2
2
1
3
14
1
3
3
2
2
1
5
2
1
2
3
1
1
2
2
5
4
6
9
3
2
1
21
2
2
2
2
4
3
2
7
3
1
1
6
1
0
1
5
3
1
16
3
2
0
2
18
6
2
1
2
8
14
3
5
5
1
2
1
1
3
1
1
2
2
1
4
1
1
19
7
8
0
12
1
4
5
23
20
2
1
10
9
4
4
1
5
5
1
2
4
1
10
3
2
0
0
2
3
1
3
1
4
3
1
1
2
1
3
1
0
13
2
1
2
2
12
1
4
0
4
2
4
25
26
2
3
2
2
0
3
2
2
2
0
0
1
4
8
5
2
2
2
2
1
12
12
55
7
2
35
5
1
1
13
3
23
0
4
4
2
14
3
2
1
1
1
3
0
0
13
5
1
1
2
2
1
1
1
2
2
2
2
1
1
1
1
1
12
2
1
5
11
0
5
1
2
4
2
0
2
1
2
1
0
4
16
3
2
2
3
4
0
16
7
4
1
2
1
2
0
1
5
10
2
1
2
7
1
10
12
4
2
2
1
2
0
2
5
1
2
1
1
3
1
1
12
6
6
2
1
0
1
3
1
1
2
2
3
1
7
9
4
4
2
1
2
1
7
2
8
1
0
0
1
2
6
4
5
2
1
1
2
4
2
1
2
1
0
2
3
0
6
5
0
9
2
1
1
2
7
2
3
2
0
2
0
1
6
3
1
1
1
1
3
1
4
0
1
2
12
17
0
2
1
0
2
3
15
4
1
0
1
0
8
2
8
7
2
1
2
1
1
4
4
1
1
1
1
2
2
2
2
5
0
0
2
1
5
6
4
5
1
1
1
3
1
11
5
2
2
5
0
3
4
2
1
2
1
2
2
0
3
4
9
10
3
1
0
1
1
3
9
11
6
1
1
1
1
3
1
23
3
6
4
1
1
2
2
8
2
1
2
0
1
2
3
6
2
1
3
0
1
2
3
2
3
1
0
0
1
3
3
4
11
1
1
2
1
3
2
7
2
2
1
2
2
2
2
11
1
1
0
12
3
2
4
4
10
1
1
1
1
1
6
8
6
1
3
2
1
2
1
3
11
2
2
3
1
2
10
4
23
1
1
1
0
3
2
6
7
3
1
2
3
3
5
2
2
2
1
1
1
1
3
0
2
2
2
1
0
2
4
9
2
7
2
1
3
4
6
3
3
10
4
1
3
5
2
2
6
9
3
3
3
2
1
4
3
4
1
2
1
0
1
1
3
25
1
4
1
1
2
2
6
7
4
1
4
1
1
2
6
2
3
1
2
1
1
0
1
1
4
1
2
1
2
3
3
1
3
4
1
1
5
6
1
0
1
1
1
1
2
3
1
1
1
1
0
1
1
4
5
4
3
2
5
1
4
2
0
1
2
2
3
1
5
1
1
1
0
1
3
1
3
10
1
1
3
2
1
0
11
2
15
5
1
2
2
1
19
1
1
0
1
16
6
2
4
1
2
1
1
3
6
3
1
2
10
2
1
10
9
26
5
3
5
12
2
1
13
3
5
1
3
1
3
6
1
3
1
1
1
2
1
1
5
0
2
1
1
0
2
6
4
1
3
2
14
3
0
1
8
4
5
3
4
3
6
1
1
2
1
3
4
7
6
2
6
1
3
8
4
13
3
9
2
2
4
2
9
5
1
1
3
7
1
2
1
9
1
1
2
1
1
3
4
4
3
2
1
1
2
1
1
2
6
2
2
2
3
2
3
6
2
1
2
0
4
4
3
0
1
1
1
1
9
1
3
2
1
5
2
2
10
2
1
2
2
1
1
2
6
1
3
1
1
2
5
1
3
3
2
3
1
0
0
1
3
2
3
1
1
1
1
1
6
3
3
2
1
5
1
3
3
1
10
10
4
6
2
1
2
0
2
3
5
1
1
3
0
2
9
6
7
8
4
4
2
1
2
5
13
3
1
1
3
1
4
2
9
1
1
2
1
2
4
3
1
2
2
2
1
2
8
3
6
8
5
2
1
2
3
1
3
3
5
2
2
0
1
1
2
5
4
2
3
1
1
3
1
6
3
2
2
0
1
4
3
1
1
1
3
1
1
3
4
6
1
1
1
1
1
4
2
5
0
1
2
1
1
3
4
10
5
1
6
1
1
4
5
4
11
0
4
4
2
2
4
3
16
1
4
2
1
3
1
3
9
4
6
2
2
2
7
7
4
3
1
1
1
2
3
2
3
1
1
1
2
3
2
2
2
1
2
1
2
2
6
2
15
6
9
2
0
1
1
0
3
4
3
2
0
2
0
4
1
2
0
0
1
2
0
2
4
6
1
4
0
2
6
2
6
4
4
3
1
3
2
1
3
5
1
1
1
2
0
2
3
6
3
3
1
3
0
1
3
2
8
4
2
1
3
4
1
1
1
0
1
1
30
2
1
1
1
3
4
1
2
7
2
4
1
1
1
1
8
5
7
2
1
2
4
3
5
3
1
1
2
1
1
0
5
2
2
4
1
1
2
3
6
1
1
2
0
2
4
3
5
1
1
1
1
4
3
0
2
1
0
2
0
2
4
1
1
0
3
2
2
4
2
2
6
1
0
1
1
3
2
0
3
0
8
2
1
2
2
1
1
2
1
1
2
2
1
1
1
4
7
2
2
1
1
1
1
3
6
1
5
0
1
1
1
2
1
2
3
1
1
2
2
2
3
7
0
2
2
1
0
1
1
4
1
3
1
1
1
2
3
5
2
1
1
1
2
34
9
4
3
3
1
2
4
3
3
2
1
1
2
2
5
1
2
1
0
1
1
4
13
4
3
1
0
0
2
2
3
11
8
0
2
0
1
2
3
1
1
1
1
1
2
1
4
3
4
7
5
1
2
1
1
1
4
5
4
3
0
0
4
2
4
5
1
2
1
2
1
1
8
10
8
3
4
0
1
2
5
18
4
1
2
2
0
2
4
3
0
1
2
1
7
6
5
5
4
9
2
3
4
0
1
4
7
4
4
2
2
2
2
3
1
7
2
2
2
0
4
2
11
3
2
2
2
2
2
3
4
5
2
2
1
1
2
1
1
11
2
1
3
1
5
6
10
4
1
4
0
1
3
1
1
6
12
5
0
2
2
2
4
28
5
1
2
0
3
0
3
7
3
1
1
1
2
3
2
2
1
1
1
1
2
0
1
1
1
3
2
0
0
6
2
4
3
7
2
3
6
6
1
2
2
1
3
8
1
6
2
1
7
3
3
1
0
15
4
2
3
8
3
1
5
3
6
1
3
3
5
1
1
1
1
1
3
2
3
3
1
2
2
0
2
4
1
2
1
3
7
21
2
1
1
2
0
0
2
4
2
2
1
0
1
22
5
2
3
1
3
2
1
2
3
5
2
5
2
1
2
1
3
2
2
4
1
1
1
1
6
0
1
3
1
10
4
7
1
3
4
2
2
2
15
26
23
1
1
1
2
3
1
4
1
4
1
2
1
1
6
1
20
2
1
1
1
2
7
5
4
3
1
1
1
2
20
1
3
1
2
2
2
5
4
1
2
3
3
13
2
1
4
4
3
1
7
1
2
1
1
3
0
3
3
2
3
2
1
1
1
2
2
1
3
1
1
2
1
8
2
4
2
0
0
1
2
3
1
2
3
1
0
7
5
4
2
1
1
1
1
2
2
6
2
2
2
4
0
1
4
2
2
1
2
2
1
1
8
1
2
3
10
4
2
7
2
1
8
4
4
2
0
2
2
2
2
2
5
15
0
0
1
0
3
7
3
2
1
4
4
2
4
2
1
8
0
1
2
1
7
1
4
5
15
0
6
1
1
1
1
5
4
1
2
1
3
0
8
3
6
1
4
1
1
1
3
2
1
1
1
2
1
0
3
7
5
2
1
1
1
1
1
5
4
1
2
5
1
2
5
3
5
1
4
3
2
1
4
2
2
1
3
3
2
2
3
5
4
1
1
2
1
6
8
2
6
0
5
1
1
3
2
1
3
7
4
2
2
2
2
1
0
9
6
7
2
2
3
8
8
3
4
3
2
1
6
1
3
4
3
2
1
1
1
2
4
0
1
3
5
1
2
5
18
1
5
17
3
6
8
8
7
5
5
8
2
3
14
4
2
1
4
0
1
1
5
2
7
8
2
3
1
1
4
2
1
8
2
1
4
2
3
1
21
7
1
2
12
5
17
2
5
2
2
2
2
2
1
1
1
2
2
3
6
4
4
3
3
3
0
2
2
1
5
2
3
1
2
3
6
2
1
1
2
1
1
1
3
2
1
2
2
3
2
1
0
1
1
1
5
1
2
0
2
2
1
2
4
6
1
1
1
0
6
4
12
5
2
2
2
2
3
21
6
9
1
2
1
2
4
1
1
8
0
1
0
1
0
1
0
5
1
1
1
4
3
1
2
3
19
5
1
3
2
2
2
15
3
21
1
2
0
1
1
4
7
2
2
1
2
5
1
3
0
3
3
3
1
6
2
1
1
2
21
1
2
0
1
1
1
2
2
0
0
1
1
5
1
2
2
1
1
0
2
0
3
1
2
2
1
1
1
1
2
3
10
1
3
2
1
1
2
4
1
6
2
1
2
2
4
2
4
1
1
1
1
1
2
0
1
1
2
1
0
0
3
4
20
8
1
4
1
1
1
1
7
2
2
1
1
4
3
1
4
1
5
1
1
1
3
0
5
1
4
4
0
1
3
2
8
6
1
4
2
10
7
1
3
2
1
1
3
3
6
5
2
7
0
3
1
1
2
1
3
22
0
1
1
2
5
2
4
5
3
4
3
2
3
2
2
1
3
1
2
9
1
1
0
1
1
2
2
2
4
2
1
1
1
1
3
7
1
22
1
2
2
1
2
0
1
4
6
2
1
1
1
1
1
3
1
8
6
0
1
3
3
2
2
3
2
2
0
1
3
4
2
2
1
0
0
1
1
2
1
1
1
1
1
1
2
2
1
2
13
2
2
1
2
3
1
4
5
2
2
1
1
4
9
3
0
5
2
1
2
1
2
2
3
6
3
1
2
3
1
3
6
1
8
1
4
3
2
1
1
2
2
3
5
3
6
2
3
2
6
1
1
1
2
1
3
3
2
0
2
8
3
3
2
1
2
2
2
2
2
3
2
0
11
8
4
1
1
1
3
1
14
5
2
1
0
1
1
1
6
2
1
2
3
1
0
14
6
2
1
1
3
3
5
1
3
5
1
3
2
1
3
10
1
2
2
4
5
1
7
2
1
2
5
2
5
1
2
2
4
1
1
0
4
2
3
1
1
2
1
3
2
2
2
0
2
9
2
1
2
1
2
2
4
3
1
1
4
2
2
4
3
5
1
1
1
2
5
10
2
0
1
1
1
1
4
1
9
6
15
11
2
2
0
1
3
7
1
1
1
2
5
1
1
24
3
3
16
3
2
7
2
3
6
4
0
4
1
1
2
6
15
8
2
1
2
2
1
7
9
2
1
3
2
1
0
5
4
2
4
2
0
1
1
1
0
2
6
3
7
4
1
1
3
2
2
6
1
1
1
2
1
3
2
6
1
3
2
1
10
1
3
2
1
1
3
0
8
1
0
1
2
0
2
4
1
1
6
3
0
0
2
0
3
6
1
1
4
1
0
2
2
2
1
1
5
3
1
2
0
3
1
3
2
1
1
1
0
0
1
0
1
5
1
2
0
1
1
3
1
7
3
4
2
2
1
6
5
3
17
2
1
2
1
1
4
2
3
1
1
1
2
2
4
3
5
2
12
7
3
