143
137
136
76
79
76
51
204
147
129
105
113
126
148
133
99
116
122
95
82
87
84
159
166
220
156
179
163
291
238
184
165
212
160
165
280
217
159
201
179
179
230
135
173
185
186
102
144
188
173
206
132
138
171
181
285
262
316
284
256
201
269
258
223
232
209
160
215
203
314
282
233
263
228
313
250
297
262
270
320
266
236
269
282
243
211
185
184
206
171
129
210
175
186
208
171
138
232
216
197
224
171
239
216
272
208
260
280
217
250
171
218
128
91
112
19
80
81
95
104
123
17
74
105
89
145
80
84
108
103
23
69
81
79
41
111
115
87
102
128
214
207
180
173
161
174
203
259
239
177
170
178
227
228
169
173
184
219
175
172
188
216
258
244
230
255
212
238
115
160
148
120
127
110
116
99
89
96
99
75
81
184
115
133
121
135
147
194
174
158
211
230
229
213
177
236
150
139
111
108
83
89
100
148
135
113
105
127
116
101
103
96
103
140
132
100
109
137
98
108
208
196
94
100
155
167
273
168
138
183
137
182
182
128
102
121
88
183
242
183
198
170
168
137
173
125
249
262
237
218
273
232
243
189
275
184
232
217
218
193
277
241
259
179
232
253
168
185
139
216
222
255
190
293
255
165
229
187
264
170
325
237
294
273
212
166
238
227
262
251
202
161
237
225
247
192
156
260
280
240
160
233
263
174
299
165
247
150
261
207
177
131
164
217
206
175
204
133
136
187
222
137
134
195
177
160
104
111
216
250
152
133
130
153
149
264
275
294
236
213
220
196
171
309
277
225
203
182
148
236
216
205
170
151
204
176
198
142
201
217
160
245
240
226
201
229
181
174
220
211
173
269
249
223
138
162
158
247
196
180
182
184
167
135
195
179
149
162
164
193
185
266
123
128
147
178
141
135
106
231
288
210
247
252
217
236
181
171
210
200
256
254
265
199
229
227
179
253
194
237
195
198
252
195
217
169
203
294
222
216
182
190
174
245
237
214
214
166
210
194
186
190
210
229
159
225
216
160
211
130
201
210
221
192
205
108
229
168
183
173
213
109
110
118
99
111
190
193
167
197
250
240
215
277
291
276
183
91
91
138
170
168
181
111
77
142
155
137
160
74
103
98
78
95
76
87
54
78
194
199
164
185
181
193
91
122
108
107
90
89
103
66
63
74
84
76
76
83
106
103
98
85
88
79
75
91
132
98
125
133
106
104
88
59
85
85
49
37
51
88
111
94
65
75
81
91
85
76
59
54
109
74
58
86
116
95
126
95
105
103
159
116
139
138
179
199
187
91
124
163
149
150
160
90
98
137
143
114
146
125
128
130
189
176
198
238
239
203
209
228
142
189
137
118
157
223
144
185
176
138
175
140
167
147
107
138
90
89
121
140
150
118
154
174
147
136
119
144
94
106
139
127
123
118
122
117
105
104
72
95
102
143
169
121
81
98
96
91
132
145
82
190
149
180
108
151
137
133
188
145
124
65
81
79
90
96
96
117
148
146
114
108
113
100
95
90
146
116
101
218
158
189
191
172
171
118
179
171
172
189
174
125
196
210
190
238
104
152
158
120
114
152
153
141
156
106
173
196
210
179
215
205
194
159
152
200
162
180
205
167
146
209
148
198
166
157
202
164
231
211
196
219
289
262
312
251
306
237
210
210
196
170
196
158
237
214
199
185
216
158
209
238
172
210
188
230
155
198
149
211
256
203
252
191
269
202
158
179
154
142
110
169
169
222
230
164
125
179
228
262
156
158
182
220
178
151
184
197
179
224
197
209
169
230
262
286
252
204
213
180
166
259
263
202
173
148
153
242
186
197
166
152
238
158
127
150
202
162
213
279
194
176
218
99
177
172
190
174
175
105
174
153
165
151
163
139
94
98
101
94
166
184
182
149
281
264
232
284
228
228
142
143
149
176
143
119
130
96
115
197
176
157
158
159
115
96
95
104
135
119
104
113
263
178
187
174
182
157
196
120
93
117
80
108
93
149
103
156
101
133
126
91
93
73
85
84
90
77
71
80
196
196
224
201
235
255
221
177
255
229
249
227
287
200
188
186
190
209
209
145
144
133
174
156
260
238
242
260
265
259
266
260
293
262
289
234
264
209
261
276
228
244
284
183
230
248
207
242
237
263
224
217
195
243
222
239
255
223
207
290
248
215
186
166
115
118
178
174
111
204
165
147
222
200
164
141
132
173
202
151
124
165
165
155
163
158
164
245
185
191
260
162
195
193
226
166
198
189
212
183
211
159
177
188
169
175
144
151
177
194
148
177
212
210
218
202
232
205
227
146
176
205
255
217
192
195
213
212
285
207
189
218
208
199
158
175
233
203
160
179
242
207
217
260
230
251
194
218
259
223
217
252
212
200
178
157
163
175
166
278
180
224
205
199
199
246
225
224
241
298
266
275
277
303
169
190
185
145
199
132
197
211
239
102
149
88
135
202
114
158
115
151
108
168
121
155
145
122
171
149
176
172
136
198
136
107
131
83
111
136
192
155
153
114
147
135
121
130
82
106
152
161
102
133
169
135
182
148
213
163
168
158
113
196
124
183
164
139
42
157
143
106
96
126
127
251
194
216
88
95
122
145
121
126
143
162
188
179
100
161
163
211
201
235
235
123
123
109
87
96
105
126
196
132
145
200
148
127
136
163
197
187
266
215
201
207
194
200
130
182
127
130
123
235
144
217
154
177
160
182
237
152
169
147
152
97
126
91
177
187
163
156
168
166
219
94
77
169
172
132
102
96
83
152
157
134
100
92
100
119
118
104
81
86
106
88
197
144
127
167
157
126
148
97
137
99
118
116
106
176
215
209
209
145
177
210
224
188
159
184
232
255
199
238
229
167
186
218
219
214
236
193
207
203
199
217
233
180
230
235
216
202
240
250
151
202
219
221
182
221
216
243
206
203
205
209
206
258
168
210
210
105
162
143
177
165
204
111
151
106
139
180
110
169
188
208
129
163
135
176
168
138
147
192
225
225
141
32
102
136
162
201
142
53
160
144
186
217
195
49
97
34
87
35
111
167
162
158
139
220
133
224
251
202
220
227
184
249
220
145
214
198
200
214
144
132
189
204
240
195
119
184
207
145
158
156
206
154
203
111
199
151
193
225
237
208
144
194
164
231
232
176
134
171
164
230
218
174
247
201
205
141
186
164
186
252
234
228
214
242
111
108
128
88
99
105
79
216
163
87
133
116
57
168
104
174
140
77
146
142
138
88
152
151
128
202
112
99
241
186
181
113
160
159
135
173
178
105
169
186
142
230
94
131
181
174
79
121
157
167
122
103
79
184
120
177
223
222
224
166
130
146
160
187
197
180
143
169
180
220
153
110
142
152
146
107
153
151
140
169
175
194
230
242
167
136
142
121
118
114
90
215
241
183
203
188
128
243
233
203
193
126
216
256
226
129
208
181
104
242
137
130
188
249
240
194
157
130
159
154
163
181
188
157
162
252
183
149
119
160
173
143
129
129
207
150
188
175
182
148
142
79
109
113
106
102
107
90
145
144
145
116
126
118
67
73
75
29
121
145
131
93
139
129
114
166
131
88
109
136
92
169
153
153
119
124
97
152
160
118
124
137
147
122
72
92
98
112
106
79
171
126
132
151
212
135
118
135
107
178
189
207
202
152
93
93
83
100
88
144
138
107
143
118
140
129
144
153
241
251
244
253
266
257
101
70
90
48
87
77
78
144
209
143
153
155
190
177
162
164
163
147
198
162
192
188
150
262
198
207
177
212
84
129
169
182
173
188
162
121
87
92
68
102
59
149
151
110
159
103
190
174
156
148
191
195
175
174
188
202
227
145
162
183
165
206
210
190
202
222
164
241
182
215
166
159
209
129
160
179
168
155
140
262
188
130
164
161
202
198
173
216
193
210
160
199
203
238
204
226
177
218
217
263
233
205
204
211
188
227
239
293
219
265
235
206
235
269
212
200
199
205
230
259
221
196
213
212
210
236
204
226
209
255
177
234
206
255
203
194
225
217
253
223
189
83
135
171
205
153
153
98
196
167
202
166
184
150
90
114
150
110
146
198
199
226
208
147
155
197
189
170
177
139
86
142
212
129
102
117
47
150
164
107
52
72
101
164
200
139
44
76
37
63
165
105
60
186
106
137
184
156
132
146
127
129
126
175
113
174
198
149
195
138
223
152
122
188
175
136
139
111
197
144
170
222
227
161
180
183
135
205
215
161
184
337
251
152
153
210
220
261
153
162
216
217
114
110
155
178
185
156
192
167
174
212
209
184
204
158
160
149
144
217
192
135
139
139
115
224
146
154
158
128
160
148
164
144
211
196
191
212
186
215
174
216
112
255
243
248
300
125
104
145
117
197
136
121
220
176
159
211
106
93
112
104
224
230
286
199
277
264
226
119
176
155
116
175
120
145
206
154
124
175
130
142
108
99
112
105
125
123
143
134
232
246
203
195
202
190
81
81
79
83
115
74
89
101
61
106
106
104
98
44
138
110
113
107
81
97
85
92
208
164
202
183
247
157
152
205
172
211
175
211
176
171
184
169
147
143
148
163
222
214
177
211
183
170
160
167
316
333
297
286
320
288
170
134
98
134
146
138
182
121
91
97
106
108
111
87
77
97
96
108
105
106
106
108
262
284
185
288
210
195
136
167
136
222
247
282
209
155
111
157
128
144
118
137
180
138
163
128
117
119
141
130
240
263
221
332
254
275
253
246
204
169
141
170
182
243
183
176
134
144
168
212
146
111
115
155
148
121
116
172
205
185
237
252
244
212
285
269
230
273
223
221
228
237
281
227
193
207
213
265
238
233
248
218
213
183
211
205
231
256
241
223
312
235
169
218
175
284
283
224
242
196
166
176
163
151
164
179
219
213
191
205
178
180
173
177
282
230
279
283
257
230
234
143
209
262
217
206
196
116
190
209
192
170
161
129
127
110
114
107
227
233
238
215
294
263
227
272
258
253
159
179
101
173
217
196
209
126
79
132
143
135
132
119
212
204
224
205
101
109
120
116
211
270
211
223
223
255
191
228
173
194
180
171
163
149
282
240
237
244
162
127
152
152
138
136
238
222
234
146
206
208
175
248
157
140
170
185
182
129
179
170
171
236
145
189
201
194
221
183
201
203
185
229
137
156
145
163
229
221
244
259
251
228
148
154
146
172
206
220
191
104
114
107
129
153
169
144
140
171
149
135
134
168
165
150
249
191
161
243
191
240
89
122
53
87
92
91
101
150
104
103
94
68
82
116
148
134
117
126
112
103
91
97
220
202
145
181
145
167
162
96
124
178
165
193
165
122
149
210
134
135
134
121
108
85
84
96
164
122
116
100
183
189
156
208
191
217
227
230
226
177
160
159
203
223
218
195
191
179
184
293
187
172
179
189
167
155
154
180
211
204
182
264
178
189
293
272
232
148
203
181
179
212
184
175
217
202
167
243
153
191
170
167
149
203
167
180
192
181
136
257
170
150
203
160
229
157
193
199
182
262
220
109
144
176
205
187
102
164
192
213
125
154
198
187
167
154
122
238
192
239
167
136
120
207
177
237
215
153
138
190
165
198
188
240
188
190
177
200
181
160
147
169
197
233
229
214
243
245
174
158
141
136
150
126
138
210
254
142
170
155
160
227
189
195
204
194
161
193
187
168
243
205
157
226
167
172
158
174
199
187
183
141
198
96
118
124
126
88
127
233
218
222
149
193
226
202
153
209
261
231
277
168
235
224
159
116
169
210
207
128
244
112
169
158
149
124
128
141
117
110
92
94
180
170
123
132
230
156
179
127
183
123
110
110
102
100
100
98
88
143
125
146
157
103
78
126
167
153
124
104
179
203
211
200
230
160
144
175
161
208
203
204
183
189
192
181
192
247
209
193
222
212
222
228
200
223
212
217
162
209
197
199
178
169
161
283
275
239
158
177
239
261
184
135
215
85
170
139
163
85
116
197
180
133
142
147
227
174
135
174
198
155
227
142
185
131
133
149
112
153
112
199
101
195
157
141
164
159
137
145
143
166
188
129
103
132
127
121
135
234
125
147
111
161
248
250
285
223
181
198
171
262
219
251
203
224
200
233
268
225
237
221
202
192
193
190
237
272
234
235
265
267
121
206
159
188
172
175
165
168
121
124
160
155
154
169
171
193
194
176
167
141
152
145
250
280
233
305
318
288
225
153
200
181
190
176
194
172
208
199
207
190
198
182
196
200
180
187
173
211
205
194
226
216
252
229
244
225
212
181
174
106
132
173
141
199
226
143
174
211
183
159
104
135
158
149
158
173
183
174
168
143
149
176
219
181
217
239
245
214
208
207
199
231
189
152
148
152
185
295
199
186
197
249
209
180
188
244
213
254
231
226
228
226
280
325
131
264
217
270
242
266
129
254
201
222
235
144
244
227
255
210
121
116
117
105
242
273
276
266
208
237
253
164
178
180
196
213
209
178
186
193
193
218
202
133
127
141
155
139
140
161
213
203
236
191
228
238
258
250
164
178
141
140
119
111
123
193
187
137
149
126
127
213
114
135
116
115
126
145
138
157
179
163
167
195
177
221
244
89
33
217
122
103
166
84
7
222
115
98
178
148
103
52
28
97
23
21
13
16
109
93
194
130
101
110
13
107
110
78
105
152
132
3
94
100
96
44
100
90
96
98
110
106
123
137
120
148
200
96
175
122
240
131
149
169
54
199
200
231
210
107
13
124
153
132
137
44
162
171
152
141
44
37
44
45
236
220
242
215
221
237
106
86
36
94
88
81
120
217
55
130
133
129
110
63
148
123
131
94
29
41
74
79
141
178
73
141
73
87
102
180
82
103
47
5
12
112
144
152
170
102
74
67
103
87
7
11
128
116
87
81
132
77
74
143
83
108
141
137
124
76
95
22
112
107
103
92
83
38
100
167
76
141
52
132
83
135
61
144
42
11
100
53
123
42
193
131
187
18
147
120
163
191
236
8
154
121
198
168
61
115
121
153
17
179
123
205
53
78
82
136
186
170
146
18
129
30
128
127
105
11
119
34
141
135
100
10
7
23
33
95
2
82
92
75
64
18
34
130
101
125
146
128
159
179
138
120
110
246
231
145
166
144
219
205
124
158
160
215
178
208
178
203
188
130
134
180
200
193
192
172
116
107
84
93
125
217
169
134
122
132
171
126
171
134
131
212
83
75
72
92
138
180
215
132
168
179
174
168
151
75
129
144
140
162
135
85
151
129
160
153
73
129
169
144
37
99
124
106
86
41
89
110
155
132
178
171
153
101
124
78
91
157
131
107
118
83
76
161
93
105
53
65
83
93
45
67
121
85
93
89
109
78
199
210
202
124
132
88
113
185
253
164
191
136
172
192
134
121
115
108
153
206
117
167
144
124
132
150
258
127
225
274
175
261
241
164
238
263
239
211
251
166
209
203
220
275
195
195
178
198
133
161
268
191
257
213
236
164
205
203
221
197
209
191
172
177
198
169
180
148
161
188
166
171
164
149
199
199
184
177
179
193
206
200
178
161
159
201
182
151
191
151
149
179
178
129
169
155
182
200
164
157
147
173
144
171
137
140
190
154
164
185
181
234
139
131
174
126
118
110
149
143
140
111
133
112
105
152
193
214
193
176
139
179
167
183
183
174
201
258
165
171
82
59
119
62
75
79
77
119
137
155
129
133
166
92
141
92
103
90
108
121
124
137
105
165
140
97
148
139
180
259
57
139
119
141
149
213
68
143
150
111
168
73
140
135
125
180
35
15
27
42
165
185
101
147
105
94
104
103
113
125
108
86
138
91
97
171
125
165
154
108
118
96
85
118
126
99
90
120
204
169
244
131
217
164
115
61
82
102
4
88
87
43
107
122
92
121
98
1
24
2
3
2
89
154
97
137
74
103
107
94
161
77
46
29
80
85
84
82
59
114
67
111
124
124
131
50
83
97
92
95
77
87
101
97
196
150
150
172
174
213
90
77
78
150
145
170
136
93
103
82
86
75
69
90
72
78
82
69
70
80
80
66
169
139
140
130
126
137
120
66
62
108
78
35
75
82
77
112
102
78
85
105
82
48
111
86
95
88
90
180
89
83
104
53
101
79
219
237
88
203
192
190
176
234
94
194
224
197
192
87
192
219
207
184
79
78
61
61
272
283
290
255
286
274
165
186
104
144
135
146
149
176
110
146
105
138
130
95
155
125
165
154
144
107
133
129
241
264
260
220
243
298
87
97
102
114
98
101
98
95
118
126
106
112
110
112
100
78
74
69
128
102
111
128
245
229
185
269
212
246
178
183
159
103
109
79
99
215
196
109
128
77
107
175
115
117
93
111
118
119
97
121
257
203
213
198
223
196
93
150
116
79
127
112
124
154
131
122
161
150
158
142
108
136
133
125
87
125
116
127
120
106
107
219
186
206
129
197
174
220
198
156
191
224
91
148
134
113
130
124
187
170
167
187
147
188
161
139
255
166
203
209
187
252
158
174
124
157
135
132
131
130
89
137
155
154
133
130
131
118
115
107
101
88
80
90
167
196
178
241
210
244
178
158
154
127
172
181
168
236
145
103
131
142
137
157
115
123
132
118
113
122
131
119
166
144
163
236
188
195
201
162
143
161
136
145
136
192
198
233
166
188
151
324
184
239
294
174
206
224
300
157
186
221
162
281
153
203
133
229
204
177
149
119
92
148
134
98
98
77
45
179
144
128
104
77
179
176
143
100
206
186
110
217
160
172
124
124
101
81
89
74
77
72
149
82
110
94
86
89
92
72
76
83
114
143
113
121
138
150
203
172
144
185
227
114
147
31
70
23
18
111
164
65
63
34
23
178
106
108
86
79
74
92
66
58
105
166
136
95
114
152
191
155
180
186
155
216
120
223
347
146
131
134
114
227
124
118
131
101
137
127
127
110
246
251
162
210
151
183
91
112
128
167
133
117
134
175
144
99
85
90
97
210
152
139
126
133
200
154
156
187
196
146
170
139
148
241
215
61
91
74
74
58
74
61
103
86
81
80
82
109
78
75
77
111
131
137
129
144
241
229
138
321
136
130
179
147
114
151
139
168
139
223
176
161
172
171
141
207
132
156
136
110
97
110
93
82
199
238
197
180
173
202
193
220
171
171
190
209
210
248
145
134
142
160
173
196
177
195
215
242
186
218
217
204
325
260
197
275
213
275
196
161
251
178
227
140
152
197
187
146
185
195
203
163
154
175
170
188
164
215
135
165
227
147
158
185
205
260
233
220
238
155
160
150
161
196
260
131
134
121
133
231
131
138
134
136
126
136
127
139
288
231
246
301
292
295
152
180
152
203
207
194
178
226
241
135
226
218
214
174
168
202
172
164
158
212
208
192
214
198
151
297
250
284
100
170
88
147
175
199
159
125
53
105
114
109
163
108
158
195
179
187
80
91
82
85
177
173
167
205
174
191
292
276
219
197
214
208
157
282
239
214
214
240
182
217
208
224
235
158
170
169
184
210
255
269
183
252
162
178
331
225
187
164
186
195
203
227
208
177
200
203
208
265
168
199
214
221
193
200
173
195
239
209
225
245
253
320
220
164
94
157
165
166
169
181
101
128
159
149
138
111
118
151
141
137
99
85
94
94
140
193
212
250
172
227
2
3
0
4
1
1
6
1
2
4
2
4
3
2
0
1
1
0
1
2
2
2
5
1
2
2
2
2
2
2
1
2
3
3
2
1
1
3
3
2
3
0
3
4
3
2
2
2
15
2
5
4
2
4
4
1
1
0
1
2
1
3
1
3
3
2
1
2
0
5
2
4
2
1
1
7
5
3
5
2
1
2
1
4
1
1
4
1
3
0
2
3
1
3
4
2
1
1
3
3
2
1
2
1
1
2
3
7
2
3
2
3
1
1
4
3
3
3
8
0
1
1
3
2
2
8
1
2
3
1
1
5
2
1
4
2
0
1
2
2
1
2
3
4
1
2
2
14
3
1
2
2
4
2
1
1
1
1
0
1
1
2
1
1
0
1
0
1
0
1
2
1
0
6
3
3
1
1
1
0
0
1
0
1
4
0
4
2
2
1
0
1
3
1
1
2
3
5
2
4
4
2
1
2
2
0
0
1
3
0
2
2
3
1
0
0
0
1
0
1
2
0
0
1
2
3
1
2
0
0
0
9
3
4
2
2
2
1
3
1
5
3
0
2
3
1
1
3
3
1
4
1
0
0
1
3
1
3
1
1
0
1
2
1
4
1
2
1
2
1
1
1
2
5
1
1
2
3
0
0
5
1
1
2
1
1
0
2
7
0
1
2
1
1
1
1
1
3
1
10
3
2
1
1
6
1
2
1
1
1
0
8
2
2
3
2
1
2
1
2
6
11
28
6
4
3
1
2
5
3
5
1
1
11
11
4
3
4
5
6
2
1
1
2
1
11
8
5
2
1
1
2
0
0
1
1
4
1
2
3
6
1
7
1
4
2
0
7
1
11
3
0
2
1
1
19
1
2
2
2
1
2
1
1
1
1
11
1
2
2
1
1
2
2
1
2
2
2
2
3
1
3
1
1
2
0
2
5
4
3
7
0
2
2
1
0
3
1
2
0
2
4
2
1
1
28
1
1
1
2
1
2
4
3
2
4
1
0
0
2
3
14
1
1
1
1
4
2
4
1
0
2
1
1
2
2
4
4
3
1
5
5
2
1
2
3
3
3
3
6
14
4
17
2
2
0
4
5
2
1
1
1
4
4
5
1
7
2
2
2
1
3
9
4
16
8
4
1
3
2
3
4
1
2
1
2
1
8
1
9
2
3
4
2
2
1
13
7
1
2
1
3
1
1
5
13
2
2
2
4
1
12
0
3
1
4
3
4
2
2
1
1
3
3
2
2
0
1
3
3
3
1
2
4
4
1
8
4
1
10
3
0
0
1
1
4
2
1
1
2
2
1
11
7
2
4
0
2
0
1
1
4
2
4
1
2
2
7
22
5
3
3
1
2
3
2
2
4
1
1
2
3
2
0
1
1
1
1
2
1
1
1
1
1
1
3
4
2
2
3
4
2
1
2
2
4
2
2
0
5
1
1
1
2
3
1
0
3
2
1
3
2
1
7
3
3
1
1
1
2
3
1
2
1
2
1
2
1
1
2
1
4
0
1
4
3
3
1
2
1
1
1
3
2
2
1
2
4
1
2
2
3
4
2
2
4
1
1
8
4
1
2
3
1
0
1
1
1
3
2
3
1
1
2
4
3
5
3
2
1
1
1
5
2
5
3
3
6
2
3
3
3
2
2
2
1
0
3
6
3
1
1
2
4
1
1
2
10
4
1
6
6
1
1
1
2
1
0
1
2
3
2
4
4
2
1
2
3
1
1
3
3
2
2
3
1
2
0
3
1
0
2
2
4
1
1
0
2
2
1
2
2
1
1
1
1
2
3
4
3
2
0
3
0
1
1
0
2
2
1
1
1
1
2
2
3
1
1
2
1
4
2
1
1
4
2
2
2
2
2
1
3
2
1
6
2
1
2
1
1
1
1
2
1
2
5
2
1
2
2
1
0
2
3
1
3
6
1
5
1
1
1
1
2
2
1
1
1
2
0
5
2
1
2
1
1
3
8
5
2
1
4
6
1
2
4
3
3
1
2
2
1
2
3
1
1
2
2
2
10
2
1
2
1
1
3
2
4
1
4
2
1
1
1
1
5
1
4
10
4
1
2
2
3
3
3
5
4
2
1
1
1
1
2
3
4
2
0
2
2
1
3
46
8
4
2
1
1
1
0
3
2
3
1
0
1
8
1
5
1
1
1
3
1
7
6
1
1
1
3
2
1
3
1
1
2
2
1
4
1
1
2
4
2
4
2
1
1
0
5
4
0
1
3
1
3
1
1
2
1
1
2
2
2
0
1
3
15
2
4
2
3
1
1
4
0
1
2
3
9
10
17
4
1
3
3
1
2
4
1
4
4
4
3
5
3
1
2
4
1
4
2
1
3
1
1
6
1
3
5
2
4
4
2
3
1
4
5
1
1
3
3
3
3
3
3
2
2
3
8
17
0
3
5
4
0
1
1
9
1
2
1
6
2
6
1
5
1
1
3
1
1
2
1
8
2
4
7
0
3
5
1
2
2
2
1
3
2
7
2
2
1
1
2
0
8
5
6
1
2
3
4
2
1
2
1
4
2
4
2
1
1
3
2
2
3
3
1
3
2
3
4
4
2
7
4
1
2
3
2
3
2
1
0
2
3
0
1
1
2
7
4
6
2
3
3
2
2
4
7
3
5
5
2
1
2
1
3
1
4
3
6
1
1
3
4
2
1
1
3
1
2
2
0
1
1
1
3
14
2
4
0
2
7
1
3
4
2
4
1
1
2
1
4
3
4
1
0
1
1
3
3
3
6
4
4
0
2
0
5
1
2
4
1
0
3
1
5
1
4
1
1
3
3
5
7
2
5
1
1
1
1
3
1
6
3
1
0
0
3
5
2
1
2
1
0
1
6
7
6
3
14
0
0
2
1
5
1
2
3
1
1
0
7
1
2
5
3
3
1
1
3
12
2
1
4
3
1
2
4
3
3
4
5
1
1
1
1
3
5
2
5
1
1
0
1
1
8
3
8
2
0
1
1
26
3
1
1
5
1
4
3
3
2
1
1
10
1
0
4
4
6
0
5
2
0
8
4
4
2
0
1
1
1
1
7
1
2
1
1
0
1
0
1
1
4
1
1
1
3
2
2
6
2
2
1
1
1
3
1
4
2
3
1
2
3
1
2
3
1
2
1
4
4
7
8
1
2
4
3
2
6
1
5
3
1
0
3
2
3
1
1
3
0
1
1
1
3
1
3
2
1
1
1
3
4
20
4
1
2
5
1
1
4
7
1
3
2
3
1
2
4
1
2
1
1
1
4
1
12
4
2
8
0
1
2
2
1
1
1
1
2
2
1
1
14
2
1
3
11
2
8
8
2
1
1
2
3
0
2
1
1
0
3
0
1
2
2
1
2
1
2
1
1
0
1
3
3
2
1
3
11
0
0
1
1
1
0
2
3
0
5
7
4
2
0
1
1
1
2
3
4
3
2
1
3
1
2
9
1
1
1
2
4
2
5
2
0
2
1
1
0
0
2
16
1
2
0
1
1
1
2
2
1
2
1
1
3
2
12
3
1
4
3
1
5
7
7
3
2
3
1
0
0
3
6
1
0
2
2
3
4
1
2
1
1
1
1
2
0
1
3
5
0
2
0
2
1
1
1
1
0
3
0
3
2
2
24
4
2
13
4
3
1
13
9
5
1
0
1
3
0
2
0
1
1
2
1
1
0
1
4
3
1
1
2
11
1
2
2
2
1
1
1
1
2
1
1
3
1
16
9
7
0
1
2
6
1
1
1
4
0
3
3
4
1
2
10
1
4
1
1
6
2
10
4
1
1
2
4
2
3
5
7
1
1
3
3
2
1
1
1
1
1
3
1
1
2
4
3
1
2
3
1
4
2
7
3
2
2
2
4
2
4
3
2
3
2
0
2
3
0
1
1
1
2
2
4
1
1
5
5
0
2
2
1
1
9
0
5
1
1
1
1
1
0
0
1
1
2
1
2
1
1
3
0
1
3
0
8
3
2
3
2
1
0
0
6
5
4
3
1
1
1
2
5
1
4
1
1
1
2
1
5
1
1
3
1
1
2
0
8
5
6
2
1
3
1
2
3
1
1
1
3
1
1
2
3
2
2
1
1
1
4
4
2
2
1
1
1
2
1
2
3
1
2
0
1
0
2
1
3
4
2
1
2
1
1
4
1
3
2
0
1
3
1
11
2
2
2
1
6
3
1
2
3
8
2
2
2
3
1
2
5
1
6
2
1
2
3
3
4
2
1
1
1
0
2
1
2
2
1
4
7
1
1
1
3
2
2
1
2
0
1
1
1
2
1
2
2
0
1
2
2
4
5
4
3
3
2
1
1
0
4
5
10
1
1
1
1
1
2
2
3
3
4
1
1
2
3
2
3
1
1
1
1
2
3
4
1
1
2
2
2
1
5
3
1
5
1
2
2
1
6
6
0
3
1
2
0
3
2
3
2
2
1
0
0
4
10
2
1
3
1
3
0
2
2
5
4
2
2
5
5
1
2
2
2
2
2
5
1
1
3
2
1
0
5
0
2
6
4
0
1
2
2
1
1
2
4
2
1
2
1
1
1
3
6
2
28
0
5
4
6
3
4
9
8
2
2
3
1
4
0
7
9
1
2
3
3
1
2
2
4
1
3
1
1
0
1
6
2
1
1
1
2
0
2
2
3
2
4
4
2
1
2
13
14
1
1
1
1
1
1
1
1
2
6
20
1
1
1
7
0
2
3
4
2
2
1
16
1
2
1
3
1
1
1
3
1
1
1
1
0
1
1
3
2
1
4
5
1
2
1
5
2
2
13
1
1
4
6
6
0
1
2
1
0
3
3
7
1
3
2
1
0
1
1
1
1
2
3
1
0
1
1
2
1
1
1
1
2
2
1
3
2
3
4
2
3
21
4
4
2
1
1
3
1
1
1
1
1
4
8
1
1
1
3
1
1
2
1
5
0
0
1
1
4
2
1
4
1
2
2
3
2
2
1
2
4
1
2
25
2
1
1
2
1
2
3
2
3
3
4
4
0
3
23
1
3
10
2
0
2
1
6
1
1
1
4
1
2
3
2
1
1
1
2
0
2
1
3
0
6
2
1
1
5
2
4
1
5
5
2
2
7
6
6
1
7
3
1
1
3
2
6
2
3
2
2
4
2
2
1
2
2
2
5
2
3
1
1
1
1
1
1
2
0
1
3
1
3
2
1
1
2
2
4
3
1
4
0
2
3
0
1
4
2
4
0
2
6
2
2
1
3
19
0
5
3
1
2
1
3
2
1
2
2
0
2
1
5
4
1
2
2
0
3
1
2
7
2
1
1
6
3
2
1
0
1
1
2
4
1
1
2
0
1
5
1
2
0
0
1
1
2
1
5
2
2
2
2
1
1
3
1
0
1
1
1
1
1
1
4
7
3
2
2
1
1
1
3
1
2
2
1
2
1
5
1
2
2
4
2
3
0
1
1
3
2
3
2
0
1
3
1
1
2
2
5
2
1
1
1
3
18
1
6
25
31
0
1
3
2
1
1
2
1
0
3
3
3
1
1
3
4
1
1
1
4
1
0
4
2
0
1
1
3
2
0
1
3
9
4
2
4
3
2
2
2
1
1
1
6
4
1
1
3
1
0
21
3
2
1
6
1
11
5
2
3
8
2
2
1
2
3
3
2
1
1
3
0
2
1
3
1
2
1
2
2
2
3
3
2
5
4
3
3
3
13
1
4
4
4
4
1
8
2
25
2
3
6
4
1
11
1
1
2
1
1
2
2
7
4
7
0
2
0
2
1
1
1
1
5
1
1
2
18
1
4
21
37
2
2
4
4
1
4
2
4
1
4
4
6
1
2
4
5
1
5
3
8
3
3
1
4
1
2
1
4
2
1
1
5
1
6
3
6
1
1
4
1
2
1
6
7
5
3
2
3
2
5
8
1
2
3
2
3
5
15
8
2
1
3
4
2
0
5
10
3
3
1
2
1
4
2
4
0
0
1
3
2
5
11
6
2
3
1
2
3
6
12
3
2
3
3
2
1
6
6
2
2
3
4
3
4
3
3
2
2
2
3
3
0
5
5
9
1
1
3
3
2
2
1
5
1
2
0
4
3
3
20
6
2
1
2
3
0
2
3
2
1
11
5
6
1
1
5
19
1
4
3
1
0
2
3
2
1
2
1
3
2
2
1
2
2
3
8
4
1
1
2
3
3
1
3
4
1
2
4
3
4
4
7
1
1
3
3
1
3
8
8
1
1
1
3
3
2
4
4
1
1
2
3
1
2
7
3
1
1
1
5
1
3
6
6
1
2
5
4
1
4
5
4
0
1
3
4
0
14
5
1
2
3
2
3
5
2
4
3
1
2
1
4
2
3
5
4
0
1
1
5
1
5
4
3
1
2
0
1
15
2
1
1
1
2
0
8
6
2
5
1
1
3
3
1
18
2
1
1
0
1
2
1
2
0
0
1
2
1
3
0
1
2
3
1
1
1
1
2
3
1
1
1
2
0
4
3
1
2
0
1
1
2
4
2
5
2
1
1
1
1
2
1
3
2
0
1
1
2
1
2
1
1
0
0
1
2
3
2
3
2
0
1
4
1
1
1
7
3
1
1
3
2
7
9
2
4
1
2
3
1
0
2
3
2
1
0
4
1
2
1
1
2
2
1
3
2
3
3
4
1
0
1
1
1
1
2
2
1
14
10
1
2
3
3
2
3
2
1
0
1
1
1
1
1
3
3
0
0
2
1
2
2
4
2
0
1
1
1
0
0
1
2
1
2
3
2
3
5
5
1
0
1
9
1
1
3
4
1
2
1
1
1
2
6
4
1
1
2
2
2
1
1
6
0
0
1
2
1
1
1
2
0
1
1
1
0
2
2
2
0
2
1
1
1
2
5
1
2
1
2
1
3
7
4
10
1
3
1
1
1
5
6
7
1
1
1
1
3
1
1
3
0
1
2
2
0
1
1
2
1
2
2
2
2
2
0
1
9
1
2
1
1
1
3
3
11
1
3
4
3
0
0
5
3
1
2
3
2
1
2
5
1
1
2
2
1
1
2
3
7
2
5
2
1
1
8
2
3
1
1
1
2
2
2
4
1
1
5
13
1
2
1
8
1
2
10
3
1
1
4
8
1
1
4
1
2
1
3
3
0
1
3
1
0
1
2
2
1
1
4
3
0
2
4
3
1
5
7
3
2
2
4
9
1
1
3
2
1
2
3
4
1
2
3
2
1
1
5
2
0
1
5
5
0
2
1
1
0
1
3
1
1
3
1
1
2
2
2
3
0
1
1
3
3
1
4
1
1
0
9
3
2
1
2
6
1
1
2
4
1
1
1
1
1
2
1
5
1
2
5
1
1
3
4
7
2
2
2
2
2
5
4
2
2
1
3
3
2
4
10
2
1
1
7
1
2
1
6
1
1
3
1
1
2
1
2
1
1
2
2
1
3
3
3
0
2
5
1
1
22
10
4
1
0
2
9
2
3
9
6
1
4
2
3
1
2
2
2
1
1
2
2
2
1
5
2
1
2
1
5
0
3
2
2
1
1
2
3
1
4
6
1
2
3
1
1
1
2
1
15
4
3
5
1
1
0
3
2
2
10
7
1
1
1
3
1
5
3
1
4
0
2
0
0
1
2
1
0
0
3
1
2
1
2
2
3
1
1
4
6
7
5
1
1
1
6
10
2
3
7
1
0
1
3
3
3
1
3
1
0
1
2
1
3
3
3
3
0
1
1
2
2
3
6
1
1
1
4
4
3
5
1
3
2
1
2
6
1
1
3
1
1
1
2
1
2
5
2
1
1
3
1
2
5
1
3
1
0
0
2
3
8
1
6
2
0
1
2
7
16
2
1
2
2
1
4
7
3
2
1
2
4
1
3
3
2
1
2
4
3
3
5
6
4
1
10
1
2
3
2
1
1
1
2
2
5
3
1
15
2
1
1
1
4
2
6
3
1
1
0
1
1
1
3
3
1
2
2
2
3
2
1
3
1
1
1
1
3
1
2
4
1
2
2
1
1
1
6
3
5
3
4
1
2
0
3
2
1
1
1
2
4
2
2
1
2
1
2
3
1
1
8
3
2
1
2
2
2
2
2
6
1
2
0
1
0
4
3
6
1
2
1
1
26
3
3
1
2
3
1
21
6
2
1
2
1
3
5
12
8
2
1
3
1
1
4
25
7
8
5
5
2
1
1
5
5
2
1
2
1
3
0
5
3
2
1
6
3
1
3
2
2
1
1
2
3
1
15
5
1
2
1
2
3
4
1
4
2
7
0
2
0
1
3
5
1
3
1
2
1
3
1
4
2
3
1
0
1
1
1
11
1
5
1
0
1
7
2
2
1
3
2
2
1
3
14
2
1
2
1
2
1
5
5
6
1
1
1
1
10
19
6
2
1
4
1
1
2
12
1
0
3
5
2
5
1
1
3
6
1
18
21
6
2
2
1
1
2
3
2
8
1
1
1
2
1
3
5
8
1
1
1
1
5
1
2
5
0
2
4
3
2
10
4
1
1
1
1
2
1
4
11
4
2
2
1
0
1
2
1
2
1
1
4
2
1
8
2
6
1
1
2
0
3
5
1
5
1
2
2
2
1
5
10
2
13
2
1
1
3
14
1
2
4
2
1
2
1
10
5
1
1
1
3
1
2
5
1
3
3
3
3
3
10
4
2
5
2
3
2
6
1
2
2
0
2
1
5
5
2
1
1
1
0
1
3
3
7
1
1
2
0
1
7
4
1
4
3
1
3
0
22
12
7
9
1
1
1
2
11
3
1
0
1
2
2
6
9
4
2
4
5
1
2
1
3
3
4
3
1
1
1
10
6
1
4
3
6
0
0
4
4
1
1
2
1
1
1
6
4
3
3
1
11
1
3
10
6
1
3
3
2
0
0
17
8
5
1
1
5
1
2
4
12
1
2
4
6
0
0
2
6
3
2
1
6
1
2
3
3
1
2
4
1
7
1
7
5
1
7
4
1
1
5
4
2
0
10
2
4
2
1
4
1
1
3
1
4
1
1
3
1
2
31
6
3
2
1
2
3
3
4
6
6
2
2
1
0
5
3
4
1
2
3
1
1
2
3
2
2
2
1
1
4
2
2
13
6
1
2
2
0
2
5
5
2
2
2
1
1
7
3
12
0
3
0
3
5
2
1
6
1
3
2
1
1
8
3
4
1
4
4
0
1
4
4
4
2
4
3
2
1
6
2
9
1
7
4
3
1
2
2
1
7
1
1
1
1
3
2
15
6
4
3
2
20
4
1
2
5
2
2
2
4
2
8
7
7
2
1
0
6
3
2
2
2
2
3
1
4
5
0
4
2
3
2
3
2
1
3
4
2
3
2
1
25
5
3
4
3
1
2
1
5
4
6
8
3
1
0
1
2
6
6
3
1
2
4
7
4
5
3
4
2
2
1
2
2
5
1
6
2
2
2
1
6
5
3
5
6
1
1
1
1
6
17
3
1
5
1
1
2
3
1
2
2
3
0
0
5
1
12
3
2
3
3
5
3
4
2
3
1
2
2
1
1
4
10
4
2
0
2
0
3
3
3
12
2
1
3
0
3
9
4
4
1
2
2
0
3
4
4
0
2
2
6
2
1
8
4
3
1
1
3
1
3
3
3
2
1
1
2
1
0
3
3
0
1
4
1
1
3
5
5
1
2
0
7
4
2
8
5
1
3
4
6
3
2
15
11
2
2
1
4
10
4
1
3
2
1
1
2
2
3
8
1
2
1
1
2
1
4
2
12
4
1
2
5
2
2
4
2
20
2
19
1
0
2
0
4
12
0
6
2
3
0
2
3
12
3
1
1
1
2
0
1
2
3
1
1
1
0
1
10
3
0
1
1
0
0
11
3
1
3
1
0
3
1
5
1
5
1
0
1
1
1
2
8
2
2
1
3
1
3
6
3
5
1
0
1
1
2
2
3
2
1
2
2
0
1
4
4
3
8
1
1
0
1
2
6
4
1
1
2
2
2
1
7
5
1
1
1
0
1
5
3
4
1
0
2
0
3
8
8
3
2
1
1
4
7
26
11
4
3
1
5
4
21
4
6
1
3
1
2
3
7
2
2
1
0
0
1
2
5
2
5
1
2
3
3
2
7
5
10
1
3
1
17
4
8
4
1
1
1
5
3
8
6
3
2
1
0
3
2
3
7
3
3
7
1
3
5
5
3
5
0
2
1
3
4
4
1
3
3
1
1
6
1
4
7
10
2
4
3
2
3
6
2
3
1
1
4
2
5
3
2
1
2
1
3
1
6
10
3
2
0
3
1
2
2
11
4
3
1
1
1
5
27
2
4
4
3
1
6
5
14
2
1
3
3
1
5
3
3
2
2
1
6
2
3
3
4
2
9
2
1
6
1
1
3
3
4
2
4
2
16
2
1
1
2
4
3
1
6
3
1
1
2
2
1
1
2
5
3
1
2
3
3
1
5
4
3
2
3
2
2
2
3
1
2
3
5
1
3
3
9
4
0
2
2
1
1
2
2
2
1
6
8
3
5
1
2
1
0
3
2
3
0
13
3
2
0
1
1
3
1
6
6
1
1
1
1
2
1
3
5
3
4
8
23
6
2
6
1
1
0
2
1
7
4
2
3
1
1
3
14
2
1
1
4
3
2
1
4
8
1
3
5
3
3
5
6
2
1
2
3
1
2
15
2
1
1
2
3
4
2
3
3
1
1
0
3
1
4
8
6
1
1
2
4
1
6
3
1
4
2
3
5
3
1
7
3
3
5
4
2
2
3
3
2
2
3
1
9
3
2
5
2
2
1
1
1
1
6
2
1
1
1
2
5
5
7
4
1
3
1
1
3
4
4
3
1
1
0
2
2
3
2
1
3
1
1
4
3
3
5
1
1
0
1
0
7
4
1
1
1
6
0
1
16
3
3
2
1
1
2
6
2
1
1
1
1
2
1
6
7
4
2
6
1
2
1
5
4
0
1
1
0
0
2
7
2
17
3
3
1
0
1
4
3
3
3
1
1
0
2
6
4
2
3
2
2
1
0
1
5
9
2
3
4
0
1
13
15
4
5
1
1
0
1
4
4
0
0
4
1
1
1
1
3
4
1
6
9
0
5
1
1
1
10
3
11
6
1
1
1
1
3
1
4
1
1
1
1
4
5
6
3
1
9
0
4
11
4
6
1
1
0
1
7
2
3
6
0
1
0
2
1
3
3
6
2
1
1
2
2
4
3
11
1
1
1
2
2
2
2
2
4
2
1
1
2
4
9
11
1
3
4
2
4
1
3
1
1
3
1
1
4
1
3
2
0
4
0
2
4
4
4
4
2
0
2
3
1
8
5
4
2
1
1
2
6
2
3
2
13
1
2
1
8
1
4
3
5
1
2
3
3
3
5
5
4
1
5
3
3
1
2
7
5
1
7
1
4
1
7
9
1
3
1
2
4
2
7
14
0
3
2
1
2
2
7
4
2
0
1
3
9
2
1
14
2
1
2
3
3
1
8
9
3
1
7
6
1
4
2
10
1
2
1
4
2
2
2
11
3
2
3
6
2
1
1
5
1
3
6
3
6
6
9
6
1
3
2
2
2
1
1
2
2
1
1
4
3
4
9
3
3
2
1
4
1
3
4
4
1
2
3
1
6
6
3
11
3
2
2
1
0
4
3
3
6
7
5
2
2
8
6
3
3
1
4
2
3
4
3
2
2
3
2
2
4
5
8
2
1
1
2
3
2
7
4
2
2
1
2
1
1
3
6
1
3
0
3
6
2
4
4
4
2
1
4
4
1
8
2
2
2
0
2
2
1
2
5
1
3
3
2
6
3
3
2
6
3
5
6
2
1
4
3
4
1
3
2
2
3
3
4
2
1
1
2
2
1
1
2
1
2
2
2
3
1
1
0
1
1
1
1
0
2
1
3
1
2
1
4
2
1
3
4
7
1
1
2
1
1
13
1
2
3
2
1
1
1
12
3
1
5
1
0
3
1
5
2
2
3
2
0
2
0
4
6
3
0
1
1
1
3
4
5
1
2
3
1
1
1
10
3
1
3
1
1
1
1
1
4
1
2
1
1
1
1
6
1
1
2
1
4
2
0
4
1
2
2
1
1
2
0
3
8
0
2
0
4
1
3
5
3
5
0
1
6
2
5
2
14
0
2
3
2
2
1
1
3
0
2
3
6
9
6
3
1
2
1
1
8
4
2
4
2
1
1
1
2
2
2
2
0
2
1
1
2
7
14
2
1
2
3
4
0
5
3
1
1
2
1
1
2
2
6
1
1
3
4
0
2
7
9
2
1
1
4
0
7
2
6
1
1
2
1
1
2
3
1
2
0
6
0
2
2
1
1
2
1
2
0
6
7
2
2
1
4
0
2
2
2
1
1
2
1
0
3
2
4
1
2
9
2
5
1
6
9
2
1
3
5
6
4
1
1
2
1
0
7
0
8
1
0
1
3
3
3
1
1
27
1
1
2
3
2
3
6
2
0
0
1
3
5
5
7
5
1
4
2
1
3
3
3
3
1
1
0
1
0
4
1
1
0
3
3
6
4
1
9
1
0
1
1
0
1
3
1
4
0
2
1
0
2
6
15
2
0
1
1
3
2
6
1
4
3
4
2
4
3
3
1
3
1
2
2
1
3
10
2
1
19
4
3
6
1
1
7
12
3
2
5
2
0
1
0
2
4
5
6
1
1
1
1
8
25
5
6
2
2
2
3
7
8
7
7
0
1
5
3
1
5
4
2
5
7
2
2
4
5
5
6
2
3
5
1
3
23
3
8
2
1
3
2
4
5
4
2
3
1
1
3
3
3
4
2
1
2
1
1
1
39
5
2
6
0
2
2
5
1
1
1
2
0
3
1
1
3
1
4
2
1
2
3
6
0
1
4
8
0
0
2
0
1
3
0
2
0
7
3
1
0
1
1
1
2
14
1
2
1
2
2
6
1
22
4
0
1
1
1
1
0
5
3
3
2
2
0
1
0
5
5
2
2
1
0
1
0
6
6
1
2
2
3
1
0
2
1
6
2
0
2
1
1
2
2
6
3
1
1
1
0
7
6
3
1
1
4
2
0
4
2
2
6
1
5
9
1
3
1
1
3
2
2
2
1
1
0
6
3
3
6
1
1
1
4
7
3
2
3
2
0
3
3
3
2
3
3
2
2
1
1
1
2
2
0
2
0
1
3
5
1
3
1
1
2
2
1
2
3
2
3
2
3
0
2
3
1
2
4
5
3
5
3
2
2
1
1
3
1
2
1
5
2
8
2
3
4
2
1
6
5
3
1
3
2
8
0
7
2
2
2
2
1
2
1
1
2
2
5
1
2
2
1
4
3
3
5
2
8
1
2
3
3
9
8
1
1
3
0
2
3
2
7
2
4
2
1
2
6
1
2
2
4
4
5
2
5
5
1
1
1
5
6
5
3
6
3
2
3
2
11
30
8
8
0
1
1
2
1
2
29
5
2
3
4
3
5
3
9
7
1
8
1
2
1
22
5
2
1
8
3
5
2
2
2
2
2
2
1
1
5
2
2
1
1
2
1
6
2
2
2
1
1
1
1
1
2
4
1
3
1
1
1
1
2
4
1
3
1
3
0
0
1
10
3
1
3
2
3
1
3
8
7
2
1
2
1
3
5
1
15
1
3
6
0
3
3
4
4
1
1
1
0
2
1
4
9
1
2
1
1
5
2
6
7
1
2
2
4
8
1
2
2
1
3
3
1
2
2
1
4
1
1
1
1
4
7
5
5
1
3
1
0
1
1
3
3
1
1
1
0
3
17
2
1
4
2
1
2
1
5
2
0
1
0
1
0
1
1
1
2
3
2
0
1
1
1
1
1
2
2
1
3
1
2
3
2
2
2
1
3
1
2
5
3
1
2
1
1
1
2
6
2
2
2
0
1
4
1
5
5
1
1
2
5
2
2
1
4
0
0
4
2
2
1
8
1
2
2
4
2
2
1
1
1
2
3
2
1
1
2
1
2
1
3
3
0
1
1
4
4
2
4
1
3
3
1
7
12
4
0
4
3
1
3
2
1
1
1
3
2
12
1
17
1
0
1
1
7
8
13
2
2
1
1
1
1
2
2
2
1
2
1
3
1
4
1
8
1
4
1
1
5
6
13
3
4
2
1
0
2
4
1
1
2
5
1
2
4
3
9
0
1
4
2
1
2
3
3
1
3
2
0
3
5
3
4
1
1
1
1
0
7
3
2
1
3
2
0
3
6
6
2
2
1
2
1
5
22
2
2
2
2
2
1
8
6
3
2
1
1
3
2
1
4
2
0
2
9
4
7
2
1
6
1
1
13
0
1
2
2
2
1
2
3
4
3
3
2
4
1
3
2
1
4
1
2
1
1
1
2
1
4
1
6
3
0
1
1
1
2
6
1
2
1
2
3
1
2
3
1
5
4
3
3
1
3
1
1
1
4
1
2
3
2
1
2
2
4
1
3
4
4
1
1
2
2
5
0
1
3
4
1
0
5
2
1
1
3
2
2
2
1
3
1
1
0
3
6
4
5
2
1
1
1
2
1
1
12
1
1
1
2
3
4
1
3
0
2
1
3
2
1
3
9
3
2
1
1
2
2
1
1
2
1
2
3
3
2
3
4
2
2
2
1
3
1
5
3
2
2
5
5
2
1
3
14
1
1
1
1
2
2
1
3
3
3
2
1
4
4
5
3
8
3
2
2
5
4
4
1
1
1
0
2
3
1
1
1
5
1
1
2
1
2
3
1
0
0
3
2
1
1
2
1
2
2
7
7
2
2
1
1
3
1
8
2
1
2
1
1
1
1
7
5
5
2
3
2
1
2
1
4
2
4
1
1
1
2
6
2
3
2
1
1
1
1
3
5
5
1
2
2
1
1
2
7
4
4
1
3
1
2
2
2
2
1
5
1
3
3
2
2
3
2
4
4
2
1
1
1
3
1
1
3
2
9
1
1
15
3
4
1
3
1
1
2
2
2
2
0
5
0
1
6
4
3
1
1
4
1
2
3
4
3
4
0
1
1
1
2
9
3
4
1
2
1
1
1
4
2
1
0
3
1
3
4
2
3
4
1
2
0
0
4
8
4
3
2
1
2
2
8
2
4
6
1
1
3
1
2
7
2
1
1
1
1
3
2
7
5
3
2
1
2
2
1
2
1
4
2
4
3
1
1
4
0
2
4
2
1
2
3
9
10
2
1
1
3
1
3
4
1
7
4
1
2
3
3
3
3
4
1
1
0
2
2
5
2
3
0
1
3
2
3
7
3
2
1
4
1
4
5
2
2
2
0
2
2
4
1
9
2
4
1
1
2
2
1
3
12
6
1
2
2
3
1
3
3
3
0
2
2
2
2
3
3
0
2
3
4
1
2
4
6
2
1
6
1
0
7
5
1
1
1
8
3
5
2
8
1
1
3
3
4
1
2
3
3
2
1
2
5
0
1
4
1
1
1
2
1
5
3
3
8
2
2
6
3
2
11
7
4
2
1
6
5
2
3
5
1
0
2
2
3
7
2
3
3
2
1
5
6
3
4
9
2
2
2
5
9
1
4
13
2
3
1
6
3
3
1
3
11
11
7
1
1
5
1
4
2
1
5
3
1
0
1
2
1
2
3
7
3
2
2
3
13
2
20
7
0
1
2
2
9
2
2
3
4
1
4
12
1
3
3
2
4
1
1
2
11
10
12
1
1
0
2
12
11
2
1
3
3
17
5
2
2
2
3
1
2
2
1
1
2
2
2
3
0
3
2
1
8
1
2
1
1
0
1
2
1
2
7
1
7
2
1
9
1
1
6
9
2
0
0
2
2
1
2
1
3
2
2
5
0
3
1
5
5
19
20
3
2
1
3
4
2
7
11
4
1
2
1
11
2
9
6
1
1
1
4
3
4
13
4
2
1
2
1
1
9
31
28
2
1
6
17
10
1
14
6
5
2
1
6
1
12
4
1
2
2
1
2
0
1
5
3
1
1
3
1
1
1
2
1
4
3
1
2
3
7
2
8
7
1
3
1
3
1
2
1
2
1
2
7
12
2
1
2
5
6
17
20
4
4
2
2
2
1
9
5
24
1
1
2
2
1
4
4
5
1
1
1
6
2
23
11
2
3
1
1
2
7
10
32
2
1
2
8
1
1
7
7
4
1
3
3
2
10
5
5
1
1
1
1
1
1
3
3
3
2
2
0
1
2
3
4
2
1
0
1
1
2
1
1
1
3
0
2
2
1
2
2
1
2
3
3
2
1
1
2
1
24
12
22
1
1
4
1
2
2
5
6
1
3
6
1
0
2
5
3
1
1
2
1
1
5
2
2
1
3
3
1
3
6
4
4
3
5
3
2
0
3
3
8
2
4
2
6
9
1
1
1
0
2
1
2
1
4
1
4
1
4
8
2
1
1
1
3
1
2
2
3
2
6
2
1
1
1
2
2
2
4
1
2
2
1
2
4
0
5
1
2
1
1
2
3
2
1
0
3
2
1
1
26
1
6
1
4
1
1
3
10
2
2
1
1
1
1
2
5
3
1
2
3
5
1
7
14
1
3
1
4
4
2
3
7
6
0
2
1
0
0
4
3
3
8
4
0
1
3
2
2
1
2
1
2
7
1
3
2
3
2
4
2
2
3
2
2
0
2
2
0
0
2
7
11
1
5
3
1
14
2
4
2
5
7
3
1
1
6
4
3
4
8
9
2
1
5
1
9
2
11
3
1
11
2
1
1
6
8
10
2
3
1
2
3
11
4
5
3
7
0
6
2
8
2
6
2
1
1
2
1
2
10
1
1
3
7
3
1
3
2
1
1
0
2
2
4
1
11
8
5
3
1
2
3
8
5
1
4
3
2
5
2
3
2
3
3
16
6
1
2
1
2
5
2
2
3
5
0
6
3
6
2
1
3
4
16
7
1
14
0
4
5
8
1
1
5
5
1
2
1
7
6
4
9
11
1
7
2
2
2
12
11
10
1
1
1
2
1
3
5
7
1
2
4
3
1
4
1
16
1
2
2
2
2
2
1
3
2
3
1
0
2
6
2
1
2
2
4
2
3
5
10
5
6
0
2
1
2
4
12
1
1
2
2
1
3
4
4
2
2
1
0
3
2
8
3
0
3
2
0
3
1
3
10
1
2
1
3
9
14
8
4
1
3
1
4
2
6
1
6
1
3
1
1
3
3
2
2
1
2
6
2
1
4
2
2
1
3
1
2
1
0
1
5
3
4
2
2
0
1
1
5
2
3
1
4
4
1
2
1
3
5
3
1
3
2
1
8
3
4
2
0
1
2
1
10
4
2
2
1
0
7
1
8
2
2
1
2
0
3
2
2
2
5
1
3
0
1
1
7
2
2
1
2
1
2
1
4
3
1
2
0
1
4
3
8
1
1
3
2
1
2
2
6
4
4
2
1
1
2
0
0
3
5
2
4
0
0
2
10
3
6
1
0
5
2
1
2
5
8
4
3
1
2
0
0
2
8
5
3
0
1
1
1
3
4
6
4
1
0
1
2
1
7
2
1
2
2
1
2
1
3
1
1
0
1
1
2
1
8
1
2
2
1
1
2
10
6
3
2
3
2
2
5
3
1
1
2
0
1
1
2
4
5
1
3
1
3
0
3
1
3
3
1
1
2
2
8
3
11
3
0
1
2
3
2
1
19
7
1
2
1
1
1
1
3
8
0
1
0
0
3
18
4
4
1
2
2
1
32
7
2
5
1
1
1
0
0
14
3
4
1
4
2
8
13
7
1
2
2
1
2
1
1
4
1
4
1
1
0
1
2
2
3
17
0
0
1
1
1
1
4
1
3
20
7
2
0
2
6
2
1
9
4
1
1
1
2
1
2
3
2
1
1
1
1
0
3
5
8
1
0
1
1
0
7
5
2
1
1
2
1
1
3
5
3
2
2
2
1
1
3
4
3
2
2
1
2
2
1
7
3
4
1
2
3
1
4
2
5
1
1
1
2
0
5
3
6
3
0
0
1
11
6
1
1
1
2
6
4
3
1
1
0
2
1
2
4
3
2
0
1
0
1
6
1
0
5
1
0
2
0
4
3
4
2
0
3
1
0
2
1
1
6
0
1
1
1
8
1
2
2
1
2
2
1
1
1
1
4
1
1
2
1
3
12
1
4
0
0
1
1
3
14
4
2
1
1
2
0
1
1
0
5
17
2
2
2
4
1
1
11
4
1
4
1
2
3
2
4
7
0
1
2
4
2
4
3
3
1
2
2
3
1
2
6
11
1
6
1
2
1
2
14
4
1
3
1
4
3
1
2
2
5
2
2
1
1
2
0
2
2
1
5
2
1
1
1
1
6
1
2
2
1
2
3
1
6
2
0
1
1
2
5
1
2
1
2
3
0
2
2
3
1
2
5
0
0
2
2
2
2
1
3
3
1
1
3
3
2
2
3
6
0
2
4
2
4
2
2
1
0
4
12
5
2
1
5
2
2
2
5
2
2
2
3
1
0
3
0
2
2
2
2
2
0
1
5
5
2
5
3
2
1
2
7
2
4
1
3
2
1
2
1
1
3
2
2
0
6
2
2
3
1
2
2
1
1
1
1
5
2
3
5
3
1
1
1
9
1
5
6
1
1
1
1
2
3
2
1
4
2
1
5
3
1
2
4
3
0
1
1
2
9
4
3
0
1
1
1
1
2
5
2
0
1
2
0
2
2
1
2
2
3
2
1
3
7
3
4
3
0
1
1
4
2
1
4
0
1
9
1
1
3
1
3
3
1
10
2
1
1
1
2
2
3
3
5
8
3
0
1
2
1
7
5
1
6
1
2
2
4
1
3
3
1
1
1
3
2
2
2
6
3
1
2
1
2
1
4
4
1
1
8
1
3
5
2
1
3
1
6
1
0
2
10
10
2
2
3
2
1
2
2
2
0
1
2
1
1
3
1
1
0
2
2
3
1
2
1
1
3
2
8
4
9
4
1
2
1
1
2
3
5
1
1
2
2
1
3
2
4
1
3
2
1
1
6
3
6
2
1
2
2
2
6
1
7
6
2
1
4
1
3
4
1
2
1
2
1
4
4
9
2
6
1
1
1
1
1
1
1
31
17
5
21
5
1
1
1
3
2
1
13
6
1
1
1
3
2
2
6
5
1
1
2
2
1
4
2
1
1
2
1
2
7
11
13
1
1
1
5
2
1
15
8
2
1
5
3
2
20
2
5
2
1
1
3
1
2
3
2
8
0
2
1
2
3
7
1
5
2
1
2
3
5
1
1
10
1
3
2
2
4
2
5
2
2
1
1
12
2
2
9
3
5
1
2
4
6
3
4
1
2
2
12
3
2
3
1
3
3
3
1
6
9
3
1
1
2
1
2
12
3
2
4
5
2
0
1
3
2
2
5
1
1
2
1
3
2
3
1
1
1
2
1
7
2
0
3
2
2
3
2
1
2
2
4
6
1
2
6
2
3
1
1
1
2
5
2
2
3
2
7
9
2
4
2
1
2
0
2
2
1
3
2
1
4
5
2
1
1
2
1
1
1
3
1
8
2
2
4
2
2
2
17
3
9
2
2
0
3
6
7
14
3
1
4
4
2
1
9
4
2
3
1
3
2
1
2
1
21
1
1
2
2
5
3
2
20
2
0
1
0
2
1
2
10
12
1
1
1
1
2
2
3
3
1
4
2
3
3
0
2
2
3
1
1
0
1
1
1
4
1
1
1
1
8
4
4
4
1
2
5
2
3
2
14
2
1
4
1
3
2
17
5
1
1
2
4
3
3
1
1
6
8
1
1
2
2
3
4
11
3
1
0
1
2
2
4
5
2
1
2
2
2
2
11
7
1
1
6
3
6
7
26
14
1
4
3
6
1
4
2
2
0
1
2
1
0
3
3
3
1
1
1
1
2
4
0
4
3
1
1
2
3
1
1
18
11
2
5
3
3
1
4
20
1
6
5
2
1
6
0
4
7
2
8
0
5
1
1
2
17
2
10
1
2
1
3
7
6
4
2
2
6
5
0
4
14
8
3
2
7
3
2
23
1
3
2
1
1
1
4
4
8
2
5
3
2
2
0
7
1
2
21
1
2
1
3
8
2
1
3
2
5
8
3
4
9
2
1
2
2
4
3
2
2
2
1
1
1
1
21
7
6
1
1
2
0
3
24
13
1
3
12
7
10
5
1
3
7
1
1
1
0
3
1
2
2
0
1
1
1
2
2
5
3
2
2
2
1
3
1
3
12
2
1
2
4
4
3
6
1
1
2
9
26
14
3
4
3
2
4
2
3
2
2
3
1
1
2
6
5
3
2
10
2
3
14
16
31
12
1
17
2
1
2
20
2
23
3
2
5
2
14
4
1
2
1
3
3
0
2
14
13
1
2
2
0
2
3
3
2
3
2
1
2
0
0
0
1
3
1
2
10
4
1
3
2
0
1
2
2
1
2
1
2
1
5
20
5
2
1
1
4
1
20
14
5
6
1
3
3
0
1
7
4
2
2
3
5
2
6
9
4
2
2
1
2
2
2
7
3
3
1
0
2
0
1
13
7
3
1
2
1
3
3
1
2
3
3
3
1
3
7
4
2
2
4
1
2
7
2
7
2
4
2
1
4
7
5
3
3
1
4
3
3
3
1
2
6
1
0
2
0
3
5
0
7
1
1
1
2
8
3
3
0
1
0
2
3
4
16
2
1
2
3
1
1
4
2
2
5
10
8
1
1
2
1
1
5
11
1
3
1
1
1
10
15
16
13
6
1
2
3
3
10
3
1
2
1
3
2
3
3
3
4
3
1
2
1
3
2
4
1
4
1
2
1
4
6
2
2
0
2
1
3
5
4
1
2
3
2
2
2
3
6
5
3
5
1
1
2
4
0
8
11
5
2
1
3
2
2
3
35
5
4
5
1
1
2
2
4
6
1
3
8
2
4
2
8
6
2
3
0
2
1
1
6
1
1
1
2
2
6
2
5
6
1
1
4
1
5
1
3
3
1
2
4
5
3
3
13
2
1
2
5
6
4
5
5
5
3
1
1
1
4
5
3
6
2
0
9
6
3
1
1
14
1
3
6
2
1
6
2
11
3
1
1
10
1
2
3
4
1
2
3
1
2
3
4
4
6
1
4
2
0
6
0
4
2
1
1
2
2
4
6
12
9
3
1
2
4
2
2
3
13
3
2
3
9
2
1
2
11
4
1
2
3
1
3
2
7
3
2
1
0
2
1
2
36
0
8
1
2
2
2
7
13
4
2
1
0
2
1
6
3
3
1
2
1
1
1
3
2
1
2
3
2
1
3
1
1
4
2
4
1
6
19
1
1
5
1
2
1
4
3
1
3
1
3
0
1
5
3
11
8
3
5
2
2
1
5
2
0
3
1
2
1
4
3
2
0
1
1
5
2
3
8
1
1
1
2
2
0
7
1
12
4
2
2
1
1
22
2
2
2
3
12
6
2
1
0
2
1
1
6
17
4
2
1
12
2
0
4
6
16
10
1
5
10
6
1
12
2
2
4
2
3
3
8
4
3
1
2
1
6
1
5
5
0
2
2
3
1
1
9
5
6
10
1
13
3
2
2
6
3
3
2
5
5
6
1
1
1
4
3
9
6
8
3
10
1
1
14
6
8
17
10
7
2
1
2
7
8
3
2
4
2
2
7
0
4
1
0
1
3
1
0
3
8
2
0
2
2
2
1
3
4
2
3
3
1
6
10
3
4
2
2
2
1
9
2
3
1
2
1
1
2
3
4
1
1
1
3
2
2
3
1
3
4
1
1
3
1
3
2
7
3
1
1
2
1
2
1
1
2
1
0
1
1
2
4
0
0
1
3
2
1
3
3
2
3
4
4
3
5
1
2
4
10
5
10
2
1
0
2
4
4
15
2
4
1
4
2
11
4
6
9
2
2
1
4
4
3
8
3
1
3
1
2
2
3
6
2
2
3
1
2
3
1
1
1
4
2
0
2
2
4
3
15
2
1
2
1
2
4
3
7
7
1
1
0
2
2
5
4
4
1
2
3
4
6
3
1
2
2
1
0
1
4
7
3
2
3
2
1
1
5
5
7
2
1
2
1
2
3
2
4
1
1
4
2
1
2
8
17
3
2
1
1
1
2
6
3
13
1
5
6
2
11
6
3
14
1
9
3
7
3
5
5
11
5
6
2
1
1
4
6
3
9
1
1
1
4
4
1
3
2
1
5
2
2
2
2
2
0
1
3
2
3
11
4
8
6
6
4
2
3
1
1
5
4
3
2
8
4
0
4
2
3
2
1
1
2
1
5
4
5
1
6
2
4
5
2
4
6
7
3
2
9
2
0
6
7
2
2
1
3
0
1
4
6
4
2
1
3
1
1
4
5
2
3
3
0
6
5
3
5
1
1
1
2
33
1
5
1
2
1
3
2
3
2
1
1
1
0
3
1
3
6
4
2
1
1
2
1
13
6
1
1
2
1
2
1
6
5
1
3
1
1
2
1
5
1
1
1
4
11
3
1
2
1
1
1
1
7
4
4
4
1
3
5
0
3
6
4
2
1
3
9
2
5
3
4
1
1
1
0
0
3
3
1
6
3
3
1
1
6
1
2
1
2
0
2
0
0
2
2
1
3
4
1
3
0
2
0
2
5
3
4
1
1
3
2
2
3
5
3
3
1
4
2
2
3
1
5
2
0
1
3
1
1
5
2
2
1
2
1
2
4
13
4
6
0
2
1
5
12
5
2
4
1
1
3
3
3
2
1
0
2
3
2
12
2
6
4
0
2
2
1
13
2
1
2
1
5
0
3
3
5
1
1
2
0
1
1
2
1
1
0
1
1
1
1
2
2
5
3
3
8
5
2
3
1
2
3
3
4
1
0
1
3
3
6
1
4
1
0
5
3
2
5
10
2
4
1
0
1
5
19
5
1
2
2
2
2
7
6
0
3
2
3
10
5
3
2
5
3
7
2
0
1
0
3
4
7
4
2
4
2
3
4
1
4
2
3
1
1
3
4
9
1
3
2
2
3
0
1
5
3
1
1
1
3
1
1
1
5
2
5
2
1
6
1
7
9
7
2
2
2
4
3
2
8
9
6
3
3
2
4
3
17
10
2
2
1
0
5
3
3
6
1
2
1
3
3
1
1
3
1
1
2
3
1
1
0
5
2
1
1
3
2
1
5
7
6
2
2
5
4
1
1
0
2
3
3
3
4
3
1
7
7
4
3
1
14
6
1
3
8
6
1
0
1
1
0
4
5
1
1
2
2
1
1
5
2
3
4
1
1
2
3
4
3
1
2
2
2
16
38
3
1
3
1
2
2
2
3
6
2
1
3
1
13
3
5
3
2
1
1
2
4
5
5
3
4
1
2
0
0
1
4
2
6
2
4
5
2
5
2
4
2
1
9
11
15
4
2
5
0
1
1
18
19
28
1
2
1
1
1
1
3
2
2
1
4
0
3
6
6
10
2
2
0
0
1
1
3
5
3
4
0
3
1
18
2
1
1
4
8
1
3
3
1
2
1
3
19
3
1
5
4
10
2
7
0
1
0
2
1
2
2
5
6
5
2
1
2
1
1
2
1
6
1
1
1
2
2
1
2
2
1
1
1
1
2
3
2
1
1
1
4
4
3
1
4
1
2
0
0
8
8
3
2
2
0
1
1
5
6
1
1
3
2
1
1
12
1
4
8
10
3
1
1
7
2
7
6
15
3
1
1
1
2
2
2
8
6
1
4
1
2
2
8
1
1
1
1
6
2
2
1
1
5
2
3
4
1
3
4
3
7
14
2
2
2
2
4
2
7
3
2
1
2
0
1
6
4
4
1
3
3
1
2
3
1
1
3
0
5
3
0
3
1
10
2
1
1
1
3
1
4
2
0
2
4
4
5
5
6
8
0
5
1
1
1
2
4
2
1
7
2
2
3
3
3
5
1
2
1
4
4
6
5
4
1
5
2
0
1
3
3
2
5
5
3
1
6
7
3
2
10
7
7
2
4
1
7
8
2
4
2
2
0
3
1
4
2
2
4
1
1
0
2
4
1
2
5
4
0
3
6
26
2
3
15
4
4
7
4
3
8
6
4
4
2
19
6
1
1
6
2
2
3
3
3
8
4
3
1
0
4
3
8
1
9
3
2
3
6
6
3
23
10
1
1
20
7
23
2
2
5
2
3
2
5
3
3
1
2
2
5
6
3
5
4
2
2
2
2
4
1
15
3
1
3
3
2
5
3
1
5
2
4
3
3
3
1
4
16
2
6
1
0
0
2
1
4
7
2
2
0
1
2
2
4
3
11
4
1
1
1
3
11
7
5
1
3
1
3
2
10
4
7
2
2
1
1
4
1
0
5
1
1
1
8
0
3
2
1
1
2
1
1
2
1
3
4
13
5
3
6
5
1
1
8
2
21
2
2
1
1
0
3
2
4
2
2
1
4
1
4
1
5
6
3
2
13
2
4
1
4
13
4
10
1
1
1
2
9
2
3
1
3
1
5
1
3
3
3
1
2
2
1
1
1
1
1
2
1
6
0
1
4
15
0
3
2
1
1
5
4
3
11
2
1
1
2
1
3
3
3
2
5
1
1
2
0
4
2
3
2
1
3
2
4
15
3
4
7
2
2
1
1
6
2
2
1
1
2
6
0
4
2
3
1
1
2
3
2
3
2
4
10
1
1
3
1
5
11
1
2
2
4
5
5
4
3
1
2
4
1
1
4
3
4
1
3
3
2
2
1
3
18
2
4
1
6
8
2
3
5
6
3
7
7
2
1
1
1
2
4
2
3
3
1
2
0
3
2
1
1
5
1
1
1
3
2
6
9
6
28
4
4
1
1
0
2
1
4
9
2
1
1
2
1
3
4
1
5
6
1
0
1
6
3
2
3
3
1
1
1
14
8
2
1
2
0
0
2
1
7
1
0
2
1
0
1
5
1
1
1
13
2
3
3
2
2
3
2
4
7
5
2
2
2
1
4
3
2
0
3
4
1
2
3
8
4
4
1
2
4
1
2
4
2
7
1
1
8
1
0
1
1
2
1
3
2
6
1
1
2
8
0
4
2
3
2
1
4
6
1
3
8
2
1
1
1
3
2
2
4
3
2
1
1
3
8
4
1
1
1
3
1
14
2
1
2
1
1
2
1
6
2
1
3
3
2
1
5
4
3
4
2
2
3
4
4
1
5
2
4
1
1
2
10
4
5
5
4
10
2
3
1
1
4
2
2
6
2
5
1
4
1
4
1
8
1
2
1
1
1
3
3
0
1
0
1
4
3
3
0
1
1
1
2
5
4
4
3
3
1
0
2
3
3
3
4
0
1
2
3
2
2
2
3
1
1
6
1
4
2
11
7
4
1
1
1
4
5
8
1
0
4
1
1
1
12
5
2
9
1
1
12
1
3
7
4
1
2
2
1
4
5
17
3
4
3
2
2
2
4
7
1
2
9
6
3
2
2
8
3
3
4
1
4
2
1
2
1
5
1
5
3
2
2
1
3
1
2
0
2
1
3
2
2
3
5
3
1
3
1
7
2
3
3
2
2
1
1
4
1
0
2
2
0
1
1
2
3
1
4
1
1
2
1
5
4
0
1
3
1
2
0
4
1
1
2
10
5
3
2
1
1
0
3
3
2
2
1
0
1
2
1
1
8
1
0
1
1
1
1
1
3
2
5
2
1
3
4
3
3
21
6
1
4
3
2
9
1
3
1
4
1
3
1
5
4
4
4
9
3
3
