201
172
198
159
146
193
166
285
210
195
162
178
203
214
164
114
144
165
149
117
153
157
237
255
297
251
252
269
312
256
202
223
258
205
231
301
242
214
235
225
243
260
204
243
244
243
155
179
255
207
273
193
219
213
255
311
253
327
300
297
257
294
258
238
252
230
208
236
223
332
292
285
308
287
300
295
330
329
287
347
301
292
334
323
230
235
209
198
224
200
150
237
240
221
223
221
156
259
244
217
242
222
269
210
282
211
254
311
205
243
158
203
270
188
198
64
160
202
160
208
279
34
181
243
140
218
97
209
208
157
30
184
212
113
31
101
178
194
112
195
302
298
244
221
200
185
235
337
288
221
215
192
247
284
213
206
205
248
179
174
164
217
297
286
230
328
262
285
163
186
166
99
96
131
158
137
109
94
103
105
99
190
110
106
149
177
119
156
152
129
212
209
138
157
100
211
237
251
211
167
194
212
193
186
213
136
180
208
160
180
221
156
167
191
162
202
238
174
152
164
237
272
163
168
178
180
278
143
139
172
141
192
230
130
127
127
113
207
238
207
195
203
153
148
168
132
228
238
207
205
285
203
246
205
272
214
246
235
239
222
254
236
275
196
230
274
168
215
155
217
213
267
203
276
291
182
234
212
283
213
335
258
293
270
219
207
237
289
278
280
217
212
249
268
258
200
180
275
282
238
198
253
255
205
270
176
222
166
261
267
216
174
211
241
262
226
239
176
181
206
220
180
223
229
222
232
149
147
228
270
182
172
175
195
190
312
292
287
246
250
278
271
218
300
281
251
258
247
182
233
239
222
221
177
216
208
231
147
230
257
199
348
261
267
236
282
239
196
248
254
222
284
276
240
211
217
234
297
246
262
279
288
198
199
262
237
201
205
208
230
277
298
147
149
175
217
172
142
119
275
325
219
271
261
228
292
208
240
260
210
266
305
268
207
290
257
175
294
226
251
216
245
312
209
235
193
224
321
232
234
218
217
219
264
246
228
238
224
216
230
204
231
240
266
197
245
254
217
142
74
148
159
161
131
127
84
171
137
145
151
184
83
53
77
59
76
140
138
122
142
210
188
167
188
207
253
158
76
132
171
211
208
206
97
95
118
155
148
184
47
61
74
59
80
119
111
107
124
220
204
159
248
225
226
86
173
199
134
104
99
113
76
55
71
50
50
46
130
97
89
94
98
120
109
103
108
104
89
111
101
87
94
93
80
98
85
82
63
90
71
136
119
121
79
111
76
62
75
59
78
168
129
81
133
174
86
144
95
113
111
180
125
174
127
173
205
189
120
141
144
159
181
176
104
107
157
157
139
141
142
160
155
215
190
233
284
286
271
155
182
161
176
178
170
198
156
128
209
141
199
157
145
140
168
137
134
125
140
148
151
196
262
180
225
192
194
167
152
116
128
131
138
167
129
110
145
140
112
109
131
105
120
140
124
106
110
149
130
209
180
147
178
129
224
158
161
140
194
212
194
199
96
95
125
151
149
168
112
162
143
126
145
110
108
102
103
196
134
154
234
220
262
189
181
170
91
151
180
164
201
177
111
171
215
179
285
77
110
177
107
83
111
162
117
151
85
142
159
217
170
221
235
164
148
150
204
151
252
217
170
162
197
169
192
160
169
214
164
217
209
194
211
216
218
266
239
283
223
202
238
262
141
188
136
197
230
223
218
244
159
258
254
187
221
175
218
171
230
151
231
248
229
266
191
287
224
199
203
192
167
148
214
233
289
290
160
146
192
213
283
143
164
210
243
193
165
215
207
191
230
210
221
209
282
281
301
272
256
250
219
204
313
312
242
224
213
196
287
231
253
219
187
277
198
164
178
227
190
225
270
201
179
210
124
159
206
172
196
182
136
172
168
165
159
149
138
119
106
122
118
141
175
147
118
246
270
221
234
159
202
168
284
207
219
185
193
138
156
121
168
177
160
120
277
203
174
178
138
176
148
146
115
235
294
206
263
169
233
258
263
281
196
154
176
156
281
257
212
173
182
178
253
191
159
189
167
206
144
197
165
207
215
221
210
254
247
222
209
292
280
287
256
308
217
181
203
194
202
197
185
181
181
206
193
296
283
283
314
289
285
314
295
341
313
270
250
254
234
210
281
211
286
325
278
245
335
281
280
297
292
292
308
260
238
291
287
332
294
314
303
330
285
235
161
212
227
243
261
226
167
212
194
221
222
199
192
144
155
202
152
250
250
258
253
294
293
322
315
315
298
324
206
284
273
305
260
287
237
298
281
276
275
275
193
189
184
187
178
276
271
266
274
343
272
378
282
372
304
266
179
218
230
256
278
217
248
296
286
316
288
254
303
274
229
219
232
322
267
246
265
301
267
276
313
271
295
213
233
273
210
197
266
251
216
234
163
163
215
203
312
269
285
271
250
258
258
292
284
305
286
276
268
247
360
178
192
225
215
261
204
215
184
221
130
178
136
147
211
135
190
147
156
166
233
193
200
217
240
239
238
235
287
225
243
215
144
146
120
139
216
305
205
203
190
212
205
143
142
122
150
220
210
205
219
262
225
200
226
241
244
167
161
112
224
155
191
165
144
62
190
143
125
108
123
142
292
224
204
93
103
131
154
160
160
142
212
196
203
95
142
143
205
228
236
199
127
120
106
96
84
96
102
171
122
130
166
135
134
129
130
199
204
246
229
196
221
150
202
121
143
102
118
112
181
155
149
113
157
113
164
251
157
194
162
134
108
140
88
195
217
176
162
175
175
206
57
67
157
148
154
103
49
84
160
177
193
110
52
54
63
65
58
84
79
106
91
226
187
166
203
159
174
150
92
111
99
118
97
106
179
206
227
209
145
167
222
228
187
172
184
241
221
188
228
244
221
213
223
221
207
241
189
200
202
208
235
241
190
244
222
207
204
227
243
169
254
242
223
193
241
220
236
219
219
214
256
243
305
167
205
243
145
192
148
197
142
170
127
148
96
144
165
131
169
159
217
169
174
131
192
205
167
204
185
246
220
139
39
130
131
159
173
165
81
166
125
132
177
157
83
100
32
96
58
115
158
162
166
120
260
134
179
213
196
182
117
162
184
115
162
125
147
176
166
104
139
136
127
145
118
94
147
160
106
139
92
184
189
158
117
106
106
160
168
149
163
104
139
113
189
172
143
102
118
103
211
177
141
172
148
166
112
144
123
141
161
131
168
164
182
143
124
128
46
102
82
0
147
159
61
107
88
0
136
89
145
112
0
101
112
97
0
121
105
0
146
0
0
134
120
132
102
90
81
0
141
154
75
103
116
0
190
69
105
117
0
73
84
99
0
88
73
0
118
0
0
161
201
188
141
101
112
118
152
147
169
121
156
165
181
129
101
106
114
111
94
136
129
128
139
137
121
156
222
148
127
96
85
84
63
88
182
157
122
125
89
108
164
134
114
90
94
132
154
108
104
142
79
91
121
125
90
222
223
183
155
128
118
84
195
198
158
128
125
86
222
133
124
112
88
130
120
119
85
177
145
108
186
102
99
146
77
87
102
95
78
75
90
133
127
138
78
95
135
75
75
82
55
113
99
82
77
129
89
84
94
121
50
128
155
127
168
163
166
135
137
114
170
177
161
156
178
161
150
125
119
122
131
158
102
198
163
165
177
282
157
133
158
144
222
210
220
221
183
106
120
87
126
99
162
176
116
169
150
176
151
179
167
211
266
264
238
262
270
98
97
96
100
92
93
115
190
271
159
158
193
168
255
171
162
185
159
188
165
201
181
120
224
229
173
145
231
102
158
205
183
209
217
198
150
95
96
88
130
99
142
163
148
179
146
173
213
173
191
183
194
160
204
206
237
239
150
166
184
146
188
218
199
224
232
170
203
191
221
166
146
202
126
161
171
151
166
137
258
190
123
210
181
228
254
206
243
227
199
185
258
229
290
240
199
200
273
269
309
264
224
239
249
223
231
284
250
230
282
238
240
273
322
251
197
164
193
196
298
282
224
214
197
220
271
222
199
197
215
225
233
198
236
209
244
251
214
290
285
208
99
180
173
193
178
170
102
173
157
167
158
164
188
80
83
141
104
132
151
246
219
202
143
142
171
190
194
150
115
97
92
148
113
103
106
92
107
136
109
87
93
75
152
129
122
41
108
97
88
101
93
35
178
148
150
153
103
94
92
76
71
90
107
80
109
99
80
115
101
144
91
77
120
124
103
100
83
168
124
152
204
187
143
157
148
119
215
230
169
213
279
248
135
181
223
203
257
133
171
213
192
120
135
180
188
202
171
250
229
213
233
229
213
168
189
167
154
143
242
174
185
188
149
139
181
173
158
150
141
158
156
141
140
267
226
250
237
221
210
219
261
240
268
240
284
310
202
201
202
139
223
181
207
259
194
241
276
196
171
266
208
212
253
271
214
292
287
175
129
179
198
194
207
175
167
183
132
154
160
121
153
98
132
126
116
116
143
163
139
243
232
247
261
238
234
107
142
90
123
121
80
117
108
107
122
113
105
110
108
139
118
96
128
117
117
105
118
215
168
203
190
276
198
153
204
159
195
167
201
172
191
186
173
165
143
156
172
219
220
170
205
187
181
163
171
320
309
312
323
358
312
207
160
122
167
158
164
227
166
104
124
125
146
158
78
87
93
103
129
136
135
130
116
303
272
207
329
205
222
146
191
157
260
274
288
246
196
118
158
147
148
129
170
207
176
189
165
133
135
165
144
272
261
231
348
289
289
239
271
248
173
176
177
201
260
213
169
148
162
181
259
140
125
134
152
145
144
124
167
217
238
274
250
268
272
320
286
249
293
246
230
251
276
324
264
222
229
240
286
268
265
271
259
222
204
217
218
234
311
268
245
315
248
186
191
194
318
324
270
265
177
180
189
186
170
181
171
215
225
210
207
199
200
207
211
346
283
304
339
291
281
248
172
210
264
236
246
229
146
216
222
202
198
193
133
149
127
132
133
208
229
275
265
286
300
273
291
288
363
209
211
95
171
235
224
257
131
79
138
163
143
165
134
197
225
252
251
93
113
107
109
222
299
225
249
250
288
198
248
181
194
191
163
181
155
262
222
250
238
157
137
144
159
136
136
214
219
206
137
204
194
170
227
167
129
206
185
203
143
190
188
178
299
225
219
231
203
227
242
231
206
189
260
193
213
204
216
226
222
210
254
227
209
140
162
177
173
197
210
194
115
157
131
138
146
175
196
171
186
162
160
205
215
206
202
234
199
202
256
220
253
109
137
85
106
106
92
115
159
109
100
94
82
116
144
171
162
132
183
150
128
105
128
264
191
173
176
188
182
167
85
123
171
178
193
169
113
160
241
168
149
157
116
111
81
83
96
170
148
135
121
221
191
183
256
239
265
223
235
176
179
213
224
234
228
193
192
207
202
181
258
196
234
201
236
142
168
149
168
249
243
174
314
226
228
265
237
297
162
207
213
258
213
193
152
171
207
201
221
142
167
183
177
147
184
180
226
187
203
154
248
214
252
281
205
256
169
215
227
210
274
283
152
210
229
265
250
155
210
237
219
165
208
245
259
256
219
178
316
263
291
168
116
100
181
186
211
199
132
131
218
218
206
222
251
158
172
147
180
162
147
130
158
237
226
253
268
290
267
141
143
127
132
150
120
143
169
182
116
125
133
107
220
192
172
196
142
156
165
175
126
199
208
169
202
153
154
147
126
164
140
120
142
150
90
127
95
107
95
110
198
226
222
160
193
229
189
206
236
224
238
251
164
210
233
156
129
165
189
210
183
232
125
145
143
130
147
123
146
101
98
118
92
162
158
142
118
216
156
172
180
194
157
121
122
102
108
114
125
94
169
118
143
174
106
77
133
182
188
170
129
180
205
236
218
250
172
154
206
186
244
208
211
201
176
189
195
217
263
201
199
223
233
264
245
194
220
227
253
160
215
193
220
175
170
187
235
259
258
147
187
246
223
150
161
199
94
127
127
175
126
149
198
185
141
158
139
223
150
179
182
180
199
194
181
183
191
154
157
111
172
162
173
121
160
159
147
173
135
138
152
154
179
201
161
118
139
121
134
153
208
176
146
137
188
284
286
277
266
215
230
231
334
242
274
241
269
257
243
318
272
293
291
239
260
218
249
299
304
291
275
281
322
243
319
270
288
255
285
265
258
219
207
247
247
259
295
283
249
260
251
268
208
234
216
277
285
283
319
344
300
273
156
218
225
261
270
246
215
263
194
273
288
211
187
184
183
187
168
151
219
222
171
251
242
287
318
267
263
271
252
270
258
293
270
299
250
256
190
215
257
220
212
193
214
252
212
217
245
222
248
316
223
297
244
322
267
214
263
247
271
256
250
225
213
201
184
169
159
178
326
253
229
223
265
246
230
224
271
287
305
273
303
270
258
277
331
272
279
276
299
287
304
312
280
234
251
305
292
302
287
301
292
274
231
252
304
269
290
289
314
235
285
327
215
243
266
287
253
277
232
251
248
282
249
252
188
189
193
188
191
202
228
262
232
270
211
276
254
272
234
237
246
215
247
221
265
276
261
290
186
222
205
205
299
162
235
195
200
152
203
181
196
267
278
265
268
273
325
262
84
53
190
131
108
158
83
45
184
132
100
158
173
17
79
84
28
11
45
75
8
94
81
161
154
94
109
74
127
105
92
124
202
132
57
110
147
122
59
136
83
81
91
121
106
125
143
110
140
191
92
189
116
280
122
113
186
102
169
154
185
188
109
47
103
101
138
125
100
183
148
180
189
98
79
103
109
168
215
237
166
188
260
83
78
27
70
31
74
98
207
83
101
77
160
120
75
116
66
148
89
23
23
80
90
105
111
77
94
28
108
175
198
120
140
112
19
67
171
166
169
153
93
82
110
126
107
49
66
152
116
89
86
162
83
92
136
110
95
160
142
158
125
93
80
128
119
139
147
87
72
159
163
96
114
49
112
118
104
95
142
103
93
201
65
136
81
139
110
182
64
119
116
125
172
221
77
130
139
192
166
75
118
154
177
79
152
137
180
92
80
85
156
174
190
129
104
167
79
113
161
142
74
111
35
94
123
111
91
59
103
96
136
68
97
122
104
71
62
57
139
124
155
180
177
179
232
153
149
156
326
283
174
223
163
247
280
183
237
177
261
183
242
185
241
177
145
161
212
282
239
236
204
164
109
97
114
116
255
184
140
125
124
137
140
150
123
127
142
40
65
30
57
151
185
167
176
169
198
210
211
250
90
164
177
140
169
209
100
177
133
159
206
77
140
135
122
80
151
171
130
114
68
106
132
180
154
164
191
164
117
124
86
91
192
123
108
116
84
87
175
110
132
92
83
112
124
90
87
182
132
146
123
152
148
228
235
224
162
127
106
116
213
300
176
183
148
162
198
144
115
133
100
155
183
114
179
133
109
132
156
284
146
247
264
201
244
205
189
190
301
298
242
273
238
215
259
245
255
235
200
212
241
222
223
264
229
220
270
240
222
223
210
210
196
188
192
149
198
198
195
194
153
145
249
192
202
184
132
220
215
202
157
215
256
237
213
165
189
179
184
167
129
146
179
167
209
210
170
186
173
220
219
163
171
171
199
190
195
168
195
213
143
190
177
214
220
126
129
171
98
122
102
136
125
121
92
112
95
94
147
128
179
165
125
84
156
138
145
128
119
115
233
129
123
145
87
125
94
134
104
102
135
168
181
226
190
173
93
153
127
123
103
97
162
113
130
152
190
165
177
193
174
171
214
60
119
126
142
138
188
80
151
157
145
139
80
119
119
132
130
75
83
79
26
192
175
105
225
124
110
114
126
157
165
152
101
170
96
114
164
133
153
145
131
134
109
91
122
154
127
94
139
256
194
258
166
267
188
147
140
89
172
45
118
71
110
87
126
77
117
67
24
121
1
99
4
92
136
94
126
83
125
99
96
172
75
110
77
121
134
127
128
104
164
119
168
183
164
158
96
122
124
118
109
113
129
154
135
203
233
171
233
173
211
103
67
135
212
205
212
206
87
131
94
129
108
107
110
36
81
63
74
109
156
143
128
200
181
196
178
192
208
124
65
88
119
122
36
103
92
86
94
112
88
95
145
109
89
194
125
123
120
129
205
97
99
164
91
134
114
241
236
117
209
192
193
179
286
152
211
251
228
223
172
191
210
226
185
95
105
97
87
284
304
286
311
299
308
214
220
122
96
67
99
85
255
145
124
106
127
117
105
103
82
105
107
102
78
95
88
247
244
237
247
242
310
148
132
137
113
116
99
112
79
148
157
154
142
134
117
45
27
26
29
130
128
127
152
289
250
251
309
269
264
103
148
141
93
48
33
61
102
115
70
57
38
48
140
88
66
25
67
14
8
2
8
233
216
252
288
263
247
116
186
155
112
126
108
122
170
144
163
176
148
144
146
159
138
124
127
99
115
113
123
155
126
128
218
189
215
156
195
186
231
205
166
170
231
113
173
144
130
136
154
173
170
160
179
169
205
160
160
288
185
202
202
200
289
127
184
169
163
107
145
118
127
103
112
97
112
97
158
163
132
152
129
108
68
106
93
204
301
240
245
232
290
172
162
212
159
196
166
167
274
153
139
164
148
143
178
128
150
140
119
146
146
123
123
192
153
161
226
160
202
226
177
155
180
145
156
163
202
188
273
179
193
186
319
186
248
298
191
177
217
262
177
217
214
177
283
172
206
168
262
194
216
163
158
137
173
167
110
110
89
78
166
158
130
116
105
156
159
136
128
241
225
182
219
201
312
204
102
176
98
130
97
98
97
206
131
172
132
136
135
125
127
110
107
162
211
156
169
218
286
256
209
252
294
292
125
155
87
107
60
64
107
137
80
90
74
52
149
200
186
149
132
105
141
106
100
215
225
209
192
198
264
210
147
182
167
143
187
2
209
311
148
141
137
2
212
112
113
117
5
128
128
119
3
244
229
2
198
4
2
91
126
127
137
113
122
119
198
148
93
116
107
108
241
152
150
148
149
188
190
192
191
175
175
174
296
269
357
206
78
100
48
35
39
78
75
114
79
60
66
78
144
83
76
75
120
130
125
127
141
259
239
142
286
119
113
176
126
128
201
136
182
161
181
154
149
166
146
143
167
121
109
113
105
97
103
101
90
192
240
227
173
203
224
208
210
186
228
255
251
215
235
164
188
220
187
202
213
191
231
211
232
209
236
231
232
338
303
213
302
257
282
176
177
282
225
240
135
146
197
202
154
191
170
153
199
172
174
202
191
215
256
164
173
242
184
184
164
179
255
343
243
261
187
162
175
179
281
281
176
152
167
161
269
146
138
151
151
130
113
123
124
305
285
280
301
278
316
201
261
209
244
273
284
295
285
245
160
221
195
228
211
188
258
217
273
207
237
231
218
242
251
220
312
299
311
105
185
147
196
188
229
167
184
169
143
177
99
230
207
216
239
207
240
154
226
164
217
222
213
245
203
244
172
280
258
234
237
249
251
209
294
294
252
257
286
253
221
233
244
278
217
207
203
227
263
283
325
222
305
208
236
329
231
200
230
272
228
248
260
209
242
266
232
259
268
230
234
255
279
225
216
209
247
276
227
249
249
265
353
217
231
186
192
200
190
196
330
244
151
211
187
192
296
164
238
196
210
131
199
155
188
179
207
217
299
313
278
1
2
3
2
1
1
2
2
6
1
1
3
3
3
1
0
1
0
0
1
1
1
1
2
4
1
2
1
9
2
1
5
2
1
1
1
5
3
2
1
1
0
1
1
1
1
2
3
4
4
4
2
5
3
9
1
1
1
0
0
4
4
1
7
1
1
1
0
1
5
5
7
1
1
0
4
2
1
6
1
1
1
0
2
2
2
2
4
1
1
1
1
2
3
4
2
3
1
2
5
7
1
4
1
2
1
1
3
2
2
2
2
2
3
2
1
2
4
1
1
1
1
0
3
2
2
1
1
2
1
1
5
8
1
3
1
1
1
1
2
4
1
5
3
5
1
2
4
5
4
3
0
2
1
1
1
2
1
0
0
0
1
1
2
1
0
3
3
1
2
0
1
4
7
2
3
1
2
1
1
1
4
0
1
2
1
1
4
1
0
3
2
1
1
1
1
4
4
9
7
4
3
1
5
1
1
2
2
2
2
2
1
1
1
0
1
1
1
0
1
1
0
0
0
1
1
1
1
0
0
1
1
1
4
3
1
0
1
2
1
3
3
3
4
2
2
0
1
4
2
1
3
1
1
1
3
3
1
2
1
1
1
1
0
2
2
1
4
1
4
0
1
1
3
3
3
1
1
1
1
4
3
1
2
1
1
0
2
5
1
0
1
2
1
0
1
6
2
1
7
1
2
0
1
5
1
2
1
2
1
1
4
8
1
3
1
1
1
2
1
4
3
21
7
2
3
4
1
5
1
6
1
2
8
1
5
1
3
7
2
0
0
3
1
2
17
22
12
1
0
0
3
6
1
1
0
2
4
3
2
12
1
4
3
4
1
0
5
3
5
1
1
0
0
2
18
1
2
5
1
1
1
1
0
2
2
5
2
2
2
1
2
4
5
4
0
1
4
4
3
2
2
3
1
1
1
2
3
3
3
5
0
3
0
1
1
1
1
0
1
2
1
0
1
1
30
1
1
0
3
2
1
11
4
5
0
0
0
2
4
4
5
1
1
1
4
6
1
1
3
1
2
2
0
2
1
1
5
4
2
3
10
1
1
2
2
3
2
3
16
11
2
11
1
0
1
9
27
3
0
1
2
1
1
11
4
5
1
3
2
3
6
22
0
8
5
2
2
2
2
10
4
2
1
3
1
2
8
3
11
3
1
2
1
3
1
12
7
1
1
3
1
0
1
1
4
1
2
1
2
1
7
3
6
4
2
5
2
0
3
3
5
2
1
3
1
2
6
4
1
1
1
5
5
10
3
5
5
2
12
2
1
2
2
1
3
0
2
2
2
2
1
21
12
1
3
2
1
1
4
2
8
2
1
3
5
1
4
19
5
3
1
2
1
1
1
1
1
1
0
1
4
0
1
1
0
1
1
1
1
1
2
1
1
5
2
2
1
3
3
0
1
1
1
2
2
0
2
3
1
0
0
2
2
6
2
4
2
4
6
0
4
1
2
2
1
1
0
2
4
2
1
0
1
9
1
2
4
0
3
0
1
2
0
3
1
1
0
1
1
0
1
3
2
1
1
1
1
2
1
4
4
2
3
0
1
0
1
8
4
2
3
3
1
3
2
1
0
2
1
1
2
3
2
6
2
4
2
0
0
1
2
4
1
4
3
1
6
1
0
5
4
2
1
11
4
1
1
7
2
3
4
3
1
1
0
4
8
3
1
2
4
2
1
4
1
1
2
1
2
2
0
2
3
1
2
4
2
1
2
1
1
1
1
4
5
5
0
0
2
1
1
1
2
1
2
1
1
1
0
1
3
6
0
3
5
1
3
5
2
3
1
2
0
1
2
1
1
6
0
1
3
1
2
2
1
4
1
3
1
9
2
3
1
1
2
2
1
1
3
1
2
2
1
4
2
1
1
1
0
1
0
1
3
1
2
0
2
2
3
3
1
1
5
2
1
8
1
0
2
1
1
0
1
2
1
1
1
1
2
2
2
3
1
2
0
1
6
1
1
1
3
2
0
1
2
1
1
3
1
1
1
1
3
0
3
1
2
2
4
2
1
2
0
1
1
3
3
1
6
1
1
1
1
2
0
1
4
5
2
1
1
1
2
1
1
2
5
1
1
1
0
1
1
1
6
4
1
6
2
2
7
51
7
2
3
5
0
2
2
2
2
2
3
0
0
6
0
2
1
0
1
9
1
2
7
1
2
1
2
4
0
4
3
1
1
4
2
3
0
1
3
3
1
2
0
3
0
1
8
1
2
2
0
4
4
3
3
2
2
1
1
2
2
2
1
0
3
2
2
2
1
2
1
1
0
1
1
3
0
25
11
5
1
1
1
1
0
5
2
3
1
1
1
5
2
4
10
3
1
2
1
0
1
3
3
4
2
2
2
2
2
2
6
4
1
1
7
1
0
1
14
7
2
1
1
1
3
5
10
14
3
0
1
1
1
2
2
11
6
1
5
2
2
6
4
7
1
1
1
1
1
2
1
13
3
9
0
1
3
2
3
2
0
3
1
1
5
21
2
2
0
1
4
0
4
7
3
0
5
2
1
1
1
1
2
3
1
2
1
0
1
3
3
1
1
2
2
1
3
3
3
7
2
4
2
1
1
5
3
3
3
2
1
0
1
1
1
3
1
5
1
0
7
7
4
1
1
3
4
1
3
3
3
1
4
2
0
1
5
2
1
1
1
1
1
1
3
5
8
4
3
3
0
2
1
0
1
3
2
8
1
0
2
1
1
3
3
4
1
1
3
3
1
2
8
2
1
3
2
2
4
8
7
4
2
8
4
7
6
2
2
3
0
2
6
1
8
4
6
5
0
3
0
4
5
2
2
0
2
0
1
2
1
5
2
0
0
1
1
3
3
1
1
1
0
1
2
8
6
2
5
0
0
1
0
3
3
1
2
1
4
1
10
2
2
2
4
1
0
4
1
4
2
2
2
4
2
8
1
2
3
9
9
1
0
3
4
1
3
2
6
1
0
0
0
2
4
5
3
2
1
2
1
23
2
2
2
4
5
3
4
1
6
1
1
1
1
5
2
1
6
1
1
1
0
4
4
6
3
2
3
1
1
0
2
2
1
1
1
1
2
1
1
3
3
1
2
2
5
2
3
10
1
1
2
2
2
2
1
7
2
2
3
3
2
1
0
4
1
1
2
2
2
6
3
1
2
0
4
1
6
1
4
5
1
2
2
2
4
2
1
1
2
0
1
0
2
2
1
3
2
2
3
4
2
10
5
2
1
5
1
1
1
9
4
4
2
3
1
4
8
1
4
1
1
0
2
1
5
4
4
5
1
1
5
3
1
2
1
2
1
1
1
0
15
2
1
4
2
1
4
9
5
2
2
6
5
2
2
1
2
1
0
2
2
1
1
2
1
0
2
1
3
0
0
1
1
1
1
0
2
1
1
5
2
1
1
9
7
0
4
10
1
1
0
0
2
1
1
2
6
1
4
1
3
0
2
16
0
1
0
1
4
9
10
11
0
0
1
1
1
0
1
11
0
1
1
1
1
1
1
2
0
1
2
0
3
5
7
2
1
7
0
2
6
4
1
1
1
3
1
0
1
3
5
1
0
1
1
1
6
0
1
2
0
2
1
2
6
1
2
7
0
4
0
2
1
1
0
1
0
0
0
1
1
1
13
8
6
24
9
2
3
4
2
2
1
1
1
3
2
0
2
0
0
2
1
1
1
1
2
2
1
0
1
8
1
0
1
0
1
4
0
2
4
0
2
2
0
11
14
4
0
0
2
3
1
3
4
1
1
1
3
1
1
1
8
1
1
1
1
3
2
11
3
0
2
1
2
0
2
2
7
2
1
0
2
0
1
0
1
0
1
2
1
1
3
4
10
1
2
4
4
2
8
11
1
1
5
1
3
0
5
2
2
1
3
1
4
2
0
0
1
2
3
0
5
0
1
2
0
0
3
2
3
0
0
1
8
1
1
0
2
1
2
2
3
2
3
3
1
1
2
4
1
1
1
0
6
4
3
1
0
3
1
2
4
3
3
2
1
0
0
6
3
7
2
0
1
2
3
0
6
1
1
2
2
1
2
1
3
3
3
2
4
2
1
7
2
3
1
0
2
1
0
2
2
1
2
1
3
1
1
0
0
2
1
0
1
1
3
0
11
3
1
2
1
0
1
2
9
5
1
4
3
2
1
5
4
5
1
0
2
1
1
2
2
1
1
1
3
3
3
1
3
9
2
1
4
3
1
2
2
3
2
1
2
3
3
4
1
1
5
1
1
0
2
5
1
1
1
5
3
3
3
2
4
4
3
3
5
2
2
1
3
1
4
1
1
1
1
1
1
2
2
9
5
3
1
3
3
2
2
10
3
2
1
3
5
1
1
2
1
2
1
1
1
2
0
1
4
0
1
1
2
2
4
2
0
3
0
1
1
1
3
3
0
1
1
1
2
2
2
8
1
0
2
3
2
3
2
1
0
1
3
0
3
3
3
4
2
3
3
4
1
1
4
8
4
4
2
3
2
4
4
3
1
4
1
3
1
2
3
3
0
2
2
1
2
1
3
2
1
4
1
2
0
1
4
3
2
1
4
2
1
2
4
1
33
3
3
3
3
3
3
13
25
2
3
18
0
2
2
2
2
0
2
2
1
1
1
2
1
1
0
4
1
1
4
12
2
4
3
5
6
1
4
0
4
3
6
4
1
1
2
4
31
5
2
3
2
1
2
2
1
1
1
1
1
2
0
14
0
1
3
2
0
4
4
12
1
6
2
4
0
1
3
4
0
7
0
1
1
1
1
4
1
4
2
3
1
2
5
3
0
2
5
1
1
12
6
8
1
5
1
2
1
2
4
2
1
2
1
1
2
2
3
1
0
4
1
4
1
2
2
6
0
3
0
3
2
1
1
2
1
4
4
5
2
23
10
2
1
3
3
4
1
3
1
1
1
1
3
4
0
1
4
1
3
1
2
9
0
1
7
1
2
2
3
3
2
5
4
2
2
4
1
2
2
1
4
4
3
1
1
2
1
1
6
0
1
2
3
1
1
0
21
2
1
5
2
0
2
0
3
0
1
2
2
1
3
1
1
0
1
1
3
1
3
1
1
0
3
2
2
1
3
4
4
5
3
5
1
4
11
7
4
2
1
4
1
0
3
2
6
1
1
2
2
1
0
2
1
1
1
1
2
1
1
1
1
0
1
1
2
1
1
2
3
8
2
4
1
4
4
1
5
7
5
7
0
1
1
1
5
7
6
4
0
1
1
2
1
5
6
9
0
6
1
2
5
3
5
12
1
3
2
10
1
5
4
6
0
1
6
1
11
7
11
12
2
1
1
12
5
2
3
3
0
0
1
2
2
3
6
3
1
2
0
1
5
4
1
3
1
2
1
9
5
5
6
3
0
8
1
1
2
4
7
2
1
3
3
4
2
2
4
2
2
3
3
2
1
7
2
1
1
1
2
4
3
2
10
7
0
4
4
3
4
1
5
2
1
2
2
3
2
2
2
2
1
1
3
20
28
3
7
21
44
6
3
4
4
0
3
7
0
1
4
7
8
1
1
3
3
2
0
2
8
1
3
3
1
8
4
8
11
3
1
1
6
3
11
8
12
2
4
6
1
1
2
5
19
5
3
3
1
2
1
23
3
4
3
3
4
10
21
4
4
2
1
4
1
0
5
11
3
2
1
4
1
1
2
4
3
2
1
2
4
5
7
12
6
3
5
2
4
4
14
5
5
3
3
2
1
11
6
8
5
5
5
3
2
10
2
10
5
1
2
2
3
5
7
11
5
3
1
2
1
3
2
4
5
3
1
1
19
1
7
15
8
5
2
2
6
1
1
4
4
4
6
2
3
1
1
3
3
2
2
5
6
0
4
1
2
4
7
6
11
1
2
3
12
2
7
2
3
0
1
4
7
3
2
3
16
1
6
5
3
1
8
4
1
2
1
3
4
5
17
9
2
1
1
2
1
3
7
15
5
1
1
2
5
3
5
6
1
1
1
2
5
6
19
4
2
2
3
3
8
6
19
4
3
2
1
1
6
8
3
3
3
3
3
5
4
2
5
1
2
1
3
2
2
10
4
13
3
1
1
3
3
8
5
3
3
1
1
4
4
8
20
16
5
3
2
4
2
2
4
2
2
4
3
12
1
6
3
1
1
2
2
3
1
3
3
2
3
5
0
6
6
4
2
4
2
5
2
4
2
2
3
2
2
3
3
9
3
2
5
3
4
6
7
1
3
4
4
2
5
8
1
2
2
8
1
2
3
7
2
2
2
3
4
2
3
3
6
2
2
5
5
4
6
11
2
2
5
4
5
2
5
13
2
1
2
7
1
2
7
7
2
4
3
4
6
4
1
5
2
1
3
3
4
2
4
3
5
2
1
2
2
1
4
2
3
3
1
1
4
7
4
5
0
2
3
1
12
2
1
1
0
1
1
4
3
7
2
1
0
0
1
4
2
2
1
4
1
2
13
0
3
1
1
2
0
0
1
3
3
3
1
2
1
3
1
1
4
6
4
3
0
1
1
10
1
4
3
1
0
2
2
5
1
2
2
0
1
1
0
1
3
1
5
0
1
0
1
1
3
2
1
2
0
2
2
2
6
6
1
1
2
2
1
2
7
4
3
1
1
5
1
3
2
13
2
1
2
2
1
5
2
2
1
0
3
1
2
4
3
11
2
2
1
0
1
3
3
3
3
9
14
7
1
1
3
1
2
4
4
1
1
1
2
2
4
6
4
1
1
1
1
6
3
1
1
4
0
1
3
2
2
2
4
1
1
1
3
5
5
2
6
2
1
6
1
3
6
16
1
3
3
2
0
2
5
7
1
1
5
1
1
1
4
10
1
1
2
2
1
2
5
3
0
1
0
2
3
1
4
2
2
1
2
3
1
5
6
5
2
1
4
2
1
3
15
11
1
3
3
1
0
3
13
2
2
2
1
1
1
1
2
1
1
1
1
1
0
2
2
4
1
0
2
2
1
2
1
2
7
1
3
1
1
1
1
3
9
1
1
6
3
0
1
5
3
1
2
3
1
1
1
7
2
6
5
7
4
2
4
3
4
1
17
4
4
1
6
3
4
5
6
1
2
1
3
5
2
1
2
11
1
2
2
18
1
3
11
5
1
3
3
7
0
1
3
2
1
1
0
6
0
1
2
3
1
1
2
3
0
1
2
4
1
5
5
10
1
4
5
2
3
5
12
6
1
2
8
2
1
2
1
3
1
1
3
1
1
1
7
2
1
1
3
6
2
2
2
13
1
1
2
5
4
2
1
3
1
4
3
0
1
4
2
5
3
2
1
1
1
8
4
2
2
1
1
4
1
2
2
3
3
2
7
1
2
9
1
6
3
2
4
2
3
1
8
4
7
6
2
1
2
3
2
1
2
2
4
1
1
1
11
2
5
3
5
1
3
1
5
2
4
4
3
1
3
1
3
2
4
3
5
0
2
1
4
1
5
2
6
1
6
7
2
3
4
3
11
0
4
5
5
1
3
5
3
1
0
2
1
1
5
1
10
1
1
1
0
2
1
3
6
0
3
4
3
2
3
2
4
1
3
3
1
3
11
5
1
1
1
6
5
6
5
8
3
1
4
3
1
2
4
3
1
3
2
3
3
2
7
8
3
2
1
14
2
2
2
9
1
1
10
3
10
1
2
5
1
1
3
8
4
2
3
1
1
1
2
11
1
2
7
1
1
2
2
2
4
1
3
1
3
1
3
4
6
2
4
3
1
0
2
10
9
2
6
2
2
1
5
4
2
1
2
1
1
0
1
7
5
2
3
2
2
1
2
9
3
3
7
0
1
2
5
5
5
3
7
3
1
4
1
11
14
6
2
2
2
4
2
8
5
1
1
4
1
1
2
12
1
1
1
1
2
2
2
7
6
1
1
3
2
10
14
17
10
3
3
2
4
4
3
2
1
2
2
5
2
1
1
6
3
1
1
3
4
5
7
1
1
1
1
2
4
2
3
3
2
4
1
1
2
0
2
2
1
1
1
4
4
1
9
2
2
1
1
9
3
2
3
2
1
5
1
2
2
4
1
2
1
1
1
3
3
2
1
4
2
0
1
7
1
1
6
8
1
4
3
4
2
3
3
3
1
0
4
1
5
6
4
10
3
2
1
2
13
3
2
2
0
3
2
5
2
5
1
1
2
4
5
5
22
1
4
2
6
4
10
32
5
3
1
1
3
3
4
4
3
1
1
2
2
6
1
3
12
2
1
1
8
5
2
3
6
1
2
1
2
3
10
8
1
2
2
4
1
3
3
4
1
4
0
1
2
1
4
4
1
3
1
2
2
10
3
1
1
2
1
0
2
5
4
8
2
2
2
1
2
4
1
1
1
5
1
2
2
2
8
2
1
1
2
1
3
5
3
4
1
2
0
2
1
7
7
5
1
2
3
1
1
7
3
1
4
12
3
4
1
2
1
6
1
3
21
10
0
1
2
5
0
6
0
6
4
2
6
4
1
2
2
4
2
1
2
3
6
1
5
8
1
2
5
7
6
11
5
1
0
1
2
1
1
15
9
1
1
1
2
2
2
3
5
3
2
1
3
0
3
5
6
2
2
2
1
1
3
5
3
3
3
3
6
3
2
5
5
2
13
0
2
2
6
11
1
0
7
2
1
4
6
17
9
2
1
3
6
2
5
3
6
0
1
3
4
2
6
8
3
2
2
2
2
1
1
1
0
1
1
0
3
7
2
2
0
3
1
2
8
5
4
1
1
2
6
0
8
5
1
3
2
2
1
2
14
8
5
6
4
2
2
1
6
9
1
2
1
2
1
9
6
4
5
1
22
2
2
4
3
3
3
4
0
2
3
6
5
2
4
1
3
1
3
7
3
4
0
5
3
2
1
9
7
3
2
1
1
1
0
9
3
3
1
2
3
0
0
10
4
10
3
1
4
1
3
4
11
6
3
5
3
2
2
2
4
1
1
1
0
1
0
4
1
1
4
3
2
5
0
3
2
2
4
9
5
8
4
1
1
3
11
3
1
8
2
2
3
1
0
1
2
2
1
2
1
2
28
3
2
3
1
1
4
3
4
3
1
0
4
0
2
6
3
1
1
2
3
1
0
3
3
2
1
1
2
2
7
5
2
2
0
2
19
1
2
2
1
1
2
1
1
6
1
5
4
8
0
3
8
1
20
2
4
1
2
6
1
2
1
4
3
3
0
3
2
1
4
6
6
1
0
1
2
6
0
6
2
4
2
10
4
4
2
3
2
1
6
1
1
1
3
4
6
27
9
3
3
4
4
3
2
4
5
3
4
5
8
3
9
8
12
2
3
0
2
3
3
1
3
2
13
1
3
12
1
8
1
1
2
2
3
5
10
4
2
1
0
0
8
11
5
3
5
0
1
3
2
2
10
5
1
2
2
0
2
4
3
3
7
3
1
1
3
8
5
2
4
0
2
2
5
6
5
2
1
2
2
1
2
3
2
4
2
1
5
2
3
12
10
4
2
2
1
3
2
4
5
2
1
2
1
1
7
9
18
3
3
2
1
1
2
2
2
4
1
1
2
2
0
2
12
3
8
4
1
2
2
12
6
13
3
5
4
3
1
7
2
2
9
4
1
0
4
5
1
0
2
1
1
1
4
6
5
0
2
2
4
2
9
19
7
2
3
1
1
2
1
6
4
0
2
2
1
2
2
5
8
0
4
1
4
2
5
18
5
1
2
2
9
3
2
10
8
1
1
5
3
4
1
2
3
1
3
3
4
3
3
12
1
3
2
2
3
1
2
2
4
1
5
2
1
5
4
5
4
28
4
5
2
1
2
1
3
23
1
2
1
7
1
1
4
14
2
8
2
1
2
4
5
5
3
4
0
2
2
1
7
1
2
4
0
1
2
9
4
4
1
2
0
1
1
4
1
4
1
0
1
1
1
5
11
3
1
0
1
1
3
10
2
4
1
2
5
2
1
2
5
4
3
1
3
0
6
8
3
2
6
1
1
2
1
1
5
5
1
0
2
1
2
3
3
5
1
1
1
3
1
9
4
9
2
2
1
1
2
5
7
5
1
0
1
1
1
16
5
2
2
2
1
4
12
6
7
1
2
1
1
5
3
8
3
2
2
1
4
0
6
4
4
0
6
7
2
3
3
18
25
1
0
1
6
5
5
5
1
0
0
1
2
2
17
13
1
2
3
0
1
3
2
3
1
2
2
1
8
6
4
4
1
1
2
1
2
2
3
5
1
2
6
3
1
4
15
3
0
4
4
1
3
9
5
9
1
1
2
3
4
3
3
9
1
2
3
1
2
12
5
5
1
1
3
1
3
8
2
3
2
5
1
4
25
1
1
0
1
0
18
10
20
1
7
1
0
1
4
8
12
1
2
1
3
0
2
4
4
2
2
6
1
6
1
1
15
4
1
2
4
1
5
6
1
2
0
4
1
1
1
6
2
1
5
1
0
1
1
11
1
4
2
1
1
2
4
16
2
2
2
3
1
2
7
5
2
6
3
1
1
3
16
1
1
1
1
1
3
2
1
1
3
3
2
2
5
1
2
4
1
3
0
1
1
19
5
6
1
1
2
3
1
6
1
4
1
0
1
0
1
3
5
5
1
14
5
6
1
25
0
3
2
4
0
9
1
2
2
3
1
2
17
2
2
2
4
2
2
4
2
13
1
3
1
5
1
5
4
3
1
1
2
4
1
3
5
1
1
2
1
3
1
3
3
1
1
4
1
4
4
6
5
2
0
2
5
3
8
3
3
1
3
4
3
2
4
4
1
2
1
1
0
1
4
3
3
1
2
1
9
3
1
5
1
1
1
0
4
1
3
2
7
1
0
0
5
1
4
3
10
5
1
1
1
5
2
3
1
1
0
4
5
3
1
3
4
1
4
0
4
6
3
9
1
1
1
1
18
3
2
1
2
4
0
1
6
3
6
2
1
0
1
3
4
3
1
1
1
1
1
3
3
4
3
7
1
2
1
1
2
2
2
2
0
1
2
2
3
3
1
10
1
1
1
14
4
3
1
1
1
0
2
4
1
2
2
0
1
0
0
1
1
4
2
6
4
0
1
13
11
9
3
1
2
1
2
5
4
2
2
8
1
1
1
2
3
4
2
6
15
4
0
3
4
1
2
1
6
6
2
1
1
5
1
3
7
1
1
2
1
1
3
6
2
2
4
0
1
3
7
4
1
3
1
1
7
2
1
6
1
1
1
1
1
3
5
2
2
0
0
2
1
1
3
1
2
1
1
1
4
6
4
2
2
3
2
2
2
2
5
10
0
4
1
1
3
0
1
1
1
1
2
0
1
1
2
6
1
1
0
4
2
4
6
5
1
2
1
2
3
2
5
3
3
2
1
3
2
1
2
0
6
1
1
3
2
2
1
2
4
2
2
3
7
1
6
9
10
2
1
2
2
0
1
4
5
3
10
1
2
3
2
8
1
1
1
3
3
2
3
7
1
1
1
1
1
6
2
2
0
1
1
3
4
1
2
13
1
3
1
1
0
1
8
2
1
2
2
1
2
4
6
5
3
2
2
2
2
1
5
20
1
2
1
1
2
2
1
2
0
1
2
3
8
18
13
5
2
1
3
1
1
2
3
3
3
2
1
1
7
5
8
5
4
2
4
6
3
1
3
5
5
6
4
2
3
10
7
4
1
1
2
1
2
2
4
5
5
11
2
4
5
12
6
2
1
2
1
2
4
3
4
1
1
3
3
1
7
2
13
4
1
2
2
4
2
1
2
1
0
4
1
2
1
2
4
2
2
2
2
3
4
4
8
1
0
2
6
0
6
3
7
2
5
3
2
1
1
2
3
5
1
1
3
4
3
3
1
5
1
2
2
1
8
4
2
5
3
1
1
3
5
1
5
3
2
1
2
3
2
2
4
1
1
6
3
2
1
12
2
0
1
2
1
1
2
1
3
4
7
1
0
0
2
4
1
1
1
0
2
2
1
8
1
2
1
1
1
0
1
9
2
1
2
1
1
1
1
12
2
2
6
1
1
0
1
3
1
2
1
1
3
1
1
4
2
0
1
0
0
1
1
7
1
4
1
0
1
1
2
1
2
2
2
1
1
1
1
3
1
1
1
2
1
1
1
6
3
1
1
1
3
2
2
5
13
1
2
1
3
9
4
18
5
5
1
1
4
4
1
1
10
0
5
1
1
2
1
7
10
1
1
3
4
5
2
4
1
0
1
1
4
3
5
3
1
1
0
1
4
1
2
3
1
3
1
2
1
7
13
8
1
2
1
2
1
4
4
2
1
2
1
2
4
8
0
5
1
7
1
1
4
11
6
3
3
3
5
2
6
3
3
5
1
1
2
1
7
9
2
2
1
1
1
0
3
6
3
4
1
2
2
2
12
0
3
3
1
6
5
10
9
0
1
2
3
0
1
3
3
1
4
6
2
8
1
12
13
1
3
6
9
3
2
2
2
1
1
8
9
2
4
5
2
1
3
1
1
4
3
13
1
1
2
8
4
3
2
6
2
1
1
11
7
12
18
2
1
2
3
5
3
13
2
2
3
1
1
5
10
5
2
3
4
2
0
4
6
1
9
5
1
2
2
1
2
4
3
3
3
2
1
4
3
2
5
6
3
1
1
4
2
5
1
3
2
5
0
6
4
5
1
3
1
2
4
10
2
5
5
1
4
5
4
7
1
3
0
7
2
10
6
2
3
2
0
1
5
3
5
2
4
2
1
5
11
11
4
1
3
2
1
1
7
4
5
1
0
2
3
1
16
4
4
3
4
2
1
3
3
3
16
3
2
1
3
1
26
2
2
2
5
3
2
3
3
7
6
5
3
2
0
6
3
4
5
1
1
2
2
3
22
14
5
4
1
5
2
3
4
1
3
5
3
0
5
3
3
2
2
1
1
2
1
4
1
4
1
7
0
1
2
2
1
3
2
2
1
14
4
1
0
3
2
1
1
10
7
4
1
1
2
2
1
11
1
0
2
1
2
0
1
6
3
2
1
6
1
3
1
6
12
1
5
1
2
0
1
8
2
1
2
1
2
1
1
7
3
5
0
2
2
0
2
2
4
3
1
1
3
1
1
5
2
0
1
1
3
1
2
7
4
3
2
0
4
5
1
10
2
1
2
3
6
2
0
2
0
2
6
1
10
2
1
1
3
3
2
4
7
1
2
3
2
2
0
2
1
2
1
1
0
4
1
2
1
1
3
3
1
3
1
3
2
3
1
3
0
1
4
0
2
4
4
5
4
4
2
7
3
11
1
2
2
3
0
3
1
3
2
1
1
11
1
7
2
4
2
6
0
7
4
1
2
2
2
8
0
13
2
3
0
1
2
3
1
1
2
3
7
4
2
2
4
3
6
4
3
1
12
1
2
3
9
6
13
1
4
1
3
5
2
1
1
1
1
1
4
5
6
11
3
4
10
3
4
2
3
5
3
3
2
4
5
10
5
7
3
1
1
0
13
20
2
14
2
4
5
2
6
4
27
5
2
1
4
1
4
5
12
8
2
6
4
6
3
27
5
2
1
1
4
1
1
3
5
2
1
1
2
4
1
3
1
7
0
1
2
1
3
2
4
2
6
1
2
1
3
12
7
3
1
1
2
2
1
1
9
3
3
4
2
1
2
4
6
1
3
0
1
10
1
6
2
3
2
2
3
1
4
5
4
0
3
0
1
0
2
5
5
3
1
1
1
5
2
3
31
1
2
1
3
2
4
10
14
2
1
2
5
1
1
1
12
1
1
2
1
3
2
2
4
0
2
0
8
2
2
4
2
0
3
1
3
2
9
9
3
1
3
3
2
4
2
4
4
8
13
10
3
3
5
20
2
2
4
4
1
3
8
6
11
10
8
6
1
0
1
7
6
2
3
2
3
0
1
9
7
5
3
5
0
2
5
20
12
3
3
2
2
1
5
12
4
9
6
6
0
2
4
9
9
3
8
4
4
5
7
2
6
1
7
4
0
1
3
12
3
3
6
7
1
1
1
2
11
11
7
6
1
1
4
16
3
2
5
6
1
4
3
11
4
2
4
9
3
1
2
32
29
8
2
2
6
3
2
2
5
3
4
10
3
24
1
5
4
1
1
2
11
13
9
2
1
1
1
1
8
4
4
2
3
5
4
4
4
10
3
9
2
7
0
4
13
7
8
3
1
1
0
3
8
6
8
2
2
4
0
5
11
9
1
3
1
5
1
8
9
4
3
4
4
2
3
3
5
3
3
7
4
3
4
1
12
3
2
3
2
4
2
4
5
7
3
2
4
4
5
3
32
4
11
5
9
5
0
13
3
3
10
6
4
5
0
7
10
2
2
2
5
13
0
6
3
2
1
4
3
8
0
16
2
1
3
4
3
17
0
7
2
7
2
1
3
15
0
12
5
5
2
4
6
17
0
6
6
5
4
5
2
21
0
10
5
4
6
2
6
7
0
5
4
5
6
4
5
6
0
6
9
3
2
2
3
11
0
5
5
3
2
5
6
9
0
5
3
2
5
2
10
5
15
5
7
5
0
9
3
2
2
3
13
11
0
7
1
2
3
4
9
5
0
4
3
2
1
5
3
2
0
3
4
2
3
5
8
10
0
1
4
2
4
4
5
10
0
1
3
3
2
7
6
8
0
2
6
4
7
7
5
9
0
4
2
4
3
3
6
5
0
1
2
5
5
6
5
17
0
0
4
9
3
9
7
9
0
3
3
1
5
4
7
12
0
4
7
3
4
8
4
7
2
1
1
2
1
8
2
3
3
10
1
3
4
10
3
8
3
3
1
3
3
5
1
1
2
3
2
5
4
9
2
3
2
6
2
5
1
7
3
3
1
1
1
6
2
4
1
8
3
7
2
9
4
5
1
3
1
3
2
7
6
3
3
2
1
1
1
2
3
14
1
1
4
3
3
2
14
12
1
2
1
2
4
7
3
2
3
2
3
1
2
1
3
6
1
13
5
1
2
4
9
3
2
2
1
5
4
3
5
8
10
2
2
1
1
5
6
10
2
3
1
1
3
5
5
7
6
3
6
1
1
2
5
6
4
2
0
1
2
1
4
11
2
1
3
6
4
9
16
7
2
3
1
4
2
3
8
4
2
2
2
4
3
2
6
9
2
4
4
6
1
5
9
9
15
8
3
2
1
7
5
8
1
1
8
6
1
2
4
3
1
4
9
1
4
1
1
5
5
4
1
7
11
1
4
6
1
2
3
0
4
2
2
6
11
4
1
1
2
4
3
3
3
5
5
2
2
1
1
1
6
2
2
2
2
0
0
2
6
5
2
2
2
4
3
5
6
4
1
4
2
2
3
1
6
1
1
3
3
1
1
1
1
2
1
1
1
4
2
6
10
4
1
1
1
2
5
5
6
4
1
1
0
2
2
3
6
1
1
1
5
1
3
2
23
2
2
11
1
2
10
6
7
1
2
2
3
3
6
7
4
3
5
13
5
2
29
6
12
1
3
3
3
5
3
6
11
2
1
3
2
1
5
3
11
1
6
3
11
4
6
12
23
1
3
6
9
4
5
7
7
2
2
5
1
3
2
1
9
3
1
3
9
4
7
17
7
3
1
4
2
3
11
21
9
2
1
6
2
2
6
2
11
14
9
6
1
5
2
6
2
2
3
3
0
1
1
0
2
1
2
3
3
1
1
3
11
2
14
10
4
2
3
1
9
2
3
9
4
0
1
0
3
1
8
2
4
0
1
5
3
4
8
3
1
1
2
7
10
2
1
1
4
10
5
2
1
2
4
1
3
3
8
7
3
10
12
1
2
2
1
13
3
3
3
2
1
0
1
4
2
4
6
2
2
2
3
8
1
4
3
8
4
1
6
2
1
1
1
1
1
2
1
6
1
1
1
5
2
32
9
3
1
3
1
3
2
4
2
3
3
2
1
17
2
3
5
3
2
1
1
17
6
7
9
3
2
4
2
1
10
14
22
1
1
5
7
1
1
18
5
3
0
5
1
4
12
5
1
2
2
3
1
0
1
6
3
2
1
3
1
3
2
2
2
5
1
3
1
9
6
2
3
17
4
2
1
4
9
1
2
0
1
2
2
5
2
3
3
3
2
18
5
6
3
1
2
0
1
4
5
38
1
1
1
7
1
2
1
8
2
2
2
10
4
15
6
4
1
1
2
6
4
18
11
1
1
3
4
2
2
8
6
18
2
3
4
3
7
2
5
6
0
2
1
1
1
9
2
3
3
2
1
2
2
3
5
4
1
0
2
8
7
1
1
1
4
1
17
5
2
1
2
1
2
4
8
1
1
1
2
5
6
23
10
0
1
4
3
6
1
5
11
1
1
1
2
2
6
7
14
1
0
2
2
1
8
4
4
1
1
3
4
11
13
8
11
4
1
2
2
0
10
2
5
1
3
1
6
4
1
2
3
1
2
1
2
2
10
0
4
0
1
3
13
2
3
3
5
1
0
2
3
6
14
2
4
2
2
1
1
1
1
0
4
1
5
2
2
2
3
4
4
3
1
7
1
2
3
1
1
3
4
2
18
1
4
0
1
1
2
3
11
2
2
3
3
2
4
2
2
2
2
0
1
2
0
7
10
2
2
1
2
1
1
1
2
5
1
1
2
2
1
2
2
3
1
3
1
0
1
1
3
1
1
3
0
4
1
2
2
1
2
8
2
1
2
9
1
0
5
1
0
2
1
17
4
1
2
2
1
34
4
1
2
4
4
2
1
0
5
7
1
14
8
18
1
1
2
0
4
2
2
3
4
5
3
2
2
14
10
3
3
2
8
4
12
12
5
4
1
1
3
2
2
12
3
3
2
2
0
2
1
3
2
2
2
3
3
1
3
0
1
1
2
1
5
6
1
2
3
7
4
3
3
2
3
5
2
1
1
2
4
2
2
6
1
3
3
2
4
4
2
4
4
3
1
2
3
4
2
9
3
6
1
2
2
27
5
4
3
18
1
7
1
4
2
6
18
6
3
3
4
1
5
6
13
4
1
8
3
2
1
9
4
2
6
1
1
4
2
10
6
6
0
1
8
2
3
7
4
24
1
2
1
1
3
3
2
5
2
2
1
2
1
6
3
2
1
1
2
5
1
18
8
3
1
0
4
1
5
7
15
1
2
3
7
1
6
2
2
1
2
2
1
6
10
6
4
1
1
3
1
2
7
10
5
1
3
2
2
13
20
6
8
1
1
2
1
8
3
3
4
0
1
1
3
3
3
3
0
1
1
0
3
1
7
6
4
1
2
1
4
1
1
2
8
3
6
1
1
2
3
10
9
8
3
2
1
1
4
1
3
8
6
1
1
1
1
0
16
2
6
2
2
3
3
6
7
9
5
1
5
2
0
2
7
5
7
2
6
1
4
7
2
2
6
1
8
4
1
3
9
6
9
2
3
4
4
1
9
8
7
3
1
1
2
1
5
2
6
4
1
4
1
4
17
5
5
3
1
2
1
3
5
2
3
1
4
3
1
2
10
6
2
2
1
7
1
2
7
12
11
2
6
1
2
3
8
6
4
2
1
6
1
2
12
4
8
1
4
4
3
5
4
8
1
2
2
5
2
3
6
3
2
2
2
3
0
2
6
6
7
2
3
1
1
5
4
16
4
4
2
1
3
7
9
7
2
2
4
1
1
2
4
12
2
2
7
1
2
1
6
1
14
3
0
1
1
3
14
6
23
12
0
1
0
1
2
2
23
11
1
0
1
0
7
3
4
7
1
1
1
0
2
33
5
3
2
1
2
1
17
9
7
7
1
3
2
0
0
29
6
2
0
4
2
3
16
1
5
4
1
1
3
0
3
9
0
3
1
1
1
2
5
2
1
8
1
0
1
1
4
2
3
3
6
18
4
2
0
2
3
1
3
13
5
1
2
4
1
2
1
5
3
1
0
4
1
1
1
5
7
1
2
1
1
2
6
12
5
1
2
2
2
3
3
11
2
1
1
1
1
2
8
5
5
1
1
3
2
3
2
2
4
0
1
1
3
1
3
3
6
1
2
3
6
1
5
6
9
8
3
2
4
8
3
1
0
1
2
10
4
5
2
1
1
1
1
2
6
3
2
0
0
5
1
5
1
1
8
0
0
2
1
2
1
10
4
2
1
5
0
1
1
6
8
0
2
0
2
2
0
5
3
0
2
2
1
1
1
2
2
1
4
2
0
2
8
3
4
2
1
6
2
9
7
2
3
1
0
2
1
3
2
1
3
20
1
1
1
4
1
1
14
9
2
4
2
1
0
1
5
16
1
0
1
1
1
2
4
4
1
1
1
1
1
1
5
8
2
2
3
3
0
3
17
21
1
1
2
2
6
1
3
4
2
2
1
0
1
0
2
4
1
5
1
1
0
1
1
7
1
1
1
2
0
1
2
2
5
2
1
2
1
3
8
1
2
3
1
2
1
3
3
1
2
3
1
1
0
3
2
1
2
2
2
1
2
1
1
5
2
1
1
0
1
2
7
4
1
4
0
9
0
4
19
6
3
1
5
1
2
0
6
3
1
1
2
2
1
6
2
1
1
1
2
2
1
10
7
1
2
3
2
2
0
9
5
1
1
1
1
1
1
4
1
1
1
3
2
0
1
1
1
4
1
1
4
1
0
2
0
6
2
2
3
1
2
1
2
4
5
6
5
2
2
1
1
2
7
11
5
3
2
3
5
3
0
2
3
0
1
1
1
6
1
7
1
1
1
3
0
2
9
4
4
1
3
2
1
6
0
2
5
2
2
1
3
3
6
4
4
1
1
1
1
10
1
0
4
1
1
5
1
5
3
2
2
2
2
5
5
1
1
3
1
2
1
4
2
2
6
1
1
2
0
4
2
3
4
2
3
1
3
3
4
2
1
0
2
2
2
8
3
4
3
1
1
3
2
4
4
4
6
1
1
4
8
5
3
2
3
1
2
1
1
3
29
4
3
4
4
3
1
3
0
2
3
2
1
0
10
1
1
1
1
2
0
1
2
3
0
2
0
6
3
5
24
2
2
1
2
1
1
1
8
2
2
2
3
4
2
5
0
4
0
2
2
2
2
3
2
2
1
1
2
9
3
1
6
7
0
2
2
1
2
2
2
3
0
1
1
2
4
3
7
4
1
0
1
1
1
1
1
6
23
5
23
10
1
2
3
6
2
1
17
7
1
1
2
3
5
3
3
3
1
2
1
1
2
7
10
3
2
2
3
2
9
11
21
1
1
6
4
2
3
9
6
2
1
0
1
2
29
5
3
3
1
0
2
0
2
3
4
1
1
2
1
1
7
4
2
5
3
0
0
4
2
1
1
1
1
1
0
2
5
3
1
2
1
0
1
5
5
3
5
2
1
1
0
12
4
3
3
1
3
1
1
5
3
1
2
0
3
1
1
3
9
1
1
1
1
2
2
10
3
3
5
2
2
0
1
1
2
3
7
1
5
2
2
1
1
0
4
2
2
2
1
3
2
1
2
3
2
0
4
1
1
4
1
4
4
2
7
2
1
6
2
2
4
4
1
0
1
6
2
2
2
6
1
2
4
1
3
3
5
2
2
1
2
7
1
2
2
2
2
1
1
5
6
13
2
2
2
3
3
2
18
11
11
3
2
1
2
4
3
18
2
1
1
3
1
4
2
7
1
1
1
1
2
1
0
2
18
0
1
3
1
3
4
2
27
2
1
3
1
0
1
0
15
4
3
1
2
3
1
1
11
6
1
7
2
2
7
4
2
2
1
1
3
1
1
0
3
1
8
1
2
1
4
8
11
9
2
1
1
1
1
2
6
2
3
1
1
1
1
12
4
1
2
2
3
3
1
1
3
8
1
0
1
7
1
1
1
7
1
1
0
3
3
2
1
12
3
3
6
5
9
5
19
4
1
2
5
2
8
9
26
6
1
4
6
5
0
9
0
4
1
1
1
1
1
3
1
2
1
1
2
2
1
2
2
6
1
1
0
5
6
5
1
11
4
2
4
0
2
2
1
31
3
4
5
1
2
2
1
6
10
1
8
3
3
1
0
4
15
5
7
2
3
2
3
9
0
2
7
2
4
2
1
4
15
3
6
3
3
6
3
30
2
6
5
2
2
3
1
11
5
0
5
1
1
1
1
8
5
1
18
1
1
1
1
24
4
5
1
1
6
9
2
6
5
1
4
1
1
2
0
2
3
2
2
4
1
1
20
12
4
1
20
2
1
8
22
12
1
2
9
5
12
5
5
6
6
1
6
1
5
7
3
1
1
0
1
4
2
2
2
5
2
2
1
2
2
6
1
1
10
1
1
1
1
14
2
1
3
3
2
1
35
20
2
3
2
6
1
1
6
5
0
1
1
1
3
8
15
6
1
4
1
7
6
26
29
4
2
52
6
1
1
13
13
15
0
2
6
2
5
1
1
2
1
1
4
1
1
6
4
3
2
2
3
6
1
1
6
5
1
1
3
2
1
1
3
5
4
1
3
14
2
4
1
2
4
1
2
8
1
1
2
5
3
18
5
4
3
1
1
3
23
14
4
4
3
2
0
1
2
12
10
6
3
2
5
2
25
6
2
6
1
3
1
2
1
8
1
3
1
1
2
4
1
10
3
5
2
0
1
1
4
1
2
1
4
0
2
4
4
3
4
2
1
1
1
11
4
8
1
1
1
1
3
3
5
4
2
1
3
2
1
4
1
1
2
2
1
1
1
3
9
1
7
2
2
0
2
4
3
3
1
1
0
1
2
4
4
1
1
0
1
2
0
4
1
1
2
10
17
2
1
2
2
2
1
18
1
1
1
0
1
6
4
13
6
7
2
2
2
2
3
4
3
0
2
1
1
3
4
2
5
1
1
3
2
0
11
3
10
1
2
1
1
4
16
8
1
2
2
3
4
2
3
6
2
1
2
2
0
1
2
9
5
16
3
1
4
5
9
5
13
4
1
2
1
2
1
6
19
4
2
3
2
4
1
1
6
4
0
4
5
1
3
9
6
2
1
4
1
3
1
1
1
2
1
2
1
2
3
5
6
6
3
2
0
2
3
0
7
6
5
1
3
3
8
1
10
6
3
2
3
1
2
6
6
19
1
2
1
2
1
8
12
7
2
3
2
2
2
3
9
12
1
20
5
1
1
12
21
31
2
3
2
2
3
3
3
3
1
1
1
6
4
5
4
4
2
1
2
1
1
1
1
2
1
2
1
1
6
4
9
7
11
5
1
2
1
0
2
3
8
9
2
3
11
1
0
5
9
4
1
3
5
1
1
5
4
1
2
3
2
1
0
5
27
2
3
3
1
2
4
5
6
11
5
5
1
1
2
5
6
2
3
1
2
2
0
11
7
4
2
2
2
1
1
6
1
4
1
1
3
8
9
3
2
1
3
0
1
2
5
1
1
1
1
5
2
3
2
3
3
1
2
2
2
3
2
5
1
1
0
3
2
14
7
1
2
0
2
6
1
4
22
3
0
2
1
1
3
17
3
6
3
3
2
1
1
22
2
4
1
7
19
9
3
3
1
1
1
3
7
7
4
1
3
5
2
3
3
15
6
9
3
6
6
8
2
7
4
3
2
3
4
2
4
2
1
2
2
0
3
1
2
10
4
2
3
1
1
0
6
1
3
3
2
5
6
2
1
3
4
3
5
11
1
6
1
0
5
9
4
16
11
5
3
13
2
4
7
14
8
2
23
2
3
5
2
23
9
5
3
8
2
2
6
1
6
4
1
0
2
1
1
7
4
2
1
2
1
3
2
5
3
6
2
1
1
2
2
5
6
0
0
1
1
3
2
8
1
1
1
1
3
4
1
5
1
4
3
2
6
4
1
1
2
1
4
1
0
8
2
4
2
2
0
6
0
3
2
1
3
0
2
1
3
1
0
2
1
2
2
1
0
4
3
2
1
2
4
1
4
2
1
2
12
3
5
8
2
4
2
8
2
8
3
3
2
1
1
2
6
3
3
1
1
6
1
2
3
6
3
3
2
4
1
5
2
5
1
2
1
1
2
2
1
0
4
4
1
2
6
3
4
2
5
5
0
1
1
1
2
1
3
4
4
0
1
4
3
3
9
4
0
7
2
1
2
2
1
2
4
3
1
1
3
5
1
2
4
3
3
3
2
3
9
1
2
2
2
1
1
1
4
1
3
2
1
5
5
5
6
5
1
6
2
1
2
4
3
11
2
3
2
3
8
7
2
24
2
3
4
7
2
2
11
7
5
6
2
2
2
7
7
4
0
9
1
2
2
4
4
5
1
5
5
3
3
1
1
5
3
1
1
7
5
2
3
11
10
21
3
3
5
1
0
2
4
5
2
0
7
1
1
0
4
2
1
1
3
1
5
2
6
2
5
0
2
4
2
6
5
12
3
2
4
2
2
2
5
1
1
0
0
0
2
3
7
4
3
0
3
0
1
5
4
2
5
1
0
7
5
1
2
1
1
1
2
35
4
2
2
0
1
6
1
6
11
10
11
0
1
2
1
5
11
2
9
2
1
5
2
9
5
3
3
2
2
1
0
7
2
2
4
1
1
2
2
4
1
1
0
0
6
5
4
3
4
1
2
4
3
3
1
1
1
0
1
0
1
4
2
1
2
3
1
1
3
4
2
8
1
2
1
1
18
3
1
4
3
17
1
3
3
3
0
3
1
1
2
2
1
1
4
2
1
11
2
7
4
5
2
1
4
23
4
8
1
5
1
2
1
2
2
4
4
1
7
4
3
0
5
7
2
2
2
1
2
5
1
3
5
1
1
5
3
3
4
3
2
1
3
2
17
13
2
4
1
0
2
4
6
0
6
1
3
1
1
10
3
1
2
6
1
1
1
15
2
3
2
1
0
3
1
1
5
15
4
2
1
0
0
2
4
0
0
1
1
1
1
5
3
1
4
2
2
4
7
3
2
3
7
5
2
0
1
1
1
1
8
6
4
2
3
3
1
2
14
4
2
3
2
2
2
4
23
5
0
1
2
3
2
2
6
1
2
1
2
4
6
2
2
2
7
2
4
3
1
2
4
7
4
7
2
2
2
2
5
1
5
1
3
6
1
6
2
5
1
1
3
2
1
2
3
4
5
4
1
1
2
2
0
1
5
6
4
0
1
1
2
9
2
6
1
1
2
3
10
7
6
8
1
0
3
3
10
5
28
3
1
1
1
3
1
7
4
2
0
2
1
0
4
4
3
3
1
1
0
1
1
0
2
3
2
1
0
1
5
2
3
3
6
3
8
4
3
4
2
2
1
6
11
2
2
0
2
8
2
7
4
1
9
4
2
1
9
4
7
4
3
2
1
3
3
1
6
4
2
1
1
7
2
2
10
3
2
3
0
3
2
2
3
2
6
6
13
6
4
1
2
2
8
5
9
5
2
1
2
4
21
9
5
5
4
2
2
2
2
5
5
3
5
1
2
2
5
5
2
3
5
3
4
2
2
7
3
6
2
8
13
13
18
4
3
2
1
2
6
20
32
28
1
2
3
5
4
2
6
5
3
1
2
1
3
11
5
11
1
1
2
1
4
8
3
7
3
2
4
3
1
14
4
3
3
19
6
4
4
1
2
2
7
20
10
6
1
9
3
1
3
10
5
5
2
1
5
1
4
17
7
4
1
2
3
7
7
3
3
5
2
1
4
2
9
1
1
2
2
2
3
2
1
1
3
2
2
0
3
4
2
4
4
0
3
1
3
3
5
7
4
1
3
2
2
6
3
1
1
2
4
3
1
6
1
2
3
19
6
1
19
3
5
3
1
5
6
1
9
1
2
3
2
2
18
2
1
6
2
2
3
2
5
2
3
2
3
2
3
1
4
2
1
2
2
3
1
2
6
33
1
3
2
2
4
2
2
4
1
3
2
1
1
7
3
2
1
3
2
4
2
1
5
4
2
4
4
2
0
1
11
5
1
1
4
2
5
2
4
5
6
2
5
2
8
5
4
5
5
4
2
6
3
3
4
2
2
0
1
1
3
9
5
4
2
1
3
2
7
5
4
11
1
2
2
2
4
2
2
7
5
5
3
1
10
4
2
3
7
6
5
3
6
3
7
10
2
1
3
2
2
3
1
4
3
2
4
2
3
1
3
3
1
1
7
4
3
3
2
15
1
7
15
7
6
12
5
3
8
2
2
7
13
20
2
1
2
5
3
3
1
9
3
2
4
4
1
2
11
5
2
1
6
3
2
4
6
3
2
11
14
1
1
21
3
11
4
3
4
6
2
3
1
2
1
3
4
2
2
6
17
2
2
2
4
1
1
4
0
15
2
1
2
3
3
9
2
3
7
5
3
3
3
3
11
5
6
2
7
1
1
2
8
1
2
4
7
2
2
4
2
3
4
4
9
1
1
1
6
7
5
4
4
2
2
1
2
1
11
4
5
1
4
2
2
6
3
1
4
1
3
1
1
1
2
0
5
1
0
1
1
0
3
1
2
18
7
2
5
3
6
2
7
4
22
0
2
1
1
2
7
4
0
3
4
2
1
6
2
0
3
3
6
2
6
2
1
2
5
31
0
3
3
1
2
1
6
0
2
1
0
2
4
5
3
3
1
2
5
2
1
2
2
4
2
2
1
1
2
3
6
16
1
4
1
2
1
1
1
3
5
1
1
1
2
4
1
1
0
2
2
1
1
1
0
3
2
1
3
2
1
4
3
12
2
3
11
4
2
2
2
5
2
5
9
2
1
6
1
3
1
2
1
3
3
3
1
2
4
4
9
3
0
2
1
7
8
2
3
2
7
9
4
3
4
0
1
2
6
4
8
2
8
1
2
1
2
1
1
6
17
1
3
1
8
5
2
4
3
5
6
10
4
11
2
1
2
3
1
1
16
4
3
2
3
2
2
4
1
5
2
2
1
1
2
1
8
4
22
3
7
2
1
1
1
1
2
8
1
1
0
1
0
2
7
3
9
10
1
1
4
3
5
2
5
2
1
0
3
5
10
4
3
1
1
1
2
2
3
1
1
1
2
1
0
3
1
2
1
6
2
3
2
3
0
2
2
4
1
1
2
1
4
6
2
0
2
2
5
1
13
3
1
3
3
9
1
3
4
1
1
0
1
13
1
3
3
3
1
2
4
0
6
4
2
5
1
0
2
1
11
0
3
2
3
1
4
2
1
2
1
4
1
1
3
7
1
2
1
2
5
1
2
5
19
8
3
2
2
1
0
17
14
1
1
0
0
3
1
4
3
1
1
3
0
1
24
3
5
1
2
2
9
1
4
5
4
4
6
3
1
2
6
4
2
11
5
3
1
5
3
1
2
3
2
7
2
3
3
1
2
2
3
5
2
4
2
2
2
2
2
6
5
2
2
2
5
3
1
3
2
1
1
2
4
2
3
3
3
0
7
3
1
1
4
1
1
1
2
3
2
1
3
1
1
3
2
3
1
34
10
7
2
0
4
5
4
3
5
1
3
2
0
1
23
8
4
6
3
2
3
4
1
7
3
1
4
3
1
2
8
23
8
1
2
2
2
2
6
10
1
3
1
1
1
2
6
2
1
9
3
1
1
0
2
1
1
3
4
7
3
2
0
1
4
1
7
1
4
3
3
2
4
3
5
0
5
3
0
8
1
2
3
2
1
1
3
7
0
2
1
1
1
1
4
5
1
14
6
2
1
2
1
3
3
0
1
0
1
1
4
2
2
2
1
5
5
2
3
2
0
1
4
3
2
2
2
1
1
2
3
4
3
3
1
3
1
1
3
2
5
7
4
2
1
2
6
7
5
14
4
1
3
3
3
4
3
2
2
1
2
1
2
5
4
4
4
10
6
2
