190
160
167
145
150
163
153
289
215
202
144
177
192
201
181
124
156
165
165
113
134
155
214
234
294
235
229
224
346
259
224
216
271
201
221
275
232
196
259
200
217
247
188
236
221
221
142
190
233
204
275
173
208
236
261
317
289
341
316
299
247
311
285
242
255
245
213
242
226
326
283
265
281
276
315
283
312
320
288
340
306
265
318
310
273
241
229
227
242
215
160
224
229
224
220
220
164
265
259
226
257
207
290
241
310
231
296
340
238
271
185
246
215
157
168
44
142
170
136
181
243
42
143
192
120
219
99
165
172
164
23
145
160
104
50
128
168
151
118
184
289
257
241
227
216
220
241
286
285
243
234
215
260
275
219
202
231
263
201
198
202
239
343
316
245
339
269
319
148
197
191
152
149
162
174
119
99
112
112
89
96
177
125
122
141
189
146
183
169
157
223
263
191
204
145
236
185
184
147
158
151
165
166
186
192
148
174
201
152
147
196
152
147
187
159
174
176
192
154
154
244
265
192
178
181
195
300
162
154
186
150
198
207
137
122
132
101
207
249
219
223
199
164
148
183
136
254
256
232
234
305
248
241
204
275
222
266
247
240
197
272
251
273
196
233
273
186
221
157
236
243
290
206
302
298
193
242
216
298
213
343
275
314
305
250
216
254
282
286
287
242
216
260
274
272
223
190
281
301
270
197
264
277
201
292
182
263
167
286
275
225
178
209
238
232
232
250
163
175
217
225
185
200
229
215
208
145
158
264
296
173
159
157
190
173
328
304
310
260
284
289
278
237
322
299
272
288
246
209
266
277
255
228
209
233
223
228
170
234
279
218
297
272
263
230
276
228
188
273
260
229
301
273
264
208
221
224
303
244
255
260
272
203
190
263
251
202
206
208
232
250
291
139
135
170
209
162
151
121
246
305
210
264
250
222
277
209
214
253
226
258
283
285
223
277
258
185
287
227
247
228
242
303
213
240
192
237
336
245
248
230
225
237
260
243
233
242
239
215
237
196
234
228
275
206
253
274
222
201
139
204
246
240
204
195
130
243
188
202
182
232
120
120
126
107
120
209
201
169
203
286
264
251
283
300
312
206
108
112
193
215
217
221
110
92
164
192
191
210
78
120
102
91
102
104
98
89
104
249
241
196
245
237
250
97
195
188
158
150
127
143
90
89
80
87
84
80
168
150
141
126
127
154
151
109
135
171
127
133
146
129
111
109
78
102
106
70
65
93
93
134
143
118
89
131
101
101
88
80
101
163
99
79
118
149
106
162
117
127
121
244
151
195
178
234
256
236
131
185
210
205
213
214
123
134
185
189
170
200
169
177
180
234
224
250
326
301
291
219
242
189
219
209
175
218
240
177
257
211
218
205
192
192
206
155
170
133
153
162
183
229
255
204
248
204
202
179
174
126
139
168
155
149
147
120
175
157
134
107
122
127
152
176
157
101
116
140
127
203
172
129
218
158
227
159
202
164
211
218
213
201
91
103
125
133
132
136
144
200
173
152
162
142
116
108
107
186
147
139
252
215
265
215
190
186
110
202
177
208
219
211
136
222
220
230
320
91
159
172
150
106
155
173
169
168
115
183
202
259
204
244
236
198
187
176
223
162
218
226
193
170
221
161
200
183
167
232
163
255
247
218
231
284
269
312
237
297
233
242
249
231
196
230
168
262
255
244
222
238
180
252
266
196
229
205
256
168
217
160
230
263
233
273
217
295
233
219
214
211
189
156
236
235
284
287
195
153
209
247
305
191
202
222
265
215
173
230
226
209
237
226
236
211
268
290
317
272
237
252
226
186
323
307
237
220
211
180
283
236
248
222
176
255
198
160
171
233
188
225
273
200
170
226
120
189
209
215
204
194
144
191
174
176
172
184
165
116
119
130
123
162
168
168
150
286
280
259
281
228
240
175
167
201
233
205
144
161
102
118
207
194
124
152
196
160
136
111
113
167
146
127
131
296
212
223
184
205
201
238
156
189
187
140
171
135
170
160
212
165
184
158
132
129
93
137
103
128
96
137
111
217
231
238
227
284
277
232
195
326
282
297
272
333
221
206
203
205
222
226
183
191
173
204
193
326
292
284
331
296
309
322
297
335
304
311
282
289
274
278
314
279
304
334
269
266
321
294
294
306
313
289
327
258
262
298
290
343
287
310
316
344
288
259
229
204
214
235
253
207
263
250
226
259
266
231
240
206
235
269
218
250
249
264
262
255
259
292
300
285
302
320
268
271
277
275
252
263
303
300
270
255
266
236
257
244
230
241
210
270
272
246
268
321
294
332
276
328
281
260
181
205
232
268
286
218
246
288
280
333
284
258
279
276
226
218
219
298
261
232
254
306
269
265
318
262
287
232
242
292
244
232
286
274
225
224
179
177
214
210
333
274
304
265
260
286
295
291
290
328
329
309
312
284
348
192
214
227
232
251
203
225
238
270
154
194
133
173
240
162
209
150
176
193
255
186
228
229
226
243
225
228
257
231
284
203
139
149
113
140
235
318
206
214
172
214
213
156
163
117
149
225
224
189
226
288
241
246
245
271
261
175
163
120
221
155
200
171
149
72
190
164
126
109
141
148
300
219
211
97
111
137
173
154
153
145
202
208
198
106
177
166
230
239
275
241
158
135
123
88
91
108
134
214
150
163
202
146
131
142
166
215
224
288
245
227
240
213
219
136
177
130
136
130
253
174
214
156
209
164
188
263
168
202
163
151
117
149
102
197
217
188
179
189
194
227
98
82
175
163
154
97
118
106
183
198
190
112
95
115
118
131
116
98
97
137
117
256
191
158
202
156
173
157
100
128
108
134
117
111
196
220
234
216
149
176
239
253
206
183
212
273
252
209
268
272
219
231
250
243
238
257
196
211
215
221
252
261
193
239
238
240
231
262
257
167
247
257
229
190
253
242
263
232
226
235
265
246
304
191
228
268
141
193
164
203
170
209
148
180
117
163
195
136
181
179
220
162
182
140
184
222
172
190
215
252
237
182
54
141
163
200
229
195
77
170
149
173
213
195
77
116
36
98
54
125
173
177
170
129
248
147
204
250
219
239
237
211
256
224
202
207
214
223
215
138
165
169
210
230
205
137
175
209
154
189
150
215
201
205
142
184
161
187
232
233
238
147
193
170
247
226
184
144
188
161
264
226
189
254
212
227
156
207
184
185
238
211
231
208
235
153
138
166
108
155
149
95
222
198
94
148
130
77
187
115
188
166
80
150
173
170
96
183
173
139
227
128
114
241
176
175
132
148
144
111
191
192
117
167
182
139
271
91
133
175
170
88
122
157
158
126
103
77
188
128
179
195
229
227
179
140
151
152
184
183
189
163
182
181
222
165
126
154
154
149
129
171
167
164
182
161
213
229
231
172
150
152
128
125
116
102
207
244
188
206
184
141
251
246
211
194
134
238
274
245
145
226
188
113
247
145
124
230
259
254
209
182
156
170
205
229
211
208
188
161
273
184
164
140
164
196
189
168
157
216
184
196
213
189
144
153
93
122
127
125
103
111
106
174
165
173
118
138
139
89
91
90
76
138
155
124
108
192
142
137
167
162
99
130
156
119
194
170
176
140
139
119
168
184
157
156
182
167
157
125
121
119
129
156
102
187
172
161
169
269
147
143
160
148
209
208
229
233
172
106
118
85
120
98
163
159
116
172
144
192
154
201
191
238
258
268
258
273
262
99
88
96
99
93
93
115
197
270
167
176
190
201
224
189
168
194
171
211
174
219
200
146
269
247
198
177
261
97
138
201
220
217
220
237
144
102
105
89
141
100
160
181
144
191
152
220
230
193
201
214
226
193
196
224
245
248
164
174
210
163
224
254
213
215
266
177
252
218
225
175
169
217
139
169
204
165
181
148
286
211
126
215
179
249
261
207
264
237
235
182
247
237
291
234
237
202
267
266
304
286
225
239
244
232
250
256
284
219
306
234
235
285
329
267
223
198
237
260
305
303
243
263
258
290
291
234
236
247
276
242
270
256
301
233
265
274
256
307
327
227
100
177
210
239
184
187
116
206
201
230
189
191
188
105
120
168
117
177
219
277
241
252
185
183
243
231
214
180
137
107
145
187
139
110
132
94
172
172
116
82
92
100
162
178
145
79
92
81
81
163
129
87
191
126
143
200
148
131
148
129
119
121
175
112
167
177
154
186
153
229
148
120
172
186
138
148
116
203
156
174
267
235
180
201
192
138
235
242
197
225
359
269
174
200
265
254
285
172
191
253
245
143
142
207
226
212
191
250
214
220
244
282
239
230
226
197
193
187
224
220
209
198
188
170
215
184
176
170
161
213
196
198
174
270
249
229
258
217
239
218
254
177
268
261
291
325
184
158
179
140
236
176
153
261
190
222
245
150
133
192
161
222
240
286
215
292
272
236
142
201
217
171
205
185
189
240
195
177
206
196
172
127
133
131
138
167
163
196
187
254
269
269
238
238
247
103
138
101
137
137
94
132
123
107
137
132
127
136
116
193
162
132
175
138
147
142
150
269
200
251
219
311
221
163
220
172
219
178
213
181
201
205
183
169
153
162
180
242
237
193
226
198
185
177
182
344
353
334
320
369
333
206
147
120
157
165
166
233
146
111
120
133
136
161
92
89
102
103
119
129
139
134
126
313
290
213
326
232
219
153
196
148
276
285
303
254
190
118
173
147
152
135
168
211
170
192
166
135
131
158
137
283
273
248
353
288
293
284
271
239
203
188
197
211
292
218
196
164
166
199
242
160
139
141
176
168
147
145
187
234
221
277
266
267
263
311
297
255
300
258
249
272
269
306
263
226
232
244
297
270
277
273
266
236
210
231
235
252
312
268
254
337
265
197
238
195
328
343
274
265
213
177
197
187
175
187
184
247
244
226
211
194
189
202
200
320
275
301
319
273
266
258
175
222
305
260
238
231
136
221
242
214
189
176
136
156
129
121
118
232
255
287
258
324
276
275
304
301
324
218
234
110
186
266
244
269
160
89
141
176
160
171
138
203
258
264
264
99
118
121
122
211
296
214
264
274
284
210
258
192
221
193
181
181
159
297
258
273
272
165
150
169
166
147
150
249
255
258
147
232
220
198
253
168
130
202
197
211
158
197
197
199
273
212
228
222
221
225
228
236
236
207
262
194
218
207
234
248
240
242
286
259
242
170
189
191
225
234
249
235
129
151
133
145
174
186
198
170
201
181
177
201
210
206
190
260
219
210
267
246
269
117
152
84
102
108
111
127
183
120
124
112
89
129
147
201
174
151
193
156
137
112
137
288
245
195
237
207
223
178
102
141
198
207
226
210
124
194
235
163
162
168
136
116
85
91
104
190
157
149
129
220
206
193
258
247
269
249
250
232
200
223
219
232
244
232
221
237
211
215
343
218
247
234
243
187
211
200
215
281
245
209
316
245
250
316
284
279
196
231
240
249
252
223
206
235
260
235
258
183
205
209
201
176
221
202
220
242
227
179
271
223
219
242
190
239
179
232
251
232
287
278
145
222
262
284
234
129
200
240
239
149
201
253
244
228
206
167
314
266
316
199
139
115
223
191
236
219
147
133
222
206
216
220
252
194
208
174
212
174
156
137
165
235
243
247
246
261
269
178
170
144
138
150
126
169
230
256
141
168
154
155
274
209
206
240
215
172
188
220
179
243
232
189
233
185
174
174
185
225
192
175
142
198
108
135
125
131
90
131
247
244
231
153
204
260
209
192
259
277
243
293
168
258
235
167
129
179
250
224
176
251
124
178
180
161
166
136
158
117
107
107
97
196
175
147
133
258
181
208
168
199
157
129
136
102
121
117
123
95
180
134
175
198
119
86
139
216
197
173
116
200
221
225
219
283
200
171
224
188
248
232
234
205
201
226
208
224
273
218
228
260
240
260
245
225
254
236
264
196
252
215
248
216
192
190
282
320
270
161
194
273
275
184
183
227
99
163
150
184
116
149
219
198
152
172
155
255
177
185
189
211
208
220
181
196
178
155
166
123
176
160
202
113
195
178
173
197
156
143
161
185
204
215
159
122
166
136
147
170
249
165
171
134
180
285
283
309
266
230
243
214
321
270
300
264
288
252
273
337
305
314
271
257
254
232
239
321
335
276
287
294
298
243
290
275
284
243
266
255
264
221
207
252
230
243
279
255
240
245
237
268
218
239
236
262
287
279
334
353
311
271
166
242
214
256
261
241
223
259
205
273
278
219
198
199
206
204
195
179
247
260
204
252
262
285
310
265
281
299
268
261
220
246
269
253
276
262
219
243
284
247
215
197
214
237
215
221
254
233
230
294
253
271
274
305
279
224
262
265
262
245
250
223
221
220
184
176
168
188
333
248
234
225
275
248
225
227
288
272
314
275
287
255
269
308
337
268
282
279
306
299
311
311
289
262
266
305
268
284
296
306
281
264
241
242
283
285
279
290
338
243
279
326
213
242
254
275
254
289
227
246
272
286
258
277
184
177
188
186
194
200
226
281
259
298
235
274
283
299
277
232
251
207
257
220
240
256
253
268
190
230
220
208
275
172
218
189
193
156
205
201
215
272
262
256
270
265
313
278
91
78
243
155
108
189
94
69
238
141
109
185
182
92
84
84
83
54
63
61
33
122
97
190
152
106
118
71
122
110
103
143
202
148
46
113
140
119
58
140
96
104
109
120
124
143
153
124
167
227
109
210
130
266
138
146
182
112
232
224
225
226
113
25
129
156
143
155
100
182
197
166
166
108
102
100
98
246
259
256
235
251
267
113
96
51
107
86
102
126
246
76
142
125
175
122
83
155
124
153
104
63
59
76
93
156
194
91
163
78
96
170
204
116
158
120
33
59
161
168
188
192
120
85
110
146
130
57
46
169
126
96
96
187
122
102
185
132
113
147
152
144
102
113
82
129
129
117
125
104
79
149
168
96
156
85
129
102
125
92
134
103
77
161
85
141
77
181
142
197
79
139
118
156
216
248
81
151
142
210
170
77
124
139
202
90
180
145
209
88
87
101
143
190
207
160
90
175
87
137
182
141
79
154
76
136
182
158
75
31
88
91
122
67
103
145
115
88
80
68
162
137
188
175
166
186
242
174
158
167
311
307
185
234
190
271
280
165
230
185
272
204
275
214
260
198
155
181
246
279
254
224
211
162
137
116
135
136
256
200
175
167
177
188
149
203
179
178
216
94
95
99
100
192
240
230
197
202
221
215
204
238
92
164
200
177
187
203
105
186
141
172
220
83
150
182
162
82
151
176
153
114
81
107
142
202
171
190
190
167
128
156
97
113
195
139
124
144
84
96
184
129
142
85
88
117
148
83
85
179
106
136
111
150
119
228
251
240
161
147
109
129
219
302
174
199
143
170
200
158
122
152
111
162
215
120
194
159
124
141
171
297
146
242
285
216
291
255
211
263
285
301
228
280
235
247
254
249
293
251
232
220
256
218
238
289
230
267
279
274
237
256
230
229
200
200
234
169
212
222
199
201
194
169
228
191
209
209
164
236
251
229
187
210
259
240
243
185
193
206
242
225
173
209
212
204
252
230
197
215
198
240
276
208
219
215
247
212
208
189
205
253
182
216
212
232
253
150
145
192
119
133
108
168
143
141
115
142
112
126
166
186
233
197
185
125
193
166
180
171
164
179
267
174
162
136
88
141
88
134
104
95
154
180
185
194
182
175
107
161
123
136
114
115
207
148
160
148
194
158
154
193
187
200
271
78
152
159
174
185
231
77
171
185
140
183
79
149
162
154
227
78
78
78
43
229
199
105
223
127
110
126
132
161
158
148
96
168
108
121
191
161
183
185
140
139
122
97
137
171
147
103
161
262
191
272
156
277
181
145
124
94
150
40
109
80
104
116
131
90
142
95
21
101
1
80
15
98
157
105
144
86
123
110
99
189
81
100
73
121
115
115
113
91
156
109
165
164
161
159
86
110
117
108
106
108
126
141
116
225
201
177
206
182
211
108
79
107
203
210
216
184
106
103
92
125
105
92
96
59
86
82
76
85
114
103
94
193
168
206
188
179
193
149
78
88
97
104
43
83
99
94
115
121
90
96
143
102
93
196
110
134
115
127
212
100
100
146
99
122
121
277
247
88
227
210
219
204
279
104
233
267
239
233
99
205
217
227
193
70
83
71
31
281
295
307
295
304
317
179
257
127
151
120
158
144
205
110
127
93
131
115
118
151
115
159
146
158
120
152
142
263
273
270
245
253
339
89
100
114
101
94
95
100
79
121
145
137
129
110
137
82
75
53
69
157
142
154
176
294
262
241
329
263
273
151
157
130
105
89
61
87
149
146
115
109
80
103
127
92
80
53
80
120
99
87
104
240
203
250
284
273
234
125
198
144
119
142
131
140
192
169
183
186
169
169
165
168
148
152
135
108
128
132
137
166
132
139
240
206
222
166
225
198
252
217
200
193
226
113
178
155
137
144
150
189
165
190
206
165
188
185
158
296
194
207
206
189
294
194
204
138
199
166
172
147
165
90
149
161
156
136
148
170
143
147
133
104
84
93
92
214
277
223
244
219
268
185
172
190
162
208
209
186
285
167
123
161
169
153
182
132
151
158
136
160
167
166
142
199
165
187
265
200
213
219
172
157
181
155
158
174
206
193
278
183
203
180
347
198
272
324
203
196
234
294
176
205
224
171
306
169
217
169
298
219
221
169
143
106
183
157
112
111
85
74
192
166
140
114
88
188
190
177
132
221
213
143
237
181
211
196
133
149
99
134
93
98
94
202
120
160
121
131
123
119
115
111
111
153
199
155
165
185
220
231
198
206
232
313
137
188
79
96
53
50
132
213
78
88
76
62
212
171
169
144
130
111
143
115
100
157
213
177
166
172
258
212
163
182
193
162
215
86
213
330
155
143
145
79
234
129
125
136
53
136
129
123
74
290
267
116
226
111
111
101
126
131
177
101
137
141
222
166
115
86
118
127
232
173
107
157
161
206
137
192
214
141
181
192
158
161
325
237
70
105
80
74
66
78
70
113
88
80
79
82
133
87
82
82
141
159
146
142
165
264
237
156
309
139
134
189
164
119
195
144
196
175
234
181
174
187
170
161
221
166
170
151
136
115
124
105
98
221
267
235
189
207
250
223
235
200
213
255
248
226
243
180
186
221
201
220
226
197
229
231
251
254
275
280
234
362
315
213
336
258
296
212
173
274
202
221
131
163
237
247
179
220
198
228
215
180
200
196
224
205
257
159
199
250
170
199
183
222
263
330
260
283
185
178
185
190
259
291
152
150
154
168
285
142
139
154
154
134
133
140
146
313
266
268
319
308
336
193
258
203
251
269
259
273
267
260
156
224
202
238
206
207
245
216
235
195
236
224
221
245
237
214
298
311
326
107
194
126
174
172
221
172
182
122
138
160
108
223
159
204
219
204
256
131
152
139
156
199
206
207
191
238
184
304
296
260
239
255
245
219
295
278
270
271
292
245
236
245
267
280
212
209
208
215
290
295
325
224
298
218
225
347
258
209
221
262
235
248
282
235
246
276
258
272
275
232
257
260
273
224
239
233
254
277
243
251
254
284
371
240
205
120
183
200
194
194
269
128
137
191
178
183
158
152
198
178
189
94
115
104
107
171
225
215
284
270
278
1
2
0
2
2
0
2
3
5
3
1
1
1
1
0
0
1
1
4
1
0
1
1
1
3
1
2
0
6
0
0
4
2
2
1
1
1
0
1
0
1
0
0
0
2
1
0
2
11
1
1
1
2
2
1
0
1
1
1
1
1
3
1
3
2
0
0
0
3
2
3
1
0
0
0
4
3
1
7
0
0
1
1
1
1
3
1
1
4
0
1
1
4
3
6
1
1
2
3
1
4
0
3
1
1
1
2
2
3
1
0
3
2
6
4
1
2
1
1
1
0
1
2
1
2
3
1
0
2
0
1
6
5
1
7
0
0
1
2
1
1
3
6
1
3
0
1
4
2
1
2
1
1
1
1
3
0
0
0
0
1
1
1
1
0
2
0
0
0
2
0
1
1
2
1
0
1
0
0
1
1
1
0
1
3
2
1
1
1
0
1
0
1
1
0
1
2
12
3
3
1
4
1
2
7
0
0
1
1
1
1
1
1
1
1
0
0
0
0
1
2
1
0
0
0
1
0
0
1
1
1
3
2
6
1
1
3
1
2
1
2
2
2
3
1
1
1
1
2
3
1
4
1
1
1
1
1
1
2
1
1
1
2
1
2
1
1
2
1
1
0
1
2
1
1
1
1
1
1
1
4
2
0
1
0
0
0
2
2
0
1
1
1
2
1
1
1
5
1
15
0
1
1
2
3
1
1
1
2
2
0
1
4
2
1
2
0
1
0
3
2
3
9
3
1
5
4
0
2
1
8
2
2
13
3
3
4
6
8
1
1
1
0
0
1
4
6
8
1
2
1
0
2
0
2
0
3
0
2
1
4
2
6
2
1
1
1
4
2
3
3
2
2
4
2
20
1
1
2
1
3
1
1
1
1
1
5
2
6
2
2
2
4
2
3
1
3
3
3
2
0
2
1
1
2
1
1
4
2
1
7
1
1
1
0
0
3
0
2
1
4
5
1
1
2
23
1
2
0
3
1
0
5
2
1
3
0
1
1
1
3
14
1
1
2
2
1
1
1
4
1
3
1
1
1
1
2
3
2
1
4
4
1
1
0
2
4
1
1
2
7
1
9
2
1
4
4
29
1
0
1
3
1
3
5
1
3
2
5
1
1
3
7
3
10
1
2
1
2
6
4
3
2
1
1
2
1
9
3
9
1
0
2
0
1
2
16
2
1
1
1
1
2
2
1
3
1
0
0
1
1
17
1
4
1
1
3
3
0
3
2
2
1
0
4
1
0
1
5
1
2
1
2
2
7
0
5
2
2
14
1
1
1
1
3
2
1
1
2
1
1
2
16
3
2
1
2
1
1
2
1
2
1
0
2
4
1
6
14
6
2
2
5
0
1
1
0
1
0
1
1
4
1
1
0
0
0
1
1
0
0
2
0
2
4
2
2
2
2
7
1
0
1
3
1
0
1
2
1
3
0
0
1
3
2
0
2
1
1
1
3
2
1
1
1
1
0
0
1
2
1
1
0
1
4
0
1
1
1
3
0
6
1
1
5
1
1
1
1
1
0
2
2
1
1
1
3
1
1
1
3
3
3
2
1
4
2
1
4
2
1
1
1
1
0
1
1
2
1
1
1
0
0
1
5
1
1
1
5
0
0
1
3
1
1
3
4
2
1
1
1
3
9
0
8
2
0
1
2
1
3
2
2
2
0
0
4
9
4
2
8
3
0
1
2
1
2
0
0
1
2
2
2
2
1
1
1
1
0
1
0
1
1
1
3
2
2
0
1
1
1
1
1
0
1
2
0
2
2
1
0
1
1
1
1
0
1
1
4
2
2
1
1
0
1
1
1
1
1
1
1
1
1
0
2
1
2
1
0
1
10
3
1
0
2
2
1
1
1
1
1
3
1
0
2
2
1
2
2
0
3
0
1
3
1
5
1
0
1
1
0
1
0
1
1
1
5
1
1
1
1
0
1
3
5
1
1
0
1
0
2
2
2
2
1
1
1
2
0
2
1
2
1
0
2
0
1
1
2
1
1
1
0
0
0
5
0
1
1
7
1
1
1
0
0
4
3
2
1
1
2
1
1
2
1
1
1
5
6
2
0
1
2
3
1
0
1
2
2
0
1
1
0
1
3
4
0
1
1
1
1
2
46
5
1
2
8
1
3
0
2
2
4
1
1
1
6
2
2
1
1
1
1
1
4
6
2
2
1
1
0
0
2
3
0
2
2
0
0
1
1
4
4
1
1
0
1
1
1
5
2
2
1
3
1
1
0
3
2
1
1
2
0
2
0
1
1
7
1
1
0
1
0
0
2
1
2
3
2
4
12
10
2
1
1
1
1
0
3
2
1
1
3
4
4
1
1
4
1
1
2
2
1
1
3
2
3
1
1
3
3
1
3
4
5
2
3
11
1
1
1
8
5
2
1
1
0
3
1
9
10
1
0
3
2
4
5
2
12
3
1
2
4
1
7
1
9
0
0
1
0
1
1
1
4
2
3
6
1
1
2
1
2
2
2
2
4
4
11
6
2
1
3
6
0
6
4
4
2
1
3
1
2
2
4
3
0
2
1
1
1
1
7
4
3
3
1
3
3
4
5
6
7
1
3
2
1
2
3
2
3
2
3
1
1
2
2
1
1
1
2
3
1
5
4
1
2
1
5
1
3
1
7
7
2
2
1
1
3
3
3
3
1
2
2
1
1
3
1
5
1
2
1
1
3
1
0
1
6
4
6
1
1
2
0
4
2
2
4
0
0
2
0
1
3
2
1
0
2
1
0
0
3
3
7
1
0
2
1
7
0
1
4
0
1
3
1
3
1
3
2
1
3
2
5
6
0
3
1
1
1
4
3
1
2
3
1
0
1
1
3
4
0
1
1
0
2
1
3
7
1
11
2
0
1
0
2
2
1
2
0
0
0
3
2
2
1
4
1
0
0
0
8
1
0
1
1
0
3
1
1
1
3
1
1
0
2
3
1
2
1
6
0
1
0
2
2
7
0
4
1
2
1
0
27
2
0
2
6
1
3
1
1
2
1
1
1
1
0
1
1
1
0
2
2
1
3
6
2
1
1
2
0
1
3
3
1
1
1
2
1
1
1
0
0
1
1
1
0
1
1
4
5
1
0
4
1
1
1
0
6
2
1
1
0
3
1
1
2
1
0
1
2
4
7
8
1
1
0
5
2
8
0
4
3
0
1
1
1
4
2
0
1
0
0
1
0
4
2
2
2
1
1
1
3
2
9
1
3
1
8
2
2
5
10
3
3
1
2
0
7
3
1
5
1
1
1
1
2
2
4
1
7
0
1
1
1
1
0
2
1
0
1
1
2
16
0
1
1
11
1
5
10
4
0
1
3
3
0
1
1
2
1
1
1
3
0
0
0
2
0
2
1
1
1
1
2
1
2
1
0
5
1
0
0
0
0
1
3
3
1
3
9
1
2
2
1
1
1
2
1
6
1
5
0
1
1
1
14
2
0
1
1
4
3
4
1
0
0
2
0
1
0
1
4
0
1
7
0
1
0
0
2
0
1
1
2
1
1
5
3
0
2
2
1
1
1
7
1
0
2
4
0
0
4
6
1
0
2
2
0
4
0
3
0
0
1
0
1
1
1
3
7
0
2
0
1
1
1
3
1
1
2
0
3
2
1
9
16
4
19
5
2
1
5
1
2
0
2
2
1
1
2
2
1
1
1
1
1
1
2
1
2
1
0
1
3
1
0
1
1
1
1
1
1
1
1
1
1
1
10
3
5
1
0
2
4
1
1
0
1
1
1
1
2
1
1
5
0
2
1
2
1
4
4
2
0
2
3
1
1
3
2
2
1
0
1
3
1
1
0
4
0
1
0
1
1
3
1
8
0
1
1
1
1
11
5
1
1
5
0
5
0
9
2
1
1
1
1
1
0
1
0
0
0
2
1
3
0
1
4
1
0
1
0
0
0
6
0
3
0
1
1
1
1
2
1
0
2
3
1
2
1
1
1
1
0
3
0
8
4
2
3
1
0
1
1
4
3
1
1
0
0
1
5
2
3
4
0
2
1
2
2
3
1
1
6
1
0
4
1
3
3
2
1
2
2
1
2
2
2
1
1
1
0
0
3
5
4
2
1
1
0
2
1
2
2
1
0
1
1
1
0
5
3
1
1
0
0
1
1
5
5
1
1
3
1
0
3
1
4
3
0
1
0
2
4
6
0
1
2
5
2
1
1
2
3
3
0
2
1
1
1
3
3
2
1
2
2
1
3
3
1
2
0
0
1
2
3
1
1
1
2
2
1
2
1
2
2
3
1
3
1
1
0
1
1
4
2
5
1
1
2
0
1
3
7
3
2
1
1
2
0
1
7
4
1
1
0
0
0
2
2
2
1
1
1
0
1
2
3
4
1
2
1
2
2
3
1
1
1
1
0
1
1
10
5
0
1
1
0
1
3
3
12
1
1
5
2
0
2
2
3
1
1
2
2
2
2
6
5
1
2
1
1
1
1
0
3
2
4
2
2
3
3
3
2
1
2
1
3
1
1
0
2
0
1
2
0
2
3
2
1
1
1
2
3
0
1
3
3
1
2
4
2
1
1
3
1
29
0
4
5
7
2
4
18
17
0
3
9
1
0
3
2
3
0
1
2
3
0
2
3
1
0
0
1
2
1
1
9
1
0
1
0
0
1
1
1
4
1
5
4
1
2
3
6
9
2
1
1
1
1
0
1
2
1
3
5
0
1
0
15
1
1
3
1
1
1
1
9
1
4
4
3
1
1
1
2
1
1
1
2
0
1
1
4
2
1
1
2
0
0
0
4
2
2
7
2
2
5
3
6
0
1
0
1
0
0
2
2
1
4
2
1
1
1
1
1
1
1
1
1
0
1
1
6
1
3
1
1
1
1
2
4
3
9
5
2
2
15
11
3
2
1
2
1
0
0
1
2
1
0
2
1
0
1
2
1
1
0
1
5
0
1
3
2
1
2
1
1
0
1
1
1
2
1
2
1
0
1
2
5
2
0
1
0
1
0
2
0
1
2
1
1
1
0
25
0
1
4
0
0
2
1
3
2
0
1
2
0
6
2
1
0
1
1
0
1
1
1
1
0
1
2
0
1
4
3
1
4
5
7
0
5
2
4
3
1
3
2
0
0
5
7
8
5
1
1
2
1
2
1
0
1
1
1
4
1
1
1
2
1
1
1
1
1
0
1
3
1
2
2
1
3
1
1
1
2
2
2
0
9
2
0
2
4
3
2
3
0
2
1
2
1
5
21
0
2
1
0
1
2
3
2
0
1
1
2
0
0
3
1
0
0
1
0
2
1
3
2
3
0
0
7
3
1
2
1
0
0
1
1
1
1
2
1
1
4
1
1
2
1
0
0
4
0
1
5
2
0
6
1
1
4
1
0
2
0
1
1
0
2
1
5
4
6
1
0
0
1
1
1
2
1
3
0
1
9
1
2
0
1
1
3
0
1
0
2
1
0
5
0
2
2
1
2
2
1
4
1
1
1
1
7
11
3
18
37
28
1
1
5
2
1
1
2
0
0
2
1
3
2
4
1
3
1
1
1
2
1
0
0
2
2
1
2
2
2
1
0
4
4
8
7
2
2
1
2
1
1
1
1
2
3
2
4
1
0
1
20
3
2
1
1
2
9
6
1
2
2
3
2
1
0
5
5
1
2
0
2
2
0
2
1
1
1
0
1
4
2
2
4
2
3
1
1
2
3
14
2
1
4
2
1
0
4
2
9
1
2
2
1
1
9
1
3
6
1
2
2
1
6
6
4
0
4
1
3
1
1
1
2
1
0
1
2
11
3
4
21
27
2
0
2
4
2
1
2
0
1
2
4
4
1
0
2
1
0
1
5
3
1
1
1
2
1
1
2
2
1
1
2
2
0
5
2
1
1
1
2
2
1
0
6
10
1
2
2
3
1
3
6
1
2
1
2
0
2
4
2
0
2
2
2
1
0
3
7
1
1
1
3
1
3
2
6
0
1
1
2
1
3
5
4
1
5
5
2
3
2
6
2
1
2
2
1
1
7
3
2
1
1
3
3
4
3
3
1
1
2
2
2
1
5
3
9
1
3
1
3
1
1
2
2
1
1
2
2
4
5
20
10
2
2
1
2
1
0
3
1
1
4
5
4
1
1
2
1
1
0
0
4
1
2
1
1
1
1
1
1
2
1
3
2
3
3
3
3
1
1
3
1
2
1
2
4
1
1
2
1
3
3
8
1
3
1
2
2
5
4
3
3
2
3
1
1
1
1
2
0
1
1
1
0
2
1
3
0
1
1
3
1
1
8
4
1
4
1
1
0
3
5
2
3
3
0
3
0
3
4
2
0
2
1
2
2
1
2
2
2
1
1
2
0
5
4
2
0
1
3
1
0
4
2
2
1
0
0
2
7
2
2
0
1
1
1
6
1
0
2
1
0
1
3
1
6
1
1
0
0
0
1
1
1
1
0
0
1
3
1
1
0
0
1
0
1
0
1
3
0
1
1
4
1
0
1
1
2
1
0
0
0
2
2
2
2
2
1
0
3
5
5
0
2
2
1
0
2
1
1
0
0
1
1
1
0
3
1
1
1
1
0
0
1
1
1
1
2
3
0
1
2
1
2
4
1
1
5
1
3
1
2
4
12
2
1
2
0
0
2
0
1
1
0
0
0
1
2
3
6
1
1
1
1
1
1
0
1
1
16
8
4
1
1
2
1
6
3
1
0
0
1
1
0
2
4
2
0
1
1
1
3
1
2
1
0
1
1
1
1
0
0
1
0
2
2
1
6
1
5
1
0
1
6
1
2
2
6
1
4
1
2
2
1
5
2
0
4
3
1
1
0
1
5
1
0
1
1
0
1
4
1
0
1
1
1
2
1
2
2
0
0
1
1
0
1
1
2
2
1
2
2
1
4
7
4
6
1
0
1
0
1
7
4
1
0
1
0
1
1
1
1
1
1
1
3
0
3
1
1
1
2
2
0
1
0
1
1
6
1
1
2
0
1
0
2
10
0
1
3
2
0
1
3
2
1
3
1
1
1
1
4
3
1
4
0
0
1
3
6
7
1
7
2
1
1
7
2
1
1
2
1
3
1
1
7
1
1
4
5
1
1
1
18
1
1
9
2
1
1
2
3
0
1
1
0
2
2
1
3
0
0
1
1
1
2
2
5
1
2
3
1
0
0
2
3
0
3
14
1
2
2
8
5
0
2
1
2
0
1
1
3
1
2
2
1
2
1
1
2
1
2
2
3
0
1
1
3
0
1
1
1
1
1
2
4
2
2
1
2
1
1
1
4
1
1
2
2
1
2
4
2
0
1
1
2
1
1
2
2
2
1
1
1
0
1
1
4
1
2
2
2
3
0
9
5
6
3
2
0
1
1
4
1
3
1
2
1
0
1
11
3
5
1
3
0
1
1
4
1
2
1
1
1
5
1
1
1
1
1
2
0
2
1
4
1
1
1
1
2
18
3
1
1
3
2
2
0
2
2
2
1
2
1
2
1
1
1
1
1
1
1
1
1
2
1
1
1
2
1
2
0
1
1
2
0
1
1
1
1
1
2
1
3
3
2
1
2
1
1
3
8
5
2
0
1
3
1
2
2
3
17
0
0
1
0
2
2
7
3
5
0
1
0
0
2
2
1
1
0
2
0
3
2
5
5
1
0
0
6
1
3
2
0
1
1
3
7
2
1
9
1
0
0
3
3
3
1
4
0
1
0
1
1
2
4
4
2
0
0
0
5
3
2
4
1
2
1
3
2
2
2
1
0
0
0
0
4
10
0
6
1
1
1
2
1
1
7
5
1
1
1
1
2
2
2
3
1
0
1
2
4
7
4
2
1
2
0
3
9
5
1
0
2
0
1
2
4
2
2
1
2
3
2
2
2
5
1
1
2
0
5
3
8
4
1
9
1
4
4
3
1
0
1
1
1
1
2
0
14
1
1
0
0
3
2
6
5
3
1
1
1
2
2
2
1
1
0
1
1
1
1
1
3
1
1
1
2
3
1
1
4
2
1
0
3
2
1
2
1
1
3
0
1
4
0
2
2
1
1
2
1
2
1
2
1
3
4
2
2
1
0
5
2
1
3
2
1
2
1
3
3
2
1
0
0
3
1
3
4
2
1
2
1
23
2
2
1
0
1
1
5
3
0
1
0
2
2
3
3
19
2
1
2
2
3
4
12
11
2
1
1
1
2
2
2
3
3
1
2
0
4
0
1
5
1
1
1
2
4
2
3
4
0
1
1
2
1
6
1
0
1
1
1
2
2
1
1
2
2
0
2
2
0
2
3
0
3
1
1
1
1
3
2
0
11
1
1
1
1
1
5
1
0
1
1
1
8
5
0
0
0
12
0
1
1
10
2
1
1
1
0
1
6
1
6
0
1
1
1
2
23
8
1
0
1
1
1
2
7
1
0
9
14
4
4
1
0
2
2
2
5
12
8
0
3
1
0
2
2
2
2
2
1
2
0
1
2
3
3
1
0
2
1
6
1
2
3
0
0
2
1
1
8
3
1
1
0
1
0
1
4
12
1
1
3
0
1
1
1
2
1
1
0
2
1
3
8
3
1
1
1
0
1
1
2
2
6
1
1
1
2
2
5
3
2
12
0
1
0
2
10
1
1
3
0
1
1
1
10
10
2
1
2
1
1
5
2
5
1
0
1
1
0
6
7
1
2
1
1
1
3
2
1
1
0
1
1
5
6
4
1
0
3
1
2
10
5
4
1
1
1
1
3
5
4
2
2
1
1
1
1
12
8
8
5
2
1
1
1
9
3
3
2
0
2
2
8
7
2
1
1
15
1
1
7
5
2
3
2
2
1
1
5
4
0
3
2
0
1
1
3
2
3
1
1
2
0
1
5
8
2
1
0
4
1
0
10
5
2
1
3
4
1
0
16
3
7
4
0
1
0
1
2
7
5
3
4
8
0
1
2
6
2
0
1
1
1
1
1
1
4
3
4
0
7
1
4
1
1
4
6
2
1
5
2
4
1
12
3
2
3
0
4
0
1
0
2
5
1
4
1
2
0
20
4
2
1
0
1
2
1
4
4
1
2
4
0
1
4
1
2
0
2
1
0
3
1
2
1
1
1
2
1
1
3
3
6
1
1
15
1
1
0
0
1
0
2
3
1
1
3
2
11
1
5
1
1
27
2
3
4
1
1
1
1
1
3
2
5
1
1
2
0
1
5
3
1
1
1
3
2
1
3
2
16
2
13
1
3
1
1
2
6
2
1
3
1
5
4
7
28
6
1
2
2
3
1
2
2
5
1
2
3
2
1
3
8
7
2
1
2
2
2
2
1
4
1
11
1
2
2
3
4
2
3
0
4
3
2
3
3
2
3
2
1
20
7
8
1
1
1
1
0
3
2
6
4
3
1
1
0
1
2
7
3
3
1
2
3
10
2
2
2
1
2
1
2
2
3
2
3
1
2
4
1
2
0
2
1
2
5
3
2
3
4
12
2
1
1
1
2
2
3
2
4
8
1
1
2
3
9
14
4
0
4
1
1
4
2
2
2
1
2
3
5
2
2
6
2
1
1
2
1
0
0
0
6
2
1
4
0
1
4
1
4
1
2
1
0
1
7
1
1
1
1
2
2
2
8
3
0
3
2
1
0
5
7
5
2
1
2
1
1
3
5
7
1
1
1
0
1
2
2
3
1
1
1
4
1
3
9
4
0
1
4
3
1
1
25
6
0
1
3
1
15
2
2
5
1
2
1
2
1
3
6
1
1
1
1
1
1
2
2
9
1
0
1
1
1
3
2
4
16
2
7
1
0
0
1
1
14
0
10
1
1
1
1
1
17
4
1
1
1
2
1
3
4
1
3
1
0
2
1
11
2
0
1
0
2
0
9
2
2
4
2
1
1
1
2
1
6
1
1
1
0
1
3
6
4
0
1
4
1
2
6
2
7
1
1
1
1
1
1
3
3
0
1
1
1
2
4
1
2
3
0
1
1
1
2
2
1
1
1
3
2
3
2
3
6
0
0
1
1
0
9
4
1
1
0
1
1
1
3
12
4
0
1
0
1
1
15
4
0
2
4
1
3
22
3
6
2
2
0
0
2
5
10
2
2
2
0
2
1
12
2
1
0
6
3
1
2
3
5
7
1
2
1
5
2
4
2
2
0
1
1
1
4
6
3
2
1
0
0
1
2
3
4
1
3
2
1
5
4
6
5
1
2
5
1
2
1
1
3
2
2
1
3
3
2
6
5
0
3
2
2
1
4
3
3
1
4
1
1
2
1
2
2
1
0
0
0
5
9
2
3
0
2
0
2
3
9
4
3
3
4
0
2
43
0
4
1
3
1
20
4
15
1
2
2
1
1
0
2
1
1
2
1
1
1
2
5
2
1
1
5
1
6
0
1
7
6
1
1
2
1
4
1
2
1
0
4
1
2
1
3
0
3
1
1
0
2
1
8
1
3
2
1
3
2
6
6
0
1
1
2
1
0
1
1
2
3
3
2
1
1
7
8
0
1
0
1
2
4
2
1
2
1
2
1
2
1
2
2
1
2
0
0
0
14
3
1
0
1
1
1
1
6
8
2
2
1
1
1
2
2
10
2
1
10
14
3
1
23
1
1
2
2
2
4
2
0
2
1
1
1
19
3
2
1
0
1
1
1
3
3
1
2
3
5
2
9
8
1
1
1
1
5
2
2
2
3
3
1
0
5
1
3
3
1
5
1
2
1
1
2
7
0
0
5
2
0
5
3
15
1
1
2
2
1
3
1
2
2
1
0
0
1
3
3
5
0
5
2
3
2
1
3
2
4
1
1
1
2
2
4
4
0
1
1
1
1
3
3
3
4
3
0
1
4
5
4
1
0
0
0
5
2
1
2
3
1
0
0
4
4
2
1
1
0
0
0
14
2
1
2
0
8
0
1
8
1
5
0
1
0
1
4
3
5
2
1
1
1
1
2
3
3
2
3
1
1
2
2
4
3
2
3
0
0
3
0
3
11
1
2
1
0
1
4
5
2
1
1
1
0
1
2
3
2
1
1
2
0
0
1
3
8
2
2
1
0
0
11
17
5
3
1
2
1
1
4
4
1
1
10
0
0
2
2
2
2
1
11
15
2
1
2
3
0
6
2
4
6
1
2
0
0
3
2
3
1
0
2
1
1
3
6
1
0
2
1
1
16
8
2
0
3
2
2
2
4
4
3
1
1
0
1
1
2
3
1
2
0
1
1
1
1
5
4
2
2
2
2
1
2
4
1
1
1
1
1
1
1
5
3
0
4
2
1
3
2
2
0
2
3
2
2
1
2
2
3
0
1
1
2
2
5
2
3
2
1
0
2
2
5
6
3
1
1
1
2
1
1
3
1
12
1
1
1
2
0
2
1
4
1
1
1
0
0
1
5
5
1
3
1
2
0
1
2
6
1
4
0
2
1
4
4
3
1
2
1
1
2
7
15
1
1
2
0
0
1
3
2
2
1
2
1
2
1
2
7
1
1
1
0
0
1
9
6
1
1
4
1
0
1
1
4
1
1
2
2
1
1
2
10
1
1
3
0
2
0
1
1
1
4
1
1
11
14
9
2
1
3
2
1
0
1
1
1
1
2
3
1
3
4
4
3
5
1
4
7
8
1
3
1
5
1
1
6
0
1
1
3
2
1
1
0
2
0
1
2
4
4
3
2
1
3
6
1
1
1
8
1
4
2
2
2
1
1
4
0
3
2
6
3
3
1
1
1
1
2
1
1
3
0
1
2
1
0
2
3
4
1
2
1
1
0
2
2
1
3
2
1
3
6
6
1
5
2
2
1
2
1
6
2
3
1
2
7
3
1
1
2
3
0
3
0
5
3
1
6
3
0
0
2
1
3
1
1
1
1
2
2
1
0
1
1
1
3
4
1
1
2
0
1
0
6
1
0
2
0
1
1
2
1
1
0
0
9
2
1
1
1
0
1
1
10
2
1
3
9
0
0
1
10
2
1
2
1
1
4
1
12
3
1
2
2
1
4
0
2
1
1
1
0
3
0
2
2
4
1
0
0
1
1
1
9
1
1
1
2
1
2
1
1
1
2
3
0
2
1
0
2
0
0
1
2
3
1
0
4
1
1
1
2
3
1
1
2
15
0
7
0
4
2
4
8
1
1
0
1
1
1
0
1
4
0
0
5
1
1
0
2
2
0
1
1
2
6
5
5
0
0
2
1
3
1
2
1
0
2
0
1
1
2
1
3
2
1
0
0
3
8
5
4
0
4
1
0
1
6
1
3
1
0
1
1
3
1
2
2
3
7
0
1
2
14
8
1
1
1
5
1
5
4
2
4
1
2
2
0
8
4
7
1
0
1
0
1
1
4
3
1
1
3
2
2
9
0
4
1
3
4
2
2
4
1
1
1
2
0
1
1
2
0
4
6
0
10
1
4
6
1
0
3
5
1
2
2
2
0
1
4
3
1
5
1
0
1
0
1
1
0
3
19
1
0
1
4
5
6
1
8
1
1
0
1
5
2
2
1
1
2
4
2
0
1
1
2
1
4
0
1
2
6
1
0
1
0
2
1
4
2
12
1
1
2
1
1
1
1
3
2
0
0
1
1
1
7
16
6
2
1
0
1
3
3
1
5
1
3
0
5
1
1
1
2
1
3
8
3
1
11
3
1
6
2
3
7
0
3
3
15
3
8
2
1
2
1
0
3
1
3
3
1
9
1
1
5
11
3
6
1
1
2
1
8
6
4
1
0
1
3
1
1
15
2
1
3
2
1
1
2
3
3
1
1
1
0
0
1
19
2
4
1
3
4
1
3
5
7
0
1
1
2
2
2
2
2
2
1
3
2
2
3
27
13
2
1
2
1
0
4
2
0
3
4
2
6
1
1
1
1
1
1
1
1
3
5
1
0
1
4
0
1
3
0
0
0
2
2
1
20
3
1
0
1
1
2
2
12
3
3
1
2
1
3
1
13
1
0
1
1
3
1
0
8
2
1
1
2
2
1
1
2
5
2
1
1
0
2
2
5
3
0
1
0
5
0
0
2
1
4
1
0
0
1
1
2
4
2
1
1
1
0
1
11
3
2
0
3
2
1
2
4
1
2
1
2
1
2
0
1
1
1
3
1
2
2
0
1
1
2
4
8
6
1
0
1
2
2
2
1
7
4
0
1
3
0
4
3
1
2
1
1
3
1
1
1
1
0
1
1
2
1
0
2
4
6
3
2
1
1
5
0
1
1
1
1
6
4
2
5
3
8
4
3
7
2
1
1
3
4
1
1
1
4
2
3
2
4
0
0
0
12
5
1
1
1
0
2
1
16
1
1
2
8
1
1
2
1
1
4
7
0
4
1
2
3
2
3
2
1
8
1
1
3
10
9
11
1
1
1
0
5
1
1
2
1
2
1
3
2
4
12
0
8
3
2
4
3
2
3
1
5
0
2
1
6
6
5
3
1
1
0
6
20
0
12
1
1
1
5
5
2
25
8
3
1
2
1
7
3
9
3
2
2
4
1
1
27
4
2
1
3
3
1
2
6
5
2
1
0
2
0
3
2
1
1
1
2
1
2
2
2
2
1
1
0
1
3
0
3
1
2
0
1
0
1
1
1
2
2
2
1
1
0
0
5
4
0
3
1
1
7
2
3
1
6
1
0
1
1
2
2
10
1
1
1
1
1
4
2
4
2
0
1
0
1
2
3
25
0
1
1
3
2
1
3
6
1
1
0
0
2
3
1
1
2
1
1
0
1
1
0
4
1
0
2
1
2
3
8
5
0
3
1
3
1
1
1
2
0
2
4
1
1
5
3
4
9
2
2
1
1
3
3
1
0
0
1
1
2
5
1
3
2
1
0
2
0
3
4
3
3
0
1
4
0
4
6
2
1
2
1
1
1
4
8
3
1
0
1
2
2
3
10
2
2
2
2
1
3
1
4
2
1
1
1
2
1
2
2
2
0
2
1
1
1
1
7
1
0
2
4
1
3
2
2
2
1
3
5
1
2
2
4
2
1
1
2
1
4
2
4
1
1
0
1
2
3
1
16
10
6
3
1
1
1
1
2
1
2
1
3
0
9
0
8
1
1
0
0
7
3
6
2
0
1
0
0
5
0
1
2
2
1
2
1
2
6
3
7
1
3
0
1
9
6
7
1
4
1
1
1
1
2
2
1
2
2
1
4
5
4
1
1
1
2
1
3
2
3
0
0
1
2
0
1
11
1
2
4
1
2
2
1
2
1
0
1
2
3
0
0
2
2
2
1
1
2
1
2
17
2
1
2
3
1
2
5
1
3
2
3
1
4
1
1
2
0
1
0
15
7
3
2
1
2
1
1
1
3
0
1
1
0
1
2
2
7
2
1
2
2
1
1
4
2
1
1
2
1
1
1
3
2
1
1
3
3
3
2
1
2
1
3
1
1
1
1
4
2
1
2
2
5
2
1
4
2
4
0
2
1
4
0
2
2
0
1
1
1
2
1
3
3
3
1
2
2
1
0
1
1
3
2
1
1
1
7
1
1
0
1
7
3
1
4
0
1
1
3
2
2
3
1
1
2
0
6
0
1
3
0
1
1
2
1
3
1
2
1
1
0
2
1
1
1
3
1
7
1
1
2
0
1
1
1
2
2
1
4
1
1
4
1
4
2
1
1
1
1
3
0
5
5
2
1
1
4
7
2
1
2
0
2
2
2
2
1
1
0
1
3
6
3
1
3
4
1
3
4
3
1
2
0
1
1
2
5
1
2
3
2
1
2
3
3
1
0
1
0
0
2
3
1
1
2
2
0
2
2
2
2
3
0
4
0
0
3
1
1
1
0
1
0
1
11
8
1
1
2
3
1
1
1
2
1
2
1
2
0
1
2
2
1
2
2
2
1
0
5
8
5
1
2
2
1
1
4
6
3
2
2
2
0
2
4
3
0
2
1
1
1
1
3
1
3
1
6
1
2
1
2
1
2
1
1
2
2
3
0
1
7
1
1
1
1
1
1
1
4
1
0
2
1
1
1
3
5
3
1
1
1
2
1
1
3
2
3
0
1
1
0
2
4
4
2
1
1
0
1
1
6
2
1
0
5
0
2
1
1
3
2
1
4
0
0
2
2
2
3
0
3
1
2
8
2
4
3
2
0
0
2
1
5
1
0
2
2
0
2
2
1
2
1
9
1
2
1
0
2
1
2
2
1
1
1
0
7
0
1
5
2
1
1
1
7
3
1
0
1
1
1
0
4
4
3
3
1
1
2
1
1
1
1
2
1
2
1
2
2
1
4
2
3
1
2
2
5
3
2
1
2
1
1
3
2
2
0
0
2
2
1
0
6
4
3
1
1
2
1
1
3
23
5
2
2
2
2
6
4
2
2
1
3
1
2
1
1
2
2
1
1
1
0
0
3
3
2
1
1
0
1
2
5
1
3
3
1
2
2
5
5
1
0
1
3
2
3
16
5
2
2
0
3
1
1
2
2
6
1
1
2
2
3
3
2
7
4
1
2
2
1
6
6
4
1
1
2
3
0
2
8
2
3
3
2
1
1
0
2
1
2
1
3
1
5
4
5
4
2
2
3
7
2
3
15
2
2
1
3
1
2
2
5
13
5
3
1
2
3
1
2
3
1
4
3
1
1
0
1
1
1
2
3
3
3
1
2
7
2
22
4
4
2
5
2
8
2
1
4
1
1
3
1
2
1
4
1
1
1
0
1
9
4
7
1
1
2
0
6
7
2
2
3
3
10
4
3
1
4
1
1
2
5
1
2
0
2
1
0
1
2
0
11
2
3
4
1
0
1
0
3
1
2
2
0
3
4
1
4
1
4
1
2
2
1
1
1
2
2
0
1
1
2
1
5
1
2
0
4
5
29
23
2
1
1
2
2
1
3
3
3
1
1
1
7
3
2
3
3
1
1
1
0
5
3
3
1
1
5
1
3
10
22
22
2
2
3
24
3
3
10
2
4
2
6
2
3
8
2
0
0
1
2
1
0
1
3
1
1
4
3
0
0
0
0
2
3
0
2
2
10
3
1
5
14
6
1
0
2
3
1
1
1
2
2
7
4
5
1
1
4
3
14
10
3
3
2
1
0
1
4
12
22
2
2
2
3
2
2
1
4
0
0
0
6
1
8
3
1
3
1
1
4
3
14
21
0
4
2
9
1
1
13
8
9
1
2
5
0
4
5
11
0
1
0
1
0
2
5
3
1
0
0
0
1
2
2
10
2
1
0
1
3
6
0
2
2
2
1
5
2
1
1
1
2
0
2
2
1
2
1
1
7
8
11
13
0
2
2
0
2
1
7
9
0
1
0
3
2
2
2
2
1
0
3
2
1
2
1
5
1
0
2
1
11
10
1
2
2
1
9
1
1
9
1
7
0
7
3
5
4
2
1
2
2
4
1
1
0
2
0
1
0
1
6
11
3
3
0
2
1
1
2
3
3
3
3
3
1
1
1
2
2
1
1
2
1
1
2
4
2
3
1
4
1
2
5
5
1
1
1
2
2
1
1
19
1
3
0
6
0
0
2
9
2
1
1
1
1
1
2
3
2
2
1
1
2
1
6
11
1
3
3
1
8
0
2
7
2
1
0
1
1
1
3
4
5
9
6
0
0
1
3
1
0
1
1
2
1
0
2
1
2
2
7
1
2
3
2
1
1
2
3
0
3
1
13
13
1
3
3
1
45
11
3
1
2
5
3
1
1
3
3
2
5
8
11
4
1
1
1
15
1
2
2
1
6
2
1
2
7
2
14
2
4
3
6
7
9
5
5
1
1
3
2
1
6
3
4
7
1
1
1
0
1
3
2
0
5
0
1
2
2
1
1
0
2
1
3
2
1
2
4
8
1
0
2
1
5
5
1
1
0
1
3
2
2
2
3
1
15
2
3
0
2
5
4
1
2
1
4
1
5
3
2
1
2
3
22
4
5
3
15
3
3
1
0
1
2
6
2
3
2
1
10
4
6
8
6
1
1
6
3
0
8
13
2
2
1
2
4
2
2
5
2
1
2
1
1
1
7
2
20
1
1
1
2
0
1
2
2
3
4
3
1
3
6
1
1
2
0
2
3
0
7
3
2
1
1
1
1
2
5
7
1
1
2
2
0
5
1
3
1
1
1
1
9
4
4
5
0
1
1
1
1
3
3
3
1
3
1
2
7
5
10
5
1
0
2
0
2
3
3
9
0
2
2
0
2
3
1
2
1
1
1
1
1
4
0
2
1
2
2
1
3
1
2
4
2
1
0
0
0
0
1
11
3
4
1
2
2
1
3
2
3
3
0
1
1
3
1
4
3
0
2
0
2
1
5
5
4
3
1
0
2
7
1
4
1
3
0
2
0
1
1
1
0
6
1
5
1
2
1
4
2
3
0
2
1
1
1
5
6
2
2
0
1
2
2
4
2
1
2
0
1
1
1
8
5
1
1
1
1
2
1
0
2
2
1
3
1
0
2
6
1
2
0
1
4
0
0
3
5
10
1
3
1
1
1
1
2
5
2
3
2
0
1
3
4
5
2
1
0
1
2
6
1
2
7
2
2
2
1
2
1
1
2
1
1
0
0
2
4
7
1
1
1
0
1
2
16
5
4
1
2
2
1
2
3
1
1
1
1
1
2
2
3
3
2
3
1
1
1
5
2
10
4
1
2
2
2
6
1
10
2
0
0
1
1
1
3
9
2
0
1
1
1
3
3
1
6
0
0
0
0
1
25
3
3
3
1
1
2
24
8
5
3
1
2
1
1
1
15
4
1
1
0
4
1
8
2
4
1
5
0
1
1
2
4
1
1
1
1
0
0
2
3
3
8
1
0
1
1
0
1
2
0
2
15
3
2
0
0
1
3
2
12
2
2
1
3
0
1
0
2
2
0
0
1
1
1
1
7
5
0
0
0
2
1
10
5
5
1
0
1
2
2
2
4
3
1
1
1
0
1
4
4
4
1
1
2
1
3
1
5
1
1
0
1
3
1
4
1
6
1
0
0
2
1
3
1
10
2
1
0
1
7
1
1
1
0
2
3
4
3
2
1
2
0
1
4
5
3
2
1
0
1
2
1
1
1
3
0
1
2
0
2
1
3
4
0
2
1
0
1
2
1
6
0
1
1
0
3
2
1
1
0
1
2
0
3
1
3
3
0
1
1
1
1
17
1
3
1
1
0
1
3
11
1
1
1
1
2
1
1
1
1
1
11
0
2
0
1
1
1
10
1
1
1
0
3
2
2
7
9
1
0
2
1
1
2
2
0
1
0
1
1
0
2
1
9
1
0
0
5
0
2
9
9
1
1
2
2
3
3
1
1
2
1
1
0
1
1
0
4
2
2
1
0
0
1
1
1
1
1
4
1
0
3
0
1
2
1
1
1
1
1
2
3
2
0
1
3
0
2
2
2
2
1
1
1
1
1
1
1
2
1
1
1
2
1
0
4
1
1
0
1
0
1
1
2
1
1
1
1
0
4
17
3
1
1
1
1
1
3
1
1
0
2
3
1
0
4
0
3
1
3
1
3
1
2
3
1
1
3
1
2
0
3
2
2
0
2
1
1
1
1
1
1
2
1
2
0
1
1
2
5
1
3
2
2
2
2
1
3
1
2
3
1
1
2
0
5
0
5
7
1
0
1
2
2
4
4
1
1
1
2
6
2
0
1
1
1
0
1
1
5
2
3
1
1
1
3
1
1
11
2
4
1
1
2
1
1
2
2
3
1
0
1
0
1
5
6
3
1
0
1
0
6
3
1
2
1
0
4
1
3
2
1
1
1
1
5
2
1
1
1
1
5
1
3
3
8
2
1
1
2
0
2
2
1
6
1
2
1
2
2
2
3
3
0
1
2
1
3
2
2
1
0
2
3
0
2
2
5
4
1
5
1
1
2
1
2
3
1
2
1
2
4
14
4
3
1
2
1
1
2
1
1
2
1
1
2
3
1
1
1
0
3
1
1
1
1
1
2
1
2
7
8
16
6
0
1
1
0
1
2
5
1
2
1
1
1
2
2
1
2
1
2
1
1
3
2
1
1
1
2
1
2
11
1
3
3
1
1
2
0
1
1
0
2
0
3
0
3
5
5
2
3
1
0
1
3
1
1
1
11
19
6
23
10
1
1
1
3
3
1
14
6
1
1
0
2
5
2
2
4
1
2
1
2
1
5
2
2
2
2
2
1
8
24
7
4
1
3
6
1
1
12
5
2
0
1
4
2
9
2
2
1
0
3
0
1
2
3
2
1
0
1
2
1
2
3
1
6
3
1
1
4
2
0
0
2
0
2
1
2
8
7
2
1
1
0
1
7
4
2
6
1
6
3
2
11
6
1
1
1
1
1
4
8
1
1
3
1
2
1
1
2
5
1
1
1
2
0
2
6
1
2
1
0
2
1
0
3
3
2
3
1
1
2
2
1
2
0
2
0
2
1
0
4
1
0
3
4
1
0
2
0
2
3
2
5
2
1
2
2
2
2
1
3
2
2
0
1
1
2
2
4
0
2
1
1
1
2
1
3
2
2
1
0
1
5
0
2
1
2
0
0
1
4
2
14
2
2
1
3
2
3
15
5
4
1
2
0
2
2
5
12
1
1
0
1
1
2
9
6
1
1
0
1
1
2
0
3
16
1
1
1
0
1
3
1
31
1
1
3
4
0
1
0
19
4
3
1
1
1
2
1
3
6
0
3
2
1
3
0
1
2
2
2
1
2
2
0
4
4
1
0
1
1
4
8
8
2
2
1
1
3
2
5
8
5
1
0
1
2
1
17
8
0
0
2
1
1
2
0
3
6
2
0
1
3
1
2
1
17
2
1
0
1
1
1
3
14
2
2
3
3
1
1
8
9
1
1
5
4
2
9
12
4
0
1
4
2
0
6
0
3
1
2
3
4
1
2
0
1
0
1
1
1
0
2
1
5
1
2
0
1
2
2
1
10
9
3
4
1
2
3
2
23
2
2
4
1
1
3
7
3
17
0
3
1
3
1
1
5
25
2
6
2
1
4
1
5
2
0
2
3
1
4
1
1
14
8
10
3
3
2
1
16
3
2
2
3
2
3
2
3
3
1
6
4
1
1
2
3
4
2
10
2
1
0
1
22
6
3
1
1
3
11
3
13
9
1
3
0
3
1
0
1
4
1
1
4
3
1
7
12
3
1
15
1
3
5
17
13
2
2
13
3
12
3
3
1
5
0
1
1
9
5
1
1
1
0
1
2
1
5
2
2
3
2
1
2
2
4
1
0
5
1
1
2
2
2
1
2
2
1
1
2
35
22
1
2
1
5
1
2
3
1
3
1
0
1
2
7
10
2
1
1
1
1
7
14
53
11
2
45
12
1
1
12
2
20
1
7
5
2
10
3
2
1
1
1
1
2
1
13
3
1
1
3
0
1
2
0
4
2
1
1
3
1
1
1
0
0
2
2
6
7
2
3
1
0
1
2
0
2
1
2
2
1
2
13
2
1
2
2
2
1
18
10
5
4
2
2
1
1
1
4
3
1
1
1
1
1
16
12
1
2
1
3
2
0
1
3
1
1
0
2
0
1
0
6
6
4
2
0
1
4
6
3
1
2
2
2
3
3
5
4
2
3
0
3
0
7
5
7
2
1
1
0
4
9
4
1
4
1
0
1
1
3
0
1
2
0
0
1
0
6
8
0
8
1
1
1
2
7
4
4
2
1
0
0
1
3
7
1
0
0
2
2
0
5
1
4
2
8
7
0
1
1
1
0
3
16
2
1
0
1
2
8
6
16
12
1
1
1
1
2
4
3
4
1
1
1
1
3
2
2
4
1
1
0
1
1
5
4
5
1
0
1
1
0
13
2
2
1
2
0
0
1
4
1
1
2
0
1
1
1
3
5
3
2
1
1
3
4
2
6
9
8
2
1
0
1
2
4
27
1
5
6
0
3
1
1
6
1
1
2
2
1
4
2
3
2
1
1
1
5
1
0
4
2
1
0
1
0
3
2
4
2
1
1
2
2
1
2
9
2
6
4
4
2
2
2
13
6
0
1
5
3
1
4
6
6
3
1
1
1
2
2
10
3
2
0
1
1
0
2
1
4
1
7
1
1
1
7
4
27
4
1
1
0
2
2
7
3
2
1
2
1
2
6
2
2
2
1
1
1
1
4
1
2
2
1
0
1
1
4
8
3
11
3
0
1
2
2
2
3
8
1
1
3
6
1
2
5
10
1
1
3
1
0
1
3
6
1
1
1
1
1
0
3
32
1
3
1
3
2
2
5
4
4
1
2
2
1
1
4
2
2
0
1
3
1
1
3
1
5
1
1
3
2
2
1
1
5
3
1
2
7
17
0
1
3
1
1
1
2
2
0
2
1
3
1
0
2
2
4
4
0
1
3
1
2
5
1
3
0
1
6
0
9
5
4
0
1
5
9
0
4
13
0
1
1
1
1
1
12
2
5
3
2
2
1
2
23
1
4
1
2
7
2
2
5
1
0
1
1
4
4
3
2
6
6
1
2
5
7
20
9
1
4
16
3
1
8
1
1
2
2
0
2
4
2
1
1
1
0
2
1
5
1
2
1
1
3
0
3
5
2
1
6
1
12
4
2
2
3
3
1
1
4
1
3
1
1
3
1
2
9
3
5
2
14
1
3
7
5
7
10
10
2
1
4
0
16
4
2
2
3
6
2
3
1
5
2
2
1
1
2
1
6
3
3
2
1
0
1
1
2
4
7
2
1
1
3
4
2
1
1
1
1
2
6
2
6
1
0
2
1
6
8
1
3
1
0
4
2
2
6
2
1
1
2
1
1
1
4
2
3
1
1
1
7
1
3
3
2
2
1
1
1
3
3
1
0
1
0
1
1
1
5
1
1
1
1
4
2
2
1
2
7
11
6
8
2
0
1
1
3
4
4
3
3
1
1
2
7
7
3
5
1
9
1
1
1
5
10
6
2
2
4
2
3
2
8
1
2
2
2
0
6
2
0
3
3
2
2
4
5
2
2
6
6
0
1
1
1
2
3
4
5
2
0
0
1
1
1
1
2
0
5
1
0
2
1
2
2
2
3
0
1
7
4
1
1
1
3
1
1
5
3
11
2
1
2
3
0
1
3
2
0
0
2
0
1
6
6
12
6
1
2
2
0
3
5
5
7
2
2
2
2
2
8
2
12
0
4
2
3
2
2
5
8
4
3
2
2
1
5
2
5
4
1
1
0
1
4
2
0
1
4
1
1
1
1
1
3
3
3
2
2
1
1
4
5
6
16
2
2
3
1
0
2
5
5
2
1
7
0
3
1
1
1
1
1
2
1
1
2
4
1
2
0
2
4
0
3
2
5
2
1
5
3
0
1
6
2
2
0
4
0
1
3
9
2
1
1
5
2
0
3
6
3
2
1
0
6
1
1
3
0
1
0
1
39
3
3
3
0
1
2
1
2
6
2
5
1
1
0
2
4
3
5
1
1
2
1
1
10
4
2
2
2
0
0
0
4
2
1
5
1
0
1
3
4
1
1
1
0
2
1
0
2
1
1
1
2
5
1
1
3
1
1
2
1
3
4
1
0
0
6
6
1
2
3
5
2
2
0
2
0
10
1
1
3
0
6
1
1
2
2
1
1
1
1
2
0
0
3
1
1
2
4
5
5
2
1
1
2
4
4
3
7
1
2
1
1
1
3
3
3
1
1
2
1
2
3
5
3
1
2
1
1
1
1
1
2
3
1
0
3
1
10
6
2
1
0
1
1
13
7
1
3
5
1
0
7
3
1
4
1
2
1
0
5
1
1
3
2
2
1
1
11
3
3
1
1
1
2
2
2
11
5
1
1
1
0
0
2
4
0
1
2
1
1
0
6
2
3
3
8
2
1
2
1
0
5
2
3
5
1
1
1
0
1
7
2
2
3
1
3
0
5
7
2
3
2
0
1
1
3
27
3
0
2
1
0
2
5
4
0
1
3
3
2
2
3
2
3
5
1
4
2
0
2
4
6
2
6
0
2
3
3
4
0
1
1
5
2
0
3
3
5
4
1
1
2
1
0
2
9
6
5
1
1
2
3
0
3
3
5
1
1
2
4
2
10
4
5
1
2
0
2
3
1
3
7
4
4
2
3
3
5
22
8
1
1
1
0
1
4
1
1
1
1
1
1
4
1
1
2
1
1
2
1
0
2
2
2
2
1
1
1
4
1
3
4
8
1
3
6
3
2
1
1
0
3
4
1
3
1
0
8
3
1
1
0
30
1
0
4
5
1
0
2
2
2
1
1
5
1
1
3
3
1
0
5
3
1
3
2
1
2
1
3
4
0
1
1
2
4
15
2
1
1
1
1
1
2
4
1
2
2
0
1
6
5
1
2
1
2
1
1
2
2
3
3
2
0
1
1
2
2
1
1
4
2
1
1
1
5
1
2
4
1
8
6
10
6
3
2
3
0
3
15
15
23
1
5
0
4
3
2
5
1
0
1
2
1
2
3
2
10
1
1
1
1
1
2
4
7
1
0
2
0
7
24
2
2
1
2
4
1
12
3
1
6
1
8
18
2
3
3
3
3
2
4
2
2
3
2
2
1
1
4
3
2
5
1
0
2
2
3
1
4
0
1
2
1
5
2
1
2
1
1
1
3
1
0
1
4
0
0
1
2
2
2
2
0
2
0
1
5
5
1
2
4
4
1
1
6
3
3
1
2
4
0
1
2
1
2
3
12
5
2
11
8
0
6
4
6
8
1
2
1
3
1
4
4
17
2
1
2
2
1
6
1
2
1
0
3
1
3
2
0
10
1
1
0
2
2
0
1
4
8
0
2
1
1
7
1
3
3
2
11
1
0
1
5
1
1
0
4
0
1
1
5
3
1
1
1
4
1
1
3
9
5
1
0
1
1
1
0
2
3
1
3
2
1
4
4
2
2
2
4
6
2
1
3
4
6
1
3
3
2
0
3
3
1
1
3
3
1
11
6
2
1
1
2
2
1
1
1
1
3
4
4
3
0
0
3
2
0
8
10
6
1
9
4
10
6
1
3
3
1
1
2
0
2
6
2
2
3
1
0
2
3
1
2
3
2
1
2
7
15
1
7
13
2
2
2
9
4
8
3
8
5
3
10
2
2
3
6
2
0
1
4
2
2
5
2
1
1
2
3
3
1
4
2
1
3
1
9
2
17
4
2
1
16
4
15
1
6
3
6
1
3
2
0
1
2
1
1
2
2
7
3
1
2
1
2
2
4
1
12
2
4
2
2
2
5
1
2
3
13
3
1
1
1
5
3
5
2
2
1
1
0
1
2
2
3
2
1
1
0
1
6
1
4
7
1
1
0
0
5
5
6
5
1
3
1
2
4
20
3
12
3
6
1
2
6
3
3
3
1
2
1
1
0
1
0
3
1
2
2
1
1
2
1
2
11
9
3
6
1
1
0
16
5
26
1
2
2
0
2
5
2
1
2
1
3
2
1
4
1
2
3
2
0
7
1
1
1
1
31
0
1
0
2
1
4
4
1
1
0
6
1
1
2
3
0
2
2
5
2
1
1
3
1
1
1
1
0
2
1
4
7
1
2
1
5
0
1
6
5
5
1
1
1
3
1
1
1
1
1
1
0
1
1
0
2
2
1
1
1
1
5
2
19
4
2
7
1
2
1
0
14
3
5
1
3
7
3
1
3
3
3
0
1
2
5
1
2
2
4
4
4
2
2
1
8
6
0
3
4
4
4
2
1
3
3
1
2
6
3
2
3
3
0
2
1
3
2
5
4
20
0
1
1
2
3
0
6
2
8
5
10
1
3
0
1
1
0
1
3
5
2
1
2
1
1
1
2
2
6
2
1
1
0
1
2
12
3
26
2
7
1
2
1
1
1
3
7
3
0
1
1
3
2
3
1
9
3
1
1
2
5
6
4
2
0
1
1
0
2
5
2
2
0
1
1
0
4
2
1
1
1
1
1
1
1
1
1
1
6
2
3
2
4
0
2
4
1
1
1
1
1
3
2
3
2
3
3
5
2
2
1
1
3
2
7
2
3
6
3
1
3
2
3
2
2
1
2
1
0
2
1
2
4
1
8
2
2
2
2
3
1
1
1
1
3
2
1
1
2
5
2
3
1
1
2
3
2
1
0
3
2
0
4
5
1
1
1
3
1
1
7
5
1
1
0
1
1
2
4
2
0
1
3
2
0
8
3
3
1
4
1
2
2
1
4
3
3
2
2
1
1
4
2
1
1
2
3
1
4
1
1
3
2
1
7
1
2
0
2
0
2
1
12
1
5
0
1
2
2
1
2
4
1
0
1
4
1
0
0
1
1
1
2
4
2
1
2
2
2
4
4
4
1
4
0
2
4
6
2
0
1
3
2
1
2
1
3
5
22
8
2
1
0
2
4
2
5
3
3
1
5
1
1
18
4
3
10
2
2
5
1
2
4
7
1
3
2
1
0
5
17
6
1
2
0
3
0
5
8
2
0
2
2
0
1
2
2
2
3
4
1
1
1
0
1
1
4
3
6
3
1
0
2
3
2
3
0
5
2
2
1
2
2
2
1
2
2
2
11
1
1
4
2
0
1
0
7
0
1
1
3
0
2
2
3
1
3
1
0
1
2
1
1
2
0
0
3
2
1
0
1
1
1
1
4
4
1
7
0
1
1
3
2
1
2
2
0
1
2
1
1
5
2
0
2
0
0
3
1
2
1
2
3
1
1
6
5
2
12
1
2
3
2
1
3
3
3
1
1
1
1
2
6
2
4
2
9
5
4
