169
147
175
146
136
150
152
274
210
193
138
165
183
203
190
112
148
172
157
111
147
154
219
237
300
218
226
240
306
247
217
205
248
188
202
278
240
218
253
198
220
243
185
220
200
198
149
179
216
187
262
175
208
221
248
294
282
351
316
298
253
323
292
228
251
237
211
241
230
338
288
264
303
272
310
296
332
323
285
337
299
273
309
317
258
232
197
214
226
194
158
234
223
226
223
213
183
237
250
229
250
200
281
231
286
238
291
322
240
263
186
250
214
162
177
62
148
151
134
174
230
34
141
168
122
213
93
164
165
149
21
147
139
104
67
121
157
143
113
186
276
240
227
226
222
217
247
303
278
223
217
235
261
277
212
214
249
257
196
196
206
233
327
283
244
330
278
286
150
196
178
148
148
165
178
132
98
109
113
90
106
194
132
135
148
193
144
185
172
158
237
242
186
207
159
240
142
130
113
123
118
128
121
149
162
114
155
169
127
122
159
131
131
152
130
143
146
148
135
132
213
241
159
147
174
174
281
157
145
172
144
191
208
139
133
137
105
198
243
215
201
193
156
141
169
123
244
248
224
204
276
224
234
198
260
207
248
231
222
190
264
251
267
187
217
251
175
190
151
213
232
265
195
280
288
192
228
208
276
204
334
266
323
292
232
206
246
284
289
273
226
208
250
271
279
223
183
278
314
262
202
251
269
191
287
174
265
160
284
270
218
161
210
227
229
228
259
165
179
212
221
188
191
224
223
212
141
152
238
275
162
157
148
191
177
284
286
313
262
284
271
258
241
321
288
266
242
248
199
262
274
225
225
207
238
196
214
178
228
258
224
284
279
273
217
252
205
173
256
247
204
278
270
255
197
209
207
285
224
250
247
253
191
191
260
232
190
195
186
225
235
283
139
135
165
206
171
140
109
271
321
226
277
271
229
280
204
216
244
222
257
282
291
213
275
253
177
290
216
243
214
226
278
217
223
196
230
323
232
242
218
233
225
249
250
223
247
227
218
221
193
236
232
270
219
254
257
247
193
130
197
231
221
197
186
119
224
190
187
176
222
114
112
117
101
115
197
182
167
191
264
264
236
266
265
291
189
91
110
179
206
217
222
103
95
148
170
160
183
66
103
89
82
95
106
100
89
105
243
223
186
217
238
252
98
212
184
155
147
139
134
85
96
83
93
80
85
151
145
146
120
124
154
148
110
127
157
133
135
146
125
119
95
71
100
96
72
68
86
85
118
128
104
86
126
90
95
84
77
85
163
99
86
115
162
100
147
115
111
108
223
139
167
164
212
249
231
111
160
192
189
199
214
106
122
173
177
158
178
158
163
163
210
198
237
288
261
259
212
251
188
211
195
186
207
227
176
261
202
207
203
183
191
197
165
176
132
145
151
176
227
249
200
246
198
205
173
181
132
139
161
165
154
151
136
173
162
140
106
127
125
158
185
150
109
122
133
118
200
169
127
246
167
223
138
182
152
191
226
202
208
86
95
113
129
124
128
130
185
172
147
153
132
114
113
105
184
142
140
243
204
252
197
177
180
111
159
174
163
201
196
130
196
220
201
283
95
134
171
118
112
133
162
130
159
109
155
187
207
175
228
228
208
183
164
225
170
208
225
193
167
220
160
200
179
175
217
162
250
224
208
213
265
248
290
242
304
243
206
214
222
188
223
134
246
216
213
195
214
160
232
253
174
207
164
233
160
209
145
218
260
213
269
185
310
209
208
204
206
204
166
226
228
258
279
176
146
198
244
284
172
183
209
242
214
176
229
222
209
243
215
231
197
262
295
297
266
239
243
220
195
315
314
237
219
210
196
291
222
239
208
186
267
188
162
182
218
187
226
265
195
176
216
117
170
182
192
187
176
128
173
161
166
160
160
163
110
111
124
115
157
170
172
141
270
266
228
275
208
218
170
149
179
234
178
136
147
89
115
205
186
121
151
172
134
119
103
99
159
139
118
118
264
205
209
179
185
175
219
131
143
162
129
145
126
146
139
193
155
173
162
100
101
83
103
93
126
96
124
110
216
206
221
225
284
251
212
169
260
246
261
238
276
204
206
216
199
215
219
159
182
167
201
183
293
262
270
281
274
283
317
297
330
290
293
258
273
235
246
291
249
290
315
243
251
306
280
278
274
294
287
314
242
236
273
293
312
263
286
280
322
286
250
221
206
211
234
236
190
257
234
217
241
245
211
232
198
222
257
203
240
224
239
235
237
240
262
269
241
254
304
234
247
264
265
242
249
257
259
246
246
244
220
235
209
215
216
190
245
246
223
224
303
266
323
247
300
258
239
176
188
207
265
280
219
230
252
258
316
288
251
258
260
231
217
235
265
240
237
259
298
256
275
329
265
299
203
232
270
240
233
277
247
203
212
169
183
206
185
330
251
280
246
238
269
298
273
263
300
309
297
295
284
349
163
177
199
211
208
180
202
205
229
139
173
130
148
214
149
187
140
164
166
207
177
187
196
209
218
217
199
247
193
225
177
124
132
105
113
218
279
192
194
177
202
201
149
157
124
146
183
192
176
186
237
220
212
203
217
237
167
154
113
204
153
195
164
143
49
189
154
126
103
123
141
285
207
201
92
101
122
159
149
139
135
199
197
184
104
167
157
214
235
255
221
159
129
120
92
91
110
119
206
144
143
192
141
131
141
153
213
202
268
240
208
225
184
202
134
176
128
135
124
245
166
214
142
193
148
189
259
158
191
146
156
113
154
100
190
215
165
167
171
183
212
105
88
165
166
152
98
116
101
168
188
177
105
98
113
128
132
122
94
97
127
114
237
179
147
202
158
164
150
97
127
102
131
114
110
186
222
219
210
149
172
223
231
190
184
200
257
253
202
262
269
212
212
242
232
227
229
179
194
205
196
230
238
194
225
235
215
202
242
257
162
233
224
223
189
231
216
248
228
208
225
224
229
281
184
223
243
133
186
144
205
168
199
134
168
107
162
170
132
171
165
222
150
168
129
186
209
151
188
198
239
217
156
53
129
154
180
205
172
77
161
138
167
182
181
78
113
29
102
50
113
148
153
154
130
254
130
183
254
190
220
206
197
235
203
165
185
196
211
195
131
144
167
204
235
195
126
175
202
139
161
151
198
179
188
131
182
144
170
224
224
228
144
187
158
235
228
179
140
184
149
239
209
173
234
185
218
147
190
169
184
244
199
227
197
215
142
145
166
111
160
122
94
199
176
93
133
109
75
178
108
174
140
79
138
159
149
97
163
134
139
200
124
103
249
174
173
123
143
149
132
192
189
111
171
182
143
258
86
126
165
173
83
118
156
155
121
93
78
180
123
181
209
227
230
160
138
156
144
183
176
182
155
184
182
221
155
120
144
156
136
116
160
153
135
163
152
179
212
213
158
130
135
110
112
109
98
210
234
179
192
192
134
242
237
206
184
135
229
252
235
138
211
184
113
226
151
124
219
258
261
208
166
161
179
199
241
223
208
196
166
272
184
168
147
166
206
177
172
163
216
200
193
206
182
171
150
88
121
122
128
107
108
99
146
139
162
108
132
134
83
82
79
58
121
140
114
95
186
142
131
153
162
92
122
149
114
187
166
168
138
129
107
160
180
147
159
165
167
150
116
111
113
130
140
102
190
144
152
159
245
144
129
142
129
206
199
209
223
167
97
117
83
118
99
153
160
114
160
142
171
140
176
161
244
264
269
248
270
265
92
89
95
95
89
87
114
182
263
164
167
176
186
211
191
168
196
166
219
171
212
202
145
254
245
189
166
243
102
153
206
210
209
216
208
135
94
106
87
129
99
145
169
134
183
141
217
215
175
196
213
205
196
189
225
243
250
162
179
204
159
199
247
205
225
249
172
231
212
231
183
164
210
138
174
187
160
176
148
269
198
127
200
169
237
253
194
257
220
223
176
245
219
290
228
246
207
238
259
287
280
218
234
240
216
254
256
275
240
296
256
239
274
316
244
218
184
229
232
306
281
253
241
233
253
297
243
226
255
275
243
238
252
268
240
243
261
222
281
271
228
100
169
202
233
170
176
118
207
191
215
187
194
173
99
120
154
124
161
217
257
247
231
163
174
210
228
202
147
123
100
140
180
107
106
109
79
147
147
95
58
84
93
152
166
131
76
90
73
84
162
106
76
161
114
121
176
145
122
127
122
117
125
164
111
155
174
157
175
147
212
147
118
159
189
138
140
116
209
160
184
278
242
188
203
181
133
215
234
190
218
336
262
171
205
260
244
267
161
189
240
227
136
143
199
211
194
177
223
204
199
243
244
211
223
211
198
172
168
203
189
189
186
165
149
195
165
161
155
143
198
199
189
164
249
223
222
234
209
236
213
223
146
254
252
294
302
170
138
171
141
240
174
127
221
183
210
226
117
124
176
138
224
234
264
218
259
271
216
128
202
202
175
194
175
160
225
163
163
179
172
156
110
126
120
122
144
167
171
172
237
253
238
243
243
231
113
133
99
133
129
95
135
127
101
146
138
136
149
103
184
151
120
178
140
144
142
140
256
182
251
219
296
222
158
219
169
206
170
204
179
184
194
180
163
154
163
174
227
221
181
222
192
176
166
184
333
331
328
298
356
323
204
141
114
152
163
158
210
145
116
122
127
128
152
87
89
95
101
118
123
129
130
123
286
289
201
305
220
204
145
182
145
245
273
283
230
180
114
155
142
148
132
162
197
157
175
154
127
131
160
137
264
244
220
336
270
267
280
269
232
185
170
195
219
277
211
179
147
153
195
235
142
118
127
174
156
131
128
188
190
204
269
253
250
267
303
272
253
297
243
234
253
259
305
256
221
234
232
270
266
256
258
241
232
203
232
233
241
309
264
237
324
249
210
230
199
330
323
257
260
209
173
197
189
168
189
180
230
234
203
206
184
195
194
186
304
252
289
291
252
234
251
153
215
272
226
209
200
136
208
230
208
181
177
125
139
115
113
107
233
246
259
250
288
264
239
260
258
278
197
216
106
179
245
217
237
153
88
139
158
151
169
134
206
249
242
255
102
117
119
119
208
283
207
243
251
276
200
234
177
187
186
172
179
152
273
236
261
258
174
139
151
142
145
138
225
240
251
149
217
220
190
253
171
142
182
193
199
150
200
193
189
268
194
213
226
216
224
204
246
243
201
288
175
207
185
204
250
233
260
277
285
250
160
171
178
185
217
241
219
121
144
124
145
169
184
164
157
187
163
156
181
197
201
184
244
206
199
260
239
268
116
163
86
99
108
102
133
179
117
118
123
84
132
143
185
178
137
198
148
144
105
142
300
226
195
227
212
199
177
95
133
189
189
208
192
119
182
246
159
158
160
130
116
86
91
102
190
152
153
125
208
203
188
240
233
268
245
221
220
178
202
196
223
212
219
200
205
196
199
316
215
233
216
219
174
198
183
195
260
242
197
284
226
245
298
279
261
178
224
249
261
246
205
183
212
262
238
257
165
204
216
221
156
204
196
229
211
211
172
257
216
234
248
201
247
179
230
242
225
287
265
138
200
226
246
239
139
213
239
239
143
200
244
232
201
181
161
283
251
288
179
130
100
199
194
230
218
145
126
206
192
196
209
231
185
196
160
203
162
154
133
164
212
226
237
235
267
266
180
155
141
128
149
122
155
215
262
140
160
155
148
231
195
177
216
171
175
189
195
156
243
217
178
224
167
163
168
184
209
205
189
150
199
103
126
127
133
88
127
227
240
220
159
199
253
218
184
239
265
247
305
180
247
237
153
123
165
209
200
152
223
113
166
159
133
136
123
159
111
110
103
102
194
175
136
129
230
156
174
150
181
139
125
131
98
115
111
116
95
176
132
161
186
108
86
138
197
192
160
116
181
220
210
209
249
176
163
197
170
222
215
197
191
194
194
193
214
251
199
207
225
218
246
201
207
234
213
246
173
226
197
225
195
181
183
277
302
254
161
182
267
260
176
176
229
101
164
172
183
127
140
209
182
137
168
149
257
179
177
188
217
226
229
186
199
170
153
155
105
159
133
190
104
196
181
172
175
152
141
170
173
190
206
143
122
152
131
127
152
214
151
150
120
166
268
260
294
245
216
216
211
307
255
275
238
259
248
261
305
289
292
283
243
245
221
248
304
299
285
264
295
305
228
295
266
274
243
264
250
257
211
194
226
220
241
271
248
236
253
241
249
208
224
218
265
276
270
305
366
298
244
171
229
223
248
249
235
223
270
192
262
261
212
191
204
202
200
193
180
244
243
201
247
239
283
298
262
264
265
242
235
196
213
243
219
243
251
223
231
261
233
208
185
189
213
199
219
232
207
215
307
254
262
248
294
250
219
273
262
251
247
238
227
221
204
160
171
159
189
330
239
222
216
273
234
218
221
283
273
293
265
268
257
253
289
334
236
267
285
295
283
296
275
265
244
246
280
256
285
302
312
271
236
216
218
252
275
286
274
328
238
273
299
203
218
229
252
241
250
215
231
237
249
246
247
175
171
186
184
179
189
203
251
235
275
217
269
257
279
256
226
250
193
221
216
210
238
230
256
176
225
205
199
250
163
202
178
189
154
208
183
212
246
231
232
264
264
288
282
88
80
224
126
106
185
93
69
226
122
104
188
177
91
74
80
89
66
39
50
69
106
94
180
142
95
114
62
120
113
102
131
187
157
36
120
125
123
71
134
95
104
108
132
120
131
138
115
157
221
106
204
126
259
144
119
168
115
215
203
213
220
103
31
118
140
129
137
104
170
182
151
160
110
96
96
99
226
240
249
201
239
270
105
92
52
101
85
94
112
211
66
139
123
153
118
78
144
117
145
98
35
45
77
86
145
167
87
156
76
104
158
179
113
150
122
41
68
147
159
171
178
122
79
93
127
122
72
49
147
122
94
94
171
119
101
174
131
107
150
151
141
106
111
85
135
133
123
121
108
75
132
169
100
157
79
123
105
121
81
142
105
78
149
82
131
87
173
142
207
78
141
125
165
186
230
65
140
133
187
173
68
120
136
190
82
187
141
202
91
90
88
149
179
210
160
91
179
87
127
158
151
70
136
60
138
149
148
61
26
82
81
112
63
99
122
113
77
60
69
138
126
157
165
158
170
220
165
157
153
292
277
167
218
184
253
261
161
218
184
260
196
258
205
248
197
143
146
236
282
245
204
194
148
132
108
122
131
232
188
166
149
160
178
138
183
162
159
211
87
86
86
99
187
217
236
184
198
209
208
218
190
88
165
167
160
183
174
101
172
136
161
192
82
148
176
159
78
137
146
139
108
75
91
132
196
158
171
174
138
127
139
91
100
164
130
114
121
78
87
171
117
121
75
78
107
124
67
76
154
94
117
104
135
101
210
231
233
156
130
107
135
202
285
169
187
143
180
201
151
118
133
110
164
186
118
204
142
117
137
156
286
141
241
276
202
253
223
186
221
290
274
217
262
232
226
232
233
274
220
211
199
232
193
198
289
220
242
266
249
209
223
212
207
182
182
185
154
206
223
199
174
179
167
215
184
178
195
150
220
199
212
179
198
246
215
211
167
181
195
207
223
164
184
215
203
237
222
187
195
184
237
251
197
189
199
239
196
185
194
208
228
164
211
192
220
255
138
140
173
128
123
110
164
141
137
114
131
109
117
151
185
213
193
180
130
184
163
179
173
158
193
261
168
160
126
86
128
85
134
98
95
142
160
186
190
178
166
96
162
117
112
105
102
185
128
146
140
177
146
145
177
152
194
251
74
134
137
159
174
233
79
167
182
142
187
78
134
144
149
215
74
77
78
48
218
193
106
197
119
108
122
120
149
149
137
93
164
100
112
176
143
175
176
143
133
116
92
128
159
133
99
147
239
182
253
156
265
184
149
101
99
132
38
107
93
93
113
125
83
133
99
8
84
1
72
20
97
145
100
137
80
99
108
90
163
81
98
68
103
110
108
104
89
142
97
161
158
154
166
73
114
114
105
104
90
94
113
111
222
204
178
196
186
209
101
75
93
198
190
201
197
96
94
88
115
97
94
84
62
84
78
78
88
103
90
95
166
156
170
152
159
157
121
79
86
106
92
44
84
91
80
105
104
81
86
136
110
85
183
115
115
105
115
197
93
101
143
87
129
111
251
237
100
216
211
213
201
280
113
214
257
238
226
115
198
214
222
182
77
96
84
74
274
306
308
300
295
323
145
208
114
126
119
143
133
171
88
116
97
112
106
99
132
113
149
136
148
110
143
138
259
260
251
241
237
329
83
86
108
87
93
92
89
72
116
137
132
120
111
138
97
79
70
78
159
138
144
168
286
265
236
313
270
270
136
175
120
99
88
70
91
150
124
109
105
77
99
135
113
103
81
110
108
96
90
100
244
191
235
252
257
234
117
179
143
120
136
118
135
175
170
157
173
163
165
152
157
135
140
136
109
132
125
138
146
131
137
226
202
225
142
208
181
243
219
179
194
216
101
165
142
129
134
137
195
175
174
178
157
198
174
150
295
201
210
207
195
283
178
179
137
176
132
148
135
165
96
155
158
151
145
132
153
130
132
122
96
81
83
92
198
252
221
224
227
262
175
169
191
159
206
190
182
264
165
118
154
165
146
177
120
139
146
124
149
152
139
134
188
149
172
244
183
206
212
174
152
174
151
163
154
199
189
253
191
206
184
335
202
265
324
198
196
241
302
185
211
226
177
320
186
230
175
281
232
214
160
142
104
180
175
118
117
85
74
198
167
138
109
87
197
198
163
131
209
192
133
207
160
195
189
118
139
94
115
78
93
93
201
121
158
101
124
125
126
113
90
112
148
183
125
163
176
169
231
166
202
197
273
124
176
57
78
33
32
116
200
67
68
57
22
196
146
140
122
109
96
119
98
82
138
188
154
136
146
203
212
164
187
176
156
207
81
221
328
149
143
140
84
223
120
120
126
80
138
130
127
79
252
258
117
222
112
120
94
124
136
157
99
118
122
189
151
104
84
110
117
221
159
114
143
152
192
136
184
202
131
164
170
153
164
297
219
62
103
77
75
70
79
63
119
88
85
84
87
122
88
82
82
128
147
140
135
164
253
232
151
306
136
131
191
159
118
185
135
192
162
229
184
166
177
161
155
204
149
150
150
118
106
120
103
93
186
256
230
169
189
231
210
225
200
214
226
237
223
209
162
186
205
180
206
210
187
220
202
230
219
241
238
225
353
305
227
308
266
273
191
182
252
201
220
125
150
217
213
161
207
179
205
205
186
203
193
210
189
244
146
173
239
158
175
171
206
249
301
230
254
159
164
162
173
217
272
135
138
133
153
242
132
141
144
147
118
132
128
136
287
228
241
277
288
296
173
218
174
211
211
235
211
272
245
144
206
220
224
206
187
226
219
219
185
229
241
220
224
236
195
311
290
333
106
175
114
158
155
210
154
184
86
122
151
107
209
131
179
204
183
238
110
113
128
122
173
178
183
182
208
177
314
305
236
238
254
233
206
285
250
242
251
261
226
207
244
251
265
197
194
185
193
248
272
294
209
264
196
212
365
244
215
195
249
218
217
258
237
213
253
243
240
282
211
245
267
268
218
244
225
239
275
233
241
250
264
345
228
205
115
185
187
186
208
258
125
137
190
165
185
148
133
183
161
185
82
106
95
104
160
209
211
257
245
276
0
1
2
3
1
1
2
4
3
5
0
1
1
3
1
0
1
0
2
1
1
1
3
2
5
1
1
4
2
4
1
3
1
2
1
2
2
1
0
1
5
0
1
1
1
1
1
1
7
1
1
2
8
4
1
1
1
1
1
2
4
2
1
6
2
0
1
1
1
1
6
4
3
1
0
4
2
1
3
0
1
1
1
0
3
2
2
3
8
1
1
2
3
1
4
1
1
0
0
3
6
2
1
1
0
2
2
3
2
2
2
2
1
3
2
3
1
3
2
0
0
0
0
2
1
3
1
0
4
0
1
3
2
1
12
1
0
0
2
1
0
2
6
1
4
0
1
7
0
3
4
1
1
1
0
0
1
0
0
0
1
3
1
1
0
2
0
1
3
1
0
1
2
4
2
2
2
1
1
1
1
0
1
1
3
2
4
2
0
1
0
1
1
2
2
2
4
5
4
2
1
5
1
4
1
0
0
2
1
2
1
0
2
1
0
1
1
1
0
2
2
1
0
1
3
1
0
0
1
1
1
2
1
3
1
2
2
1
2
1
2
2
4
3
1
0
1
4
3
2
0
6
0
0
0
4
3
2
2
1
1
1
1
1
3
1
1
1
1
1
1
1
1
4
2
1
1
1
0
1
2
2
1
1
2
1
1
3
2
0
1
2
1
3
1
2
3
5
2
12
1
2
1
2
3
1
1
1
1
1
1
3
6
2
1
3
1
1
0
2
3
5
24
5
2
1
2
1
4
1
4
1
0
10
4
4
3
4
4
3
1
1
1
1
2
5
9
6
2
1
0
1
2
1
1
1
4
1
2
2
7
0
2
1
1
2
0
5
2
8
3
2
1
2
2
14
1
3
2
0
1
1
2
2
0
1
5
1
2
3
1
1
3
3
4
1
1
3
1
1
1
2
0
1
2
1
1
3
1
3
8
1
1
1
1
0
3
1
1
1
3
6
1
1
2
27
2
1
1
2
0
2
6
2
1
0
1
2
1
1
7
13
1
1
2
1
2
0
2
2
1
3
2
2
1
1
3
2
3
1
3
6
1
0
1
3
2
3
1
3
7
2
18
2
0
0
3
19
1
1
0
2
1
2
5
3
3
1
2
2
2
1
8
3
11
1
1
2
2
8
5
4
2
0
1
2
0
6
1
12
0
1
1
1
2
0
12
5
1
1
3
1
0
3
2
2
1
0
1
1
1
7
1
4
1
5
3
4
1
1
2
3
3
2
5
2
1
1
4
3
3
2
2
6
2
1
5
2
1
11
2
2
1
1
0
4
1
2
3
2
1
1
8
7
2
3
2
1
1
2
1
5
2
1
2
9
2
5
23
6
1
1
6
1
3
1
2
2
1
0
1
5
1
1
2
1
1
0
0
1
1
0
0
1
2
2
0
1
1
2
4
1
1
3
0
3
1
2
1
1
0
1
1
4
3
1
2
1
2
2
3
3
2
2
1
0
0
0
1
2
2
0
0
1
2
0
1
1
0
1
1
1
1
0
3
1
1
0
1
1
0
1
2
1
0
0
1
1
1
0
3
3
6
1
1
2
1
0
8
3
2
0
2
1
1
0
1
2
0
2
1
0
0
1
2
1
2
2
2
0
0
0
3
1
2
1
2
4
0
0
4
3
5
1
7
4
0
1
4
2
2
1
5
1
0
1
6
9
5
1
7
1
1
1
2
1
2
1
1
1
1
1
1
1
1
1
3
1
1
1
1
3
1
1
3
2
1
0
1
3
0
1
3
3
1
5
1
1
4
1
1
1
1
0
1
1
1
1
6
2
2
0
1
0
0
1
2
0
1
1
1
0
1
1
3
2
1
1
2
1
6
4
0
2
1
2
2
0
1
3
1
2
5
0
3
3
1
2
2
0
1
1
1
1
0
7
1
2
1
1
2
3
0
3
1
1
4
1
1
1
0
1
1
0
1
0
1
1
1
1
3
1
2
1
1
0
2
2
2
3
1
2
1
0
1
2
4
1
2
1
1
1
2
4
1
4
3
2
4
6
1
1
2
1
0
4
4
3
1
1
4
1
0
1
1
2
2
7
5
2
1
2
1
2
1
1
1
5
1
1
1
1
0
1
1
5
1
1
2
2
1
1
63
4
4
2
4
0
2
0
3
1
5
2
0
1
5
2
3
1
1
0
1
2
5
9
3
1
3
5
0
2
2
3
0
3
0
1
2
0
1
5
3
0
2
0
1
2
2
6
1
2
1
1
1
5
2
2
3
1
1
3
0
2
0
2
0
17
3
5
0
1
1
2
4
2
1
5
6
1
17
10
2
1
1
2
1
1
3
1
1
1
4
3
3
1
1
6
2
1
2
1
4
2
1
1
3
1
3
3
3
2
2
5
6
3
2
10
1
1
2
4
5
1
2
2
1
3
1
8
9
1
1
8
1
2
3
1
7
1
4
2
2
0
6
2
7
1
1
4
2
1
3
2
5
3
5
2
1
1
3
2
2
1
1
2
1
3
14
3
1
1
2
1
0
6
8
3
2
1
2
2
2
1
5
3
1
2
0
1
1
1
2
2
3
1
1
4
3
2
2
2
3
2
6
3
1
1
4
1
2
0
2
0
1
1
2
0
2
1
4
2
1
5
2
1
2
2
10
2
1
1
8
1
4
3
2
0
3
3
2
2
0
1
1
2
1
2
2
1
2
2
2
1
1
0
1
1
9
2
4
2
2
2
1
3
3
2
7
0
1
1
2
2
2
3
1
1
1
2
2
3
2
3
6
1
1
1
1
3
1
3
2
1
2
1
1
6
1
5
2
0
3
2
6
4
2
3
0
1
1
4
4
2
2
3
1
0
1
1
4
2
1
3
1
1
1
2
4
5
1
5
1
0
1
0
1
1
2
2
1
0
0
2
3
2
2
2
1
1
0
0
5
1
2
2
1
1
5
1
2
2
4
4
1
1
2
1
4
2
3
4
0
2
0
0
1
4
2
4
1
2
2
1
31
3
1
2
3
4
3
1
4
1
1
1
1
1
1
5
1
2
1
3
2
0
3
3
3
2
1
2
1
1
0
6
0
3
2
2
2
2
0
1
1
3
1
1
1
2
0
2
5
1
2
3
1
0
0
1
6
1
2
3
1
4
1
3
3
0
1
0
3
3
7
7
2
1
2
1
2
9
0
8
3
1
3
2
2
1
3
1
1
1
1
1
0
2
5
3
2
0
1
2
3
2
8
3
1
2
4
0
1
6
8
3
8
1
2
3
4
3
1
0
0
1
0
1
0
4
2
1
6
0
2
1
1
1
1
1
1
1
1
0
2
25
1
1
4
5
1
2
12
5
2
0
4
3
1
2
1
2
1
1
1
3
1
1
0
4
0
2
1
1
0
0
2
1
2
1
1
5
1
1
1
1
1
1
8
3
0
2
12
1
2
1
1
2
3
3
3
2
2
3
0
1
2
0
10
1
1
0
1
3
1
7
4
0
0
1
0
1
0
1
15
1
1
3
2
2
0
1
0
0
2
2
1
3
2
7
3
1
2
3
0
4
3
2
2
3
4
1
0
1
3
4
3
1
3
3
2
4
1
3
1
1
2
1
2
1
0
2
5
0
2
0
2
1
1
3
1
1
2
0
2
1
1
9
9
2
19
5
2
0
7
4
2
1
1
1
6
2
2
2
2
1
1
1
2
1
0
4
4
1
0
1
5
2
0
1
0
1
3
1
1
1
1
1
1
1
12
3
4
0
1
1
2
0
1
2
3
2
0
1
3
1
2
8
1
1
1
1
4
5
8
2
0
2
2
1
2
4
5
8
2
0
1
3
0
2
0
1
1
0
1
0
0
1
2
2
1
3
2
3
2
3
13
2
7
6
3
1
3
5
3
1
1
1
0
1
1
2
1
1
1
0
1
2
1
7
2
2
0
1
2
1
1
3
1
4
2
1
0
5
1
1
2
1
1
2
1
2
0
2
2
2
2
2
2
6
3
1
3
1
0
0
1
3
4
3
0
1
2
1
2
4
3
3
0
1
1
1
1
6
1
2
2
1
1
2
1
9
4
4
1
1
1
1
0
3
1
2
0
2
1
0
4
4
1
4
1
2
1
3
2
0
1
2
0
0
1
1
3
6
3
3
1
0
1
1
2
4
6
0
1
1
1
0
2
1
3
2
2
1
1
1
5
3
2
2
1
6
2
1
1
3
4
5
0
1
2
1
2
6
1
1
0
2
0
1
2
4
1
2
1
1
1
3
2
0
2
1
6
4
1
2
1
2
3
3
2
4
1
2
1
1
3
2
1
2
0
2
0
1
3
2
4
3
2
3
2
3
3
6
12
3
2
1
1
0
2
1
2
2
1
0
1
0
2
1
2
1
4
1
0
1
1
3
3
1
1
1
1
1
1
6
3
3
1
1
1
4
2
2
12
1
1
0
3
1
2
2
2
1
1
1
2
0
5
5
4
3
2
1
1
1
3
1
4
2
1
3
1
7
2
1
3
3
1
1
1
2
3
1
4
1
1
2
1
1
4
2
1
2
2
2
1
1
1
4
3
2
1
3
3
0
1
3
2
31
1
2
1
5
4
3
23
19
1
1
9
0
1
1
2
4
1
4
2
2
1
0
3
4
1
1
1
6
2
2
9
0
1
1
2
0
1
1
1
2
1
2
1
1
1
2
4
25
1
1
1
3
0
0
2
0
1
12
7
0
0
0
10
0
3
5
1
1
2
1
11
1
2
1
3
0
0
0
2
3
1
1
1
0
2
1
7
1
1
2
0
1
0
1
7
2
1
5
2
2
6
2
4
0
1
1
0
2
2
1
3
2
1
2
3
1
1
1
1
1
1
2
3
0
1
1
8
1
2
0
0
1
1
1
2
4
4
4
3
1
16
11
3
1
1
1
2
1
1
1
3
1
2
6
1
1
1
1
1
2
3
1
4
0
0
2
1
2
2
0
1
0
1
1
1
1
3
2
2
1
1
2
9
3
0
2
2
1
1
1
2
10
1
4
2
1
1
23
2
1
2
1
1
2
4
4
0
0
1
6
1
3
1
1
1
1
1
0
1
0
2
1
1
2
2
2
2
3
2
2
3
7
9
1
3
5
5
6
1
4
3
0
1
5
2
9
1
2
1
1
4
1
1
0
0
1
2
2
1
2
1
1
0
1
1
1
1
0
1
4
1
1
2
2
2
1
2
3
6
3
3
1
4
2
0
3
1
1
3
1
1
2
1
3
1
2
15
0
1
1
1
1
1
3
4
1
1
1
1
1
1
6
1
0
3
2
0
3
0
2
3
1
2
1
14
2
1
1
1
1
1
1
2
2
0
2
1
2
4
1
1
2
0
1
2
1
0
1
5
2
1
4
1
0
2
2
0
1
1
2
0
1
0
1
5
2
2
1
0
1
2
2
2
3
2
2
1
1
2
1
2
1
1
2
1
2
0
2
2
3
1
3
2
1
0
1
2
1
3
1
1
2
1
4
4
10
2
7
15
43
1
4
2
2
1
0
2
0
1
3
4
3
1
0
1
3
1
1
2
2
0
1
1
3
2
1
2
1
1
1
1
5
4
9
5
4
1
1
2
2
1
2
4
2
2
1
2
1
2
1
22
1
4
1
3
3
6
8
2
4
1
2
2
1
1
3
5
1
2
1
2
0
0
2
2
1
2
1
1
1
2
7
12
3
1
0
1
2
2
8
2
4
4
1
2
1
9
4
24
1
3
3
2
1
5
0
2
1
2
2
1
1
5
4
5
0
1
1
4
1
1
1
1
6
1
3
2
10
0
2
21
5
0
1
2
2
1
2
3
0
1
2
3
4
3
1
3
1
2
1
2
6
1
1
1
2
2
2
2
3
2
0
1
2
0
4
1
2
0
2
4
2
2
0
4
11
3
2
1
2
1
4
8
2
2
1
2
1
2
8
4
0
2
2
2
1
0
2
7
1
2
1
2
2
2
4
3
0
1
2
2
1
3
11
4
1
3
3
0
4
5
11
2
0
4
2
2
1
9
2
3
1
2
3
4
4
3
2
2
1
2
1
2
2
4
3
8
3
5
1
2
1
3
2
5
2
2
1
1
2
5
14
9
1
2
2
5
1
0
2
1
2
4
3
6
1
3
3
2
1
3
1
2
1
0
1
2
0
2
1
3
1
2
1
2
3
2
1
1
1
1
3
2
1
0
2
8
2
1
3
2
4
3
5
1
2
1
3
2
3
3
3
1
2
1
2
1
2
2
1
2
2
1
1
1
3
2
4
0
1
1
1
1
2
4
3
2
2
4
2
2
3
3
3
2
1
3
4
1
2
4
1
1
1
1
1
5
1
3
1
0
1
1
3
1
4
3
3
1
1
1
4
1
6
1
3
6
1
0
1
13
4
2
0
1
2
1
5
2
1
1
0
0
1
2
1
6
2
0
1
1
1
1
1
2
1
2
1
1
5
2
2
1
0
1
0
0
1
1
3
0
1
1
1
2
0
1
1
5
3
2
1
1
2
2
1
2
1
2
1
1
2
2
1
1
1
1
0
1
1
2
1
0
2
0
0
1
2
1
2
1
3
1
1
0
0
1
0
2
1
1
1
2
1
3
3
2
1
1
2
4
1
1
4
5
4
0
2
1
1
3
0
1
0
1
3
1
2
2
2
6
3
0
0
1
1
1
1
1
1
16
11
2
1
1
2
2
4
2
2
0
0
1
1
1
4
3
1
0
1
2
0
4
1
1
2
1
0
1
1
1
0
1
2
1
0
2
0
3
5
6
0
1
2
3
1
2
2
3
2
2
0
3
1
2
3
5
2
3
1
2
1
1
1
3
0
0
1
1
0
4
5
3
1
1
0
1
0
2
4
2
1
1
1
1
0
1
3
3
2
2
1
1
1
4
9
12
3
1
1
1
0
2
6
9
0
0
1
2
1
1
0
1
1
0
3
1
0
1
4
4
0
1
2
1
1
2
1
0
9
2
2
1
1
1
1
3
5
1
1
8
1
0
1
3
2
1
4
1
4
1
2
8
2
2
9
2
1
1
2
3
2
2
2
0
1
0
6
2
4
1
2
1
3
1
1
5
1
1
6
4
1
1
2
19
0
1
17
3
1
1
2
7
1
0
2
1
1
0
1
3
1
1
1
2
0
1
2
3
1
0
1
2
1
1
3
4
1
5
3
1
2
4
4
6
1
2
1
1
0
1
1
2
1
1
2
2
1
1
2
1
0
1
5
4
1
1
0
3
1
2
1
1
1
2
2
2
1
3
1
2
2
0
2
5
1
1
3
1
1
6
3
1
1
0
2
1
1
4
1
3
2
1
1
0
1
1
1
2
2
1
1
0
2
1
3
7
9
1
2
1
1
2
4
0
2
2
2
1
1
2
15
1
1
1
3
0
2
1
3
1
2
1
1
1
3
1
1
1
2
2
0
1
2
1
5
1
4
2
3
1
9
4
2
0
7
4
2
0
2
3
6
1
5
2
2
1
2
2
2
1
1
1
1
2
2
2
2
1
1
2
4
0
2
2
2
1
1
1
1
1
1
2
1
3
4
5
0
0
1
1
2
4
5
2
2
1
3
1
4
1
2
8
0
0
1
1
1
2
5
3
4
0
0
1
1
1
2
5
1
1
2
1
4
1
3
3
1
0
2
5
2
2
3
0
2
1
2
4
3
2
6
1
1
0
2
1
6
1
3
1
1
0
4
4
2
1
4
3
1
1
0
1
1
3
6
0
1
0
2
3
4
3
2
1
0
0
1
4
5
1
2
2
1
1
3
2
1
4
9
1
1
0
1
1
3
4
3
2
1
0
4
6
5
6
3
1
2
0
2
6
2
2
1
2
1
1
6
4
2
2
3
1
2
1
6
5
9
0
3
4
1
7
4
10
3
2
11
0
3
3
5
1
1
1
2
1
0
3
2
4
2
1
3
1
3
1
4
10
1
0
1
1
1
1
3
3
2
2
1
0
2
1
3
3
2
1
1
1
4
1
4
2
1
1
1
2
3
0
4
6
2
1
0
1
2
0
5
1
1
4
1
1
1
1
4
2
2
1
1
2
1
1
2
5
1
1
1
1
2
2
2
2
2
2
0
1
4
3
4
6
2
2
2
3
23
1
3
1
0
3
3
6
1
1
1
1
2
1
3
6
17
1
0
2
1
5
4
10
7
3
3
1
1
2
5
2
5
1
1
8
0
4
0
1
3
0
1
1
2
1
2
3
2
2
1
0
1
1
11
2
1
2
1
1
1
2
1
2
3
4
1
3
0
2
4
5
1
1
1
2
1
3
2
2
1
4
1
2
3
2
3
4
0
0
1
1
2
4
1
1
1
6
1
2
0
2
11
1
1
1
2
1
0
5
2
1
1
2
2
0
5
15
5
1
0
1
2
2
1
11
0
0
2
9
3
12
1
2
1
3
2
14
21
9
1
1
0
1
0
4
2
8
2
1
1
2
1
1
7
3
0
1
3
1
4
0
3
7
1
1
3
3
2
6
6
1
0
1
2
1
1
5
9
3
1
2
1
1
0
1
3
2
1
1
2
1
1
7
5
1
1
3
1
1
2
3
2
4
1
1
1
3
2
5
4
3
9
1
2
1
5
10
1
2
4
1
1
4
3
22
5
4
2
2
1
3
4
4
7
1
1
1
1
3
5
7
3
5
2
2
1
1
2
0
1
2
2
1
8
6
3
2
1
2
1
2
4
4
4
2
0
4
1
2
5
7
3
3
1
1
2
2
13
9
5
8
2
2
0
1
9
4
1
2
1
1
5
13
9
5
2
2
8
2
3
9
7
2
3
1
2
0
1
14
10
2
9
2
1
1
1
5
6
5
1
1
0
2
1
10
7
2
2
1
4
1
1
15
6
2
1
2
3
1
0
10
4
14
2
0
0
0
1
3
8
3
1
3
6
0
1
2
4
1
1
1
1
1
0
3
1
5
1
3
1
6
1
3
2
1
6
4
4
4
3
1
5
2
5
4
1
1
1
1
0
1
1
1
2
1
1
0
1
1
21
4
1
1
0
1
1
5
3
6
1
2
4
0
1
3
2
3
1
3
1
1
4
3
4
3
1
1
1
0
2
2
2
7
2
3
3
1
3
1
4
10
2
1
0
1
1
7
5
25
1
5
2
2
26
1
4
4
1
1
2
0
0
3
3
7
1
2
1
1
1
7
2
2
1
2
1
1
2
6
2
10
2
12
2
2
2
2
3
5
4
1
2
1
5
2
2
19
8
2
1
3
4
3
2
3
5
1
2
5
3
2
1
13
5
1
1
1
1
1
2
1
3
3
4
1
5
2
1
4
2
1
2
3
2
2
4
7
2
3
1
0
17
7
3
2
2
1
2
1
4
2
5
4
2
0
1
2
0
5
3
3
2
1
1
1
5
8
2
5
1
1
1
1
2
1
1
11
1
2
3
1
1
2
2
3
1
3
5
0
1
14
7
3
1
1
1
1
2
2
2
2
4
1
1
1
6
7
13
5
4
3
1
1
2
4
2
3
1
3
2
2
1
3
10
3
4
1
1
1
1
1
1
13
2
2
6
0
1
9
1
2
2
3
1
0
2
7
1
1
2
0
2
1
4
9
1
0
3
0
2
1
5
15
7
1
2
0
0
0
2
6
2
0
1
1
0
2
2
6
8
1
1
2
2
1
3
7
3
0
1
1
2
4
1
14
6
0
4
1
1
2
3
2
4
0
1
0
2
0
8
6
1
2
1
2
2
0
4
2
8
1
1
1
1
1
4
2
2
18
4
4
1
0
1
0
2
8
1
13
3
4
1
2
4
15
5
1
2
0
2
0
3
2
1
1
1
4
2
1
15
2
1
3
2
1
1
10
3
2
5
0
1
2
1
3
1
4
1
0
1
0
1
4
5
2
4
1
1
1
2
7
3
4
1
1
3
2
1
1
7
4
1
1
2
1
2
5
2
2
5
2
0
0
0
2
3
3
1
1
5
2
4
3
2
4
2
0
0
1
0
4
3
2
1
0
3
1
2
5
9
6
1
0
2
2
3
17
4
1
1
2
2
1
22
6
3
0
2
0
0
2
2
4
1
5
1
1
2
2
7
3
7
2
3
4
3
1
7
3
6
2
1
1
3
2
4
3
1
2
1
1
1
12
4
4
1
0
3
1
1
2
8
2
1
5
0
1
2
2
2
4
4
1
3
0
3
2
4
2
1
3
1
4
2
1
10
7
2
7
4
0
0
5
2
1
1
4
3
3
2
2
1
1
1
0
1
0
4
8
5
2
0
2
0
2
3
12
3
3
2
3
0
2
31
0
2
2
2
1
21
4
17
0
4
2
1
2
2
1
3
1
2
1
3
0
2
5
2
2
1
5
3
6
0
2
7
1
3
1
5
2
14
2
1
3
0
1
0
1
1
4
0
2
1
0
1
1
1
5
1
2
3
0
3
2
5
10
1
1
2
3
2
1
3
1
2
4
4
1
1
1
4
4
1
2
1
1
1
6
2
1
4
2
2
3
5
4
3
1
1
1
1
0
1
11
1
3
1
1
0
1
1
5
3
2
1
2
1
2
1
3
4
4
0
9
11
3
2
14
2
5
3
2
2
12
1
1
1
1
1
2
28
1
3
1
2
1
4
1
2
6
4
3
2
5
2
3
5
1
1
1
1
4
2
3
6
0
2
2
3
2
1
3
4
1
3
1
1
2
2
2
6
1
1
9
2
1
6
4
8
2
1
2
2
1
2
3
2
2
4
1
2
3
1
2
5
1
2
4
1
1
2
3
2
2
2
2
2
2
5
2
4
1
0
1
1
1
4
2
8
2
3
0
2
3
2
6
1
3
1
2
2
3
4
2
1
2
1
2
7
2
2
5
2
0
1
0
12
2
1
3
1
8
0
1
8
0
4
1
1
4
0
1
2
1
0
1
1
1
1
5
7
6
2
6
2
2
0
2
7
5
1
3
0
2
1
3
1
10
0
2
2
0
1
7
11
2
2
1
0
1
0
1
1
2
1
0
1
0
1
1
7
2
2
2
5
0
2
12
20
6
2
1
1
0
1
3
7
1
1
3
1
2
2
2
2
3
2
7
10
3
0
2
0
1
5
1
9
4
0
2
0
1
2
2
5
1
1
1
1
2
5
6
3
0
5
1
0
9
8
2
1
1
1
3
6
1
3
5
1
1
1
1
1
3
4
3
1
1
2
2
1
4
3
9
3
1
2
1
2
4
3
1
3
3
0
1
1
2
4
4
0
2
2
0
3
2
2
1
3
1
0
1
1
1
3
4
1
2
1
1
1
7
4
5
3
1
2
3
0
2
5
7
2
1
1
3
1
3
2
1
12
1
1
1
3
0
4
4
3
2
1
1
0
3
2
3
12
2
2
3
0
0
2
5
3
2
7
0
2
4
3
7
2
3
2
2
1
3
6
5
2
1
2
1
1
1
4
3
1
1
3
1
4
1
2
8
2
0
2
1
1
1
7
6
3
2
3
1
0
1
2
5
5
1
3
1
1
1
1
11
2
2
3
0
0
1
1
7
2
5
1
2
5
6
12
5
3
1
2
1
1
2
0
2
3
1
1
2
1
4
2
2
2
4
1
7
2
1
8
3
3
1
2
8
1
1
1
5
2
0
2
1
1
1
1
3
4
8
5
4
1
5
7
3
2
0
7
1
8
3
2
2
1
1
3
2
4
8
5
1
3
1
1
2
1
2
4
1
2
0
0
0
1
2
2
3
1
1
3
2
3
2
4
2
1
0
2
2
4
3
4
2
2
2
2
3
2
4
3
2
3
2
2
7
2
3
2
3
2
1
2
1
2
8
2
2
2
1
2
3
2
5
1
1
1
4
2
1
0
1
2
1
1
5
1
0
1
4
0
1
1
7
1
2
1
1
2
1
2
4
2
0
1
3
3
1
1
0
1
1
0
10
1
1
1
3
0
1
1
11
4
1
3
1
1
1
2
7
2
2
3
3
0
3
0
1
2
1
1
1
1
0
1
6
2
0
1
1
1
1
1
5
2
2
2
1
1
2
2
2
2
1
5
1
1
1
0
3
1
1
1
2
2
0
0
5
1
2
3
1
3
1
1
1
11
1
3
0
5
3
6
5
1
1
1
4
1
1
2
2
13
3
2
5
1
2
0
2
2
1
1
7
4
4
3
7
1
1
0
2
3
3
1
1
0
1
1
2
4
3
2
3
2
2
1
1
2
13
11
2
2
2
1
0
1
5
3
1
0
1
3
1
7
4
5
4
4
6
1
1
1
8
18
4
3
2
10
1
5
5
3
1
1
1
7
1
5
6
5
3
1
1
0
2
4
2
3
1
1
2
2
3
4
1
6
3
5
1
1
1
3
2
1
1
0
1
1
1
1
0
1
13
1
9
1
6
4
1
1
3
12
2
3
3
1
0
0
4
3
1
4
3
1
2
0
1
1
1
3
13
1
1
1
1
3
5
2
6
0
0
2
3
2
6
2
5
2
2
2
2
2
2
1
7
1
5
1
0
2
4
3
2
1
2
3
2
4
1
7
2
1
1
1
1
4
2
2
2
0
1
1
1
2
3
8
6
2
1
1
5
1
2
0
4
2
4
1
3
1
2
0
1
2
3
2
2
1
7
5
1
7
4
2
5
1
3
2
11
4
5
3
2
1
2
1
2
5
2
3
1
4
2
2
5
15
3
7
2
1
5
5
8
6
2
4
1
1
4
1
3
9
0
1
4
1
3
1
3
3
5
4
4
4
3
0
2
29
4
3
1
5
4
0
2
6
4
1
3
1
2
4
2
6
2
2
1
1
1
2
1
28
9
6
3
3
2
2
2
5
1
2
4
2
3
4
3
2
1
2
1
1
2
1
3
2
1
1
7
1
1
2
1
1
1
4
0
1
20
2
0
0
1
1
1
1
7
4
2
1
3
2
0
1
13
2
1
2
1
1
0
0
9
1
2
1
1
1
0
1
4
5
3
1
1
1
3
1
6
2
2
1
1
4
1
1
4
2
2
1
2
2
0
1
3
3
2
1
1
2
0
1
9
4
2
0
2
3
0
1
5
6
1
2
1
2
4
1
2
0
1
2
1
4
1
0
0
0
6
3
3
6
1
0
1
1
5
3
2
6
1
1
3
2
1
2
1
4
0
1
0
4
2
2
2
1
1
1
1
2
2
1
3
4
3
2
4
3
3
0
1
4
2
3
3
0
5
2
5
1
3
1
1
3
3
2
2
2
5
2
1
1
4
1
8
5
1
1
1
1
8
5
2
2
1
2
3
1
9
2
1
2
2
1
2
2
2
1
4
12
0
1
2
1
1
5
1
3
2
7
1
0
2
11
11
4
1
1
1
0
5
2
1
4
1
1
1
3
1
8
3
1
7
5
1
5
4
2
2
1
13
5
3
2
2
3
3
2
0
2
2
13
24
1
10
1
1
1
1
8
4
21
6
3
2
1
2
5
6
7
5
1
8
3
1
1
26
5
5
1
2
2
4
2
4
5
3
1
0
3
2
4
1
0
6
1
2
1
1
1
1
1
2
1
1
0
5
0
5
1
3
2
2
2
1
1
1
1
2
1
2
1
2
1
11
4
1
1
0
0
5
3
5
3
1
3
1
1
3
8
6
7
0
1
2
1
1
3
4
3
1
1
0
0
4
2
4
25
1
1
2
1
3
3
3
4
1
1
2
2
5
1
1
2
1
1
3
2
5
1
1
4
0
2
3
1
1
5
2
4
1
2
3
4
1
2
4
5
1
1
2
1
5
11
3
2
4
4
3
1
1
2
3
1
0
0
2
1
0
5
0
7
2
1
1
1
0
1
2
2
3
0
0
2
1
1
5
2
2
3
2
0
1
4
8
3
1
1
1
0
0
6
4
1
1
2
2
0
1
1
2
1
1
3
2
2
1
1
1
4
0
1
2
2
1
1
3
1
1
1
3
1
0
2
1
6
2
1
4
2
1
1
1
2
1
2
3
0
0
2
6
5
2
1
3
1
2
0
24
9
4
1
1
1
3
1
1
1
2
0
3
0
16
1
11
1
0
0
1
7
7
10
1
0
2
1
2
2
3
1
1
1
3
2
3
2
4
2
5
1
4
1
2
6
9
7
2
3
0
1
1
1
3
1
1
1
4
1
2
6
3
3
3
2
4
2
1
2
2
2
2
1
1
0
5
4
3
3
1
1
1
4
2
6
3
0
0
2
1
0
1
4
3
1
2
3
1
2
2
19
3
2
3
0
1
0
3
2
2
1
3
1
4
2
1
2
0
1
0
7
4
5
1
1
2
0
3
3
1
2
2
1
2
1
1
3
6
2
4
1
2
1
1
4
2
2
1
1
2
0
0
1
2
2
1
3
1
1
3
1
1
3
4
2
2
1
2
3
1
3
3
2
4
2
1
1
1
3
2
1
0
3
1
1
3
1
2
1
1
3
1
2
3
7
1
2
2
1
4
1
0
2
1
1
1
2
8
3
1
2
1
7
1
2
3
1
2
1
4
2
3
4
1
1
1
1
6
1
1
9
2
2
2
3
3
4
3
6
1
2
1
1
6
1
1
10
3
2
1
1
2
1
0
2
1
1
1
3
3
3
2
8
1
4
1
1
1
1
1
4
1
6
5
1
1
1
6
11
0
1
2
0
2
2
1
5
1
2
1
1
2
6
5
2
7
6
0
2
3
4
3
0
1
1
1
2
5
1
2
1
1
1
1
3
2
2
2
2
1
1
2
2
2
1
1
1
1
1
4
8
3
2
0
1
1
1
2
4
1
2
1
1
1
1
12
4
7
1
2
0
2
0
4
4
2
5
5
1
1
1
2
1
1
2
1
1
0
0
6
10
7
3
1
3
3
1
3
9
7
2
3
1
1
1
3
6
2
1
1
1
1
3
1
2
3
2
6
4
1
0
0
1
1
1
2
2
1
6
1
1
5
5
2
0
1
1
2
1
3
2
1
1
4
1
1
2
3
4
1
4
2
0
2
2
2
6
3
0
1
1
2
2
8
4
1
1
2
0
0
1
2
2
1
0
4
1
1
2
0
2
2
2
0
0
1
2
2
1
3
0
1
2
1
6
4
3
4
1
1
1
1
1
2
2
0
1
2
1
2
3
2
1
1
11
2
1
2
1
2
4
2
1
2
1
0
0
3
1
1
3
1
1
1
2
7
4
0
1
2
1
1
2
1
6
4
7
2
1
1
1
2
3
4
2
1
2
0
1
2
3
3
1
2
2
0
2
2
3
1
1
2
1
1
4
2
1
3
1
5
2
2
1
8
1
4
1
1
3
1
3
1
20
3
3
2
2
1
4
5
1
2
0
2
1
1
1
2
0
1
2
1
4
1
1
4
3
1
2
1
1
1
2
7
1
1
2
4
1
2
3
5
2
1
2
5
2
2
19
7
2
0
1
2
2
1
3
3
3
2
0
2
1
2
2
6
4
0
2
3
2
1
10
1
5
0
1
3
9
2
1
8
1
2
2
4
2
3
1
5
1
1
2
2
2
3
3
9
2
1
2
4
6
2
4
13
4
2
1
1
1
1
4
5
6
12
9
1
2
6
1
2
4
0
5
2
0
0
1
1
2
1
1
1
5
1
2
3
6
4
30
6
1
1
2
1
6
3
4
8
8
1
6
3
2
2
7
1
2
1
0
1
6
10
8
1
2
1
0
7
9
2
4
1
5
21
3
1
1
5
9
0
1
4
1
2
1
2
2
0
1
1
0
6
1
2
2
0
1
0
0
2
2
3
9
1
2
2
1
11
2
1
4
5
2
1
2
1
2
1
1
0
1
3
1
5
2
5
0
2
4
28
15
3
1
1
1
2
4
4
4
3
2
2
1
8
1
6
2
3
1
1
0
5
2
4
4
3
1
5
1
2
8
38
25
2
1
8
4
2
1
11
4
6
1
1
1
2
10
4
1
0
1
3
2
0
1
6
2
2
2
1
1
0
1
0
2
2
1
2
3
9
2
1
10
14
6
2
0
3
1
2
2
1
1
2
6
9
5
2
1
2
2
8
8
2
2
3
2
1
0
4
8
16
1
3
2
2
1
3
3
3
0
1
0
2
1
12
5
2
2
1
1
2
6
7
17
2
2
3
5
1
0
7
5
4
1
2
4
2
4
4
3
1
1
1
1
0
1
8
3
2
2
1
0
1
1
2
5
1
1
1
1
1
4
1
1
1
3
1
10
3
4
1
1
4
1
3
3
1
1
2
2
4
15
10
17
1
1
1
5
3
1
5
4
1
1
1
3
1
3
3
2
1
0
1
1
1
3
1
1
1
1
4
1
10
8
2
1
2
3
4
2
1
8
3
3
1
6
2
5
9
1
2
2
1
1
1
1
1
6
1
3
0
4
4
3
2
2
1
1
1
0
2
1
5
8
6
1
0
1
2
1
1
1
0
2
2
2
8
3
1
2
2
3
0
1
3
3
1
1
1
2
4
2
2
22
1
3
1
1
1
1
1
16
3
1
1
1
1
1
3
2
1
2
1
2
6
1
10
6
2
1
3
1
1
1
2
5
6
2
0
3
1
1
3
4
4
5
5
1
0
5
0
3
1
1
1
1
2
1
1
1
1
2
9
2
2
2
3
0
1
2
2
0
2
1
17
10
1
2
2
1
27
6
1
2
4
4
2
1
0
7
8
4
12
10
24
4
1
6
1
6
2
4
4
2
1
0
4
3
11
6
17
2
2
4
3
8
10
5
5
1
2
2
7
0
9
2
2
5
1
0
0
0
2
2
1
1
9
2
1
1
3
3
1
1
1
3
4
0
1
5
7
7
4
1
3
5
2
2
1
6
1
1
3
2
5
2
1
1
21
3
2
1
1
3
2
1
6
3
2
1
2
3
4
1
3
3
4
4
5
1
20
1
3
1
1
3
3
3
3
2
2
3
6
4
3
3
3
1
4
6
2
1
8
8
2
12
2
1
5
1
5
5
3
1
1
4
1
1
10
2
11
0
2
3
3
1
2
3
4
4
1
1
3
3
4
2
2
2
0
2
4
2
4
3
1
6
0
2
1
2
3
3
2
1
1
5
1
5
2
5
1
1
0
1
3
7
4
2
0
2
14
2
1
4
3
11
0
4
2
0
13
10
6
8
2
1
3
0
2
1
3
9
1
1
0
1
1
4
3
1
1
0
0
4
1
5
2
5
1
1
1
8
2
1
2
3
5
3
1
0
1
1
2
13
2
4
1
5
1
4
3
2
5
3
0
1
1
2
1
6
2
9
1
1
1
2
2
8
11
6
2
1
1
8
0
7
1
6
1
1
0
3
2
4
1
6
1
4
1
2
1
9
3
8
1
2
3
4
0
4
5
5
1
1
1
2
3
5
2
6
1
0
1
3
1
7
3
2
3
1
2
3
0
0
2
2
1
0
1
0
1
7
3
3
1
1
3
2
1
3
5
11
1
4
1
2
2
3
3
5
1
2
2
1
0
2
1
5
1
3
0
0
1
3
2
1
3
1
1
4
1
3
1
1
2
1
2
1
0
2
2
6
2
2
2
1
1
1
14
4
2
1
2
2
1
1
1
1
1
0
1
1
1
2
13
7
2
2
2
1
2
4
1
10
3
1
2
1
5
4
4
10
7
0
1
0
1
1
2
15
8
1
3
1
1
6
1
2
4
1
1
2
0
1
28
4
3
2
3
1
0
18
7
5
2
1
1
1
1
2
13
6
3
2
0
1
4
13
4
5
2
3
1
1
0
1
9
1
1
0
1
1
1
1
3
3
7
0
1
1
4
1
1
2
1
7
15
4
2
0
2
1
3
2
10
5
0
2
2
1
2
2
0
3
0
1
3
1
2
1
3
11
1
0
2
2
1
5
2
2
1
0
1
1
0
3
3
3
3
1
1
4
1
6
2
5
1
1
2
2
4
1
7
1
1
0
1
2
2
6
1
5
0
2
1
1
1
6
1
18
3
0
0
1
6
3
2
0
3
2
7
4
5
4
1
1
1
1
3
2
5
2
0
1
1
1
2
2
2
3
0
1
2
0
4
1
2
2
1
1
1
1
1
1
3
8
0
2
0
1
5
2
2
1
1
1
2
1
3
2
1
2
1
3
3
2
3
6
3
1
0
2
1
1
1
8
3
1
1
0
3
1
1
1
1
2
8
1
2
1
3
2
0
10
1
0
0
1
2
1
1
4
6
1
0
1
1
1
1
3
4
1
0
1
0
0
2
1
5
1
2
0
5
0
1
2
10
0
1
2
1
2
2
1
1
2
3
1
0
2
1
2
2
2
1
1
0
0
0
2
2
1
2
3
1
1
2
1
1
1
2
0
1
4
1
4
1
1
0
2
1
0
3
5
1
1
4
2
0
1
1
1
1
2
1
1
0
3
2
1
3
2
0
3
0
0
2
0
1
5
2
2
1
1
3
11
4
2
2
2
1
2
1
5
3
0
3
0
1
0
3
1
4
1
2
0
3
2
1
1
2
1
3
4
2
0
4
3
1
2
2
0
0
1
2
2
1
2
1
5
1
3
1
4
6
1
2
2
1
1
2
1
3
2
3
4
1
1
1
2
5
3
4
4
0
0
1
1
2
3
4
1
1
4
1
3
2
1
5
1
1
0
1
1
2
4
2
1
3
2
4
1
2
14
5
3
2
0
5
1
5
1
4
2
3
1
1
1
3
4
4
2
2
1
0
1
5
2
1
3
1
1
6
1
2
2
1
1
2
1
9
3
2
4
1
1
3
1
4
1
6
2
2
3
3
1
3
3
1
4
1
1
1
1
2
3
3
3
0
1
1
2
3
3
3
3
1
1
1
5
3
5
2
2
1
5
1
1
6
1
3
3
3
1
1
1
5
18
7
1
1
1
2
0
1
1
2
1
3
1
1
1
1
1
1
1
2
2
1
1
3
1
3
1
3
5
5
24
3
3
2
2
1
4
3
7
1
1
2
0
1
2
3
1
4
1
1
0
1
3
3
2
1
1
3
1
9
7
3
9
3
1
2
1
0
3
4
1
2
0
1
0
5
3
14
3
2
1
1
0
5
4
1
0
7
20
3
23
15
0
0
1
4
4
2
14
16
1
2
1
6
4
3
7
3
1
0
2
0
3
3
2
2
3
1
1
1
5
17
12
2
1
5
3
2
2
7
3
1
1
1
2
4
24
2
4
1
0
1
2
0
1
3
2
3
0
1
0
1
1
3
2
3
2
0
1
2
2
1
2
3
2
2
0
3
9
2
2
1
2
0
3
14
2
3
9
3
3
0
1
12
13
3
2
1
2
1
2
11
1
1
2
2
2
2
1
6
5
1
3
0
2
1
1
12
6
1
1
2
3
1
0
3
4
1
5
1
1
1
1
2
1
0
0
0
1
1
1
7
2
0
1
2
2
1
3
1
2
3
5
3
1
2
1
2
1
3
3
3
4
1
2
1
1
1
2
4
2
4
1
1
1
1
3
3
2
5
0
1
1
7
1
1
1
3
3
1
1
4
2
9
4
6
4
4
1
3
21
5
4
2
2
1
1
7
2
12
3
3
1
2
1
5
9
3
1
1
2
1
1
2
1
3
16
1
1
2
1
2
2
1
20
3
2
3
3
0
1
2
11
7
1
1
1
1
1
2
3
5
0
4
2
1
1
1
3
2
2
0
0
2
1
1
3
3
2
0
1
0
3
12
8
2
0
2
1
1
3
2
14
10
2
0
1
1
1
12
4
1
1
4
2
4
4
1
3
3
2
0
1
1
1
1
0
13
3
1
0
1
1
1
1
12
3
2
2
2
2
1
5
11
2
2
5
3
2
6
11
4
0
5
3
3
0
5
1
4
1
1
3
1
2
3
2
5
1
2
4
4
0
1
1
3
0
3
1
1
2
1
0
14
8
3
4
2
1
3
4
19
3
2
3
1
3
1
8
4
8
1
10
0
3
4
2
3
11
2
1
4
1
6
3
4
1
0
1
10
5
7
1
5
7
2
2
2
2
7
2
20
5
2
1
1
2
1
2
8
3
1
2
1
1
1
3
6
2
1
13
1
1
1
1
21
8
2
1
1
9
10
4
3
12
1
2
4
2
4
1
1
5
2
2
9
2
1
23
10
11
0
7
2
1
7
16
12
1
1
12
15
9
4
3
3
5
1
4
3
7
9
1
2
1
1
1
2
0
3
2
3
6
0
1
2
1
3
1
1
13
1
2
1
2
8
3
2
3
6
3
4
33
22
2
2
5
3
1
4
2
3
3
1
1
1
2
7
6
2
2
6
1
1
10
6
36
17
1
29
4
1
1
12
1
21
0
2
4
4
12
2
1
1
1
1
2
1
1
11
5
2
1
3
0
1
1
1
4
4
4
1
7
3
0
1
1
3
2
2
8
4
2
1
1
2
1
2
2
2
1
2
2
2
1
15
4
3
2
3
2
1
17
6
10
1
3
2
1
0
1
6
7
1
2
2
4
1
10
12
4
3
2
1
1
1
1
3
0
2
1
1
0
1
1
5
4
2
2
0
1
3
5
3
1
1
1
2
3
10
3
3
3
2
1
1
1
7
2
10
2
2
0
1
3
9
6
6
2
3
1
2
2
2
1
2
1
2
0
2
1
6
3
1
7
6
1
2
1
6
3
3
3
1
1
0
2
5
8
1
0
1
3
2
1
8
1
2
1
8
19
1
1
3
1
2
2
17
3
0
1
1
0
5
3
12
10
1
1
1
3
1
6
3
3
1
1
1
1
5
1
4
3
3
1
3
1
4
8
1
7
1
1
2
0
1
12
3
2
1
1
0
2
2
4
1
1
1
3
2
1
3
2
8
7
3
2
1
1
5
4
5
11
3
0
1
1
1
4
1
21
2
6
2
0
1
1
2
4
4
1
2
3
1
5
2
6
1
0
2
1
2
2
1
4
4
1
0
1
0
2
5
9
5
1
2
1
2
2
2
7
1
1
1
4
3
2
1
13
2
1
1
2
1
1
3
3
9
4
1
1
2
1
7
13
2
1
2
0
1
1
2
3
9
3
6
1
2
2
15
6
23
1
3
1
4
2
3
2
3
1
2
1
1
1
5
4
3
2
1
4
1
1
5
0
2
2
1
0
3
2
2
7
8
9
3
1
1
3
2
4
4
6
2
0
1
8
1
1
4
13
3
1
2
2
1
3
2
4
2
2
3
1
2
0
9
39
1
5
4
3
6
1
7
10
4
1
2
1
1
2
6
2
1
0
1
2
2
1
3
2
2
1
2
3
1
2
4
1
2
1
2
1
9
7
2
1
4
1
1
0
2
2
1
2
1
2
0
1
2
5
4
4
0
1
3
1
3
4
2
1
1
2
4
0
9
3
1
1
1
4
7
1
3
11
1
1
2
4
1
0
14
2
8
3
1
1
0
1
19
2
1
0
1
8
6
3
2
2
1
2
0
7
11
3
1
4
8
1
1
7
16
14
6
2
2
9
3
2
5
3
3
1
3
1
3
11
2
1
0
1
0
4
1
6
6
0
2
1
1
0
2
3
5
4
6
2
8
5
1
2
8
3
2
4
3
2
4
1
1
5
1
2
3
5
8
2
20
1
2
8
9
11
3
19
1
2
1
2
9
7
2
1
1
4
2
2
3
9
1
2
2
2
1
1
3
3
2
1
1
1
1
3
3
3
7
2
2
2
1
3
3
3
1
2
1
1
8
3
7
1
0
1
0
3
6
1
5
1
2
8
2
1
12
2
2
1
1
2
1
1
5
0
6
1
1
0
7
1
4
3
1
2
1
1
0
1
3
1
2
1
0
2
1
1
4
1
3
2
4
4
1
3
1
1
4
15
4
13
2
1
2
1
3
2
5
1
1
0
1
1
7
6
7
3
2
4
1
1
3
10
7
12
1
1
3
1
3
2
8
1
1
2
1
1
5
2
1
1
3
2
1
2
8
2
6
5
9
1
3
0
0
2
2
7
9
2
2
0
1
1
1
1
4
1
4
1
1
3
1
4
2
2
1
0
1
5
5
1
2
2
2
1
2
5
3
9
1
1
2
1
2
0
2
4
0
3
3
3
6
2
3
12
3
1
2
1
1
1
5
5
8
2
1
5
1
4
7
3
7
1
7
2
3
3
3
4
10
3
5
2
6
1
13
3
3
7
2
0
0
2
3
3
1
1
3
1
2
2
1
2
1
3
2
1
0
3
7
1
5
6
6
2
1
2
1
1
4
3
3
1
3
3
0
1
0
1
2
1
2
1
1
3
6
6
4
5
1
3
8
1
15
5
9
3
2
8
1
1
2
3
1
1
1
1
1
0
2
15
1
4
1
2
1
2
4
3
4
3
2
1
2
2
1
2
1
0
0
1
27
4
3
1
1
2
3
1
3
3
3
6
3
1
1
1
5
3
2
3
2
1
2
1
12
4
1
1
1
0
0
0
6
2
2
5
2
1
1
4
3
0
1
2
0
6
3
4
2
2
0
1
1
3
3
1
2
0
1
2
1
5
3
4
1
1
4
2
1
3
2
4
5
1
1
1
0
6
3
0
4
0
7
0
1
3
3
1
1
1
1
1
1
1
1
1
0
2
8
3
4
2
1
2
1
2
4
2
4
1
2
0
1
1
2
2
2
1
2
2
3
3
1
3
1
2
2
2
1
1
1
4
3
2
1
1
1
1
7
10
3
1
0
1
1
16
7
2
2
6
0
2
4
2
3
0
2
0
3
3
10
1
1
1
1
1
0
3
16
2
3
1
1
1
3
2
2
6
13
1
3
1
0
1
5
2
1
0
0
1
1
1
10
1
3
2
4
3
3
2
1
0
4
2
5
1
1
1
1
1
5
7
1
3
3
2
1
1
3
7
9
1
1
0
1
0
6
18
6
0
2
1
0
2
10
7
1
2
1
4
1
5
2
2
3
3
3
2
1
0
1
3
5
3
10
4
3
1
3
4
2
7
3
7
4
0
6
3
6
8
5
1
1
2
1
1
6
4
6
2
2
2
1
0
2
9
5
1
2
1
2
4
6
3
8
4
0
0
2
2
1
3
6
4
1
4
3
2
2
26
5
1
1
1
2
0
8
6
5
1
1
2
2
2
1
3
1
0
1
2
1
0
0
0
1
1
1
1
1
1
2
3
3
8
2
2
4
0
4
1
1
1
8
6
0
2
3
1
6
4
2
1
3
7
4
2
4
4
1
1
1
2
2
1
3
6
1
1
2
1
4
1
7
2
2
2
2
0
3
0
3
3
1
1
2
2
5
22
1
1
1
1
1
0
2
4
1
5
2
1
0
4
4
1
2
1
1
2
1
0
3
4
2
6
0
1
0
0
3
1
3
5
1
4
1
2
4
1
2
2
0
9
6
10
2
1
3
5
1
5
16
7
33
0
2
1
1
6
1
4
2
1
0
1
1
2
9
2
7
2
2
0
1
2
1
3
6
2
0
0
1
4
11
2
3
2
1
2
2
5
5
2
3
2
9
8
4
1
3
8
3
2
6
3
1
1
1
2
2
2
1
2
2
0
1
1
1
1
5
0
5
1
2
1
5
4
3
2
2
2
1
2
2
3
1
1
1
1
0
6
4
3
3
1
1
1
1
1
2
3
1
3
4
2
0
2
5
3
2
1
1
3
1
1
4
2
2
5
7
2
2
4
3
0
8
6
9
4
0
5
2
1
1
4
6
20
1
1
1
1
2
10
1
2
1
2
3
2
3
5
0
3
1
1
4
2
3
1
2
3
21
1
2
2
0
6
0
4
3
3
5
1
1
1
7
2
3
1
6
0
1
1
4
2
2
1
2
3
2
1
1
7
5
1
0
4
2
2
1
1
1
1
1
2
3
3
3
3
6
1
3
3
2
1
5
2
3
2
5
2
1
1
3
3
3
1
1
2
2
3
13
3
2
0
2
1
2
4
2
2
3
5
4
3
1
5
12
2
0
14
6
7
2
3
3
7
7
2
2
3
2
1
2
1
4
2
2
1
1
0
1
2
7
1
2
9
2
1
4
7
25
2
3
8
2
1
5
7
4
5
3
14
4
3
11
3
4
1
8
0
1
1
5
5
10
5
2
2
2
4
3
4
1
6
1
1
2
1
6
2
9
2
1
2
22
7
18
1
6
4
3
3
2
3
1
2
2
3
0
2
7
3
3
2
3
4
1
2
2
1
6
2
2
1
4
2
4
2
1
3
6
2
1
2
2
5
2
3
2
4
2
2
0
1
1
3
3
2
1
1
2
1
3
1
3
10
2
1
0
1
3
6
8
7
1
1
2
2
0
27
5
4
2
3
1
1
2
1
4
3
1
1
1
1
2
1
1
3
2
1
2
1
2
1
3
2
17
7
3
6
1
1
1
9
3
17
1
2
1
0
1
4
2
0
2
2
0
1
2
13
1
2
3
7
1
10
1
2
1
1
24
2
1
1
1
2
1
4
3
1
1
2
1
1
0
3
1
1
1
2
1
0
0
5
5
1
1
1
1
1
1
2
10
1
1
0
1
1
2
8
6
4
2
1
1
1
0
2
2
0
1
2
1
1
3
0
2
3
2
1
1
1
2
5
16
2
1
3
1
1
2
1
8
2
3
1
2
2
4
1
3
1
6
0
1
1
3
0
4
1
2
4
0
1
3
0
5
7
1
11
6
8
6
3
3
2
2
2
1
3
5
5
5
10
0
1
2
3
2
3
4
8
2
2
1
7
4
1
7
4
2
3
7
1
4
0
1
1
1
2
4
4
3
1
1
0
1
1
2
1
4
3
2
1
2
1
3
5
1
32
8
5
1
1
1
1
0
3
8
1
1
1
2
0
1
2
2
7
6
1
1
2
0
8
1
1
1
0
1
1
3
8
1
1
1
0
1
1
2
6
1
1
0
0
2
1
4
0
1
1
10
2
2
2
5
1
2
6
4
2
1
2
1
4
3
7
2
5
2
2
3
4
2
4
3
1
2
2
1
7
3
3
3
5
7
2
4
3
2
2
1
1
6
6
3
2
6
3
1
2
3
8
2
2
1
2
2
4
2
3
3
4
2
1
4
3
3
1
2
1
1
3
2
1
7
6
2
3
1
2
2
0
11
5
1
1
0
0
1
1
3
1
1
2
1
1
0
7
2
3
1
2
3
2
1
3
4
6
4
4
1
1
1
7
2
3
1
2
6
2
4
1
1
5
2
3
4
1
1
1
9
0
1
2
7
2
2
2
0
2
1
1
2
1
2
1
3
3
2
0
2
1
2
1
4
3
2
1
4
2
1
3
3
3
1
4
3
4
5
8
2
0
1
5
1
2
5
2
3
2
10
8
1
2
0
1
2
5
2
2
1
2
3
1
1
13
3
2
13
1
3
6
1
3
11
4
1
4
2
3
2
2
22
6
3
1
2
1
2
3
5
4
1
1
2
2
1
2
1
2
3
2
2
1
0
1
1
2
6
2
4
4
0
1
2
2
2
3
1
1
0
1
1
2
1
3
1
2
2
1
11
1
3
5
1
1
1
1
5
1
1
2
1
1
2
2
3
1
5
2
1
1
2
1
1
2
1
1
1
0
0
1
2
1
1
0
7
4
1
2
1
2
3
2
2
2
3
1
0
0
1
1
1
5
2
1
2
0
1
1
1
4
2
3
2
1
1
1
6
1
17
3
1
3
1
1
9
3
1
2
1
1
1
2
10
2
2
1
10
5
1
