146
148
150
154
132
164
144
227
168
153
114
147
144
196
167
104
163
149
151
111
142
147
214
240
279
209
227
240
314
234
203
220
245
184
200
260
225
209
239
194
206
228
172
191
182
175
151
174
216
187
265
174
200
182
216
283
265
325
306
279
237
284
278
223
257
236
207
235
224
319
273
249
281
266
322
287
316
304
278
336
304
258
290
302
245
210
207
204
210
205
165
211
209
209
209
205
154
234
227
190
220
171
276
225
285
212
255
290
209
244
157
227
208
146
166
27
147
157
123
149
224
30
136
161
108
195
100
154
170
131
12
150
146
95
48
128
153
154
102
193
261
225
206
204
184
190
225
262
232
222
200
210
226
226
195
188
203
217
175
167
171
215
275
248
203
321
225
272
148
187
183
141
144
133
158
145
99
103
107
85
98
175
123
124
122
167
148
185
154
145
224
246
199
190
151
249
157
131
114
120
111
122
126
147
157
138
147
174
127
108
128
120
120
123
134
136
149
143
134
151
193
216
144
142
171
170
252
155
138
166
132
187
202
139
113
123
95
196
237
191
204
173
156
127
160
114
218
239
212
204
277
217
232
182
259
201
236
244
210
203
274
240
265
186
217
256
160
183
147
200
215
262
193
271
257
179
208
195
269
197
324
259
293
269
229
195
231
256
263
252
212
193
231
248
256
215
172
258
275
240
182
218
255
192
286
172
253
156
252
253
207
138
191
209
210
210
236
140
160
189
204
171
170
214
199
193
130
138
218
260
147
145
137
182
169
265
277
292
232
270
286
255
233
306
272
249
253
230
195
245
256
234
209
194
217
199
207
162
227
243
200
299
265
252
199
259
206
177
250
225
180
264
272
232
180
179
190
277
209
221
210
209
178
175
225
197
182
165
171
211
213
267
146
143
172
209
167
150
111
263
304
210
272
269
223
257
175
202
233
211
252
281
283
203
261
240
159
277
207
225
192
216
265
185
215
178
214
290
208
218
198
200
209
238
236
217
226
211
191
210
169
210
199
244
194
225
252
215
183
120
179
199
196
183
164
110
219
170
179
169
198
106
100
111
92
111
185
175
158
170
242
245
209
242
263
287
182
97
105
177
188
206
196
92
81
146
165
149
166
75
115
92
83
82
96
95
92
95
216
203
166
215
200
227
89
149
155
145
103
104
109
87
81
79
82
79
89
117
125
99
100
103
133
111
100
122
134
125
118
114
125
102
86
60
92
80
47
39
78
88
111
120
91
84
109
86
87
75
58
86
124
84
82
104
133
101
145
110
98
97
211
112
176
160
198
232
221
96
158
196
166
183
196
100
105
152
138
127
166
144
169
162
211
189
226
272
267
248
204
244
155
200
182
150
197
208
176
246
199
205
195
165
183
185
140
168
116
134
139
163
218
231
188
222
189
195
151
156
121
114
159
160
137
139
129
155
145
143
99
124
110
150
167
136
96
116
142
118
176
171
124
230
160
216
128
156
140
165
196
163
179
89
80
109
124
114
125
131
163
145
121
129
134
109
99
97
180
128
130
227
185
219
187
171
170
112
178
164
179
184
166
127
193
207
194
260
100
142
156
136
115
144
150
144
161
108
176
191
238
193
233
219
189
170
159
199
167
210
208
173
161
203
161
196
179
164
207
160
235
211
183
205
266
231
258
229
297
242
212
223
204
186
221
153
237
212
205
218
231
167
229
232
183
213
186
234
158
208
148
200
275
220
281
196
285
210
203
194
199
168
147
200
202
255
271
177
146
193
240
285
181
178
222
247
206
181
232
225
193
237
219
214
179
246
292
300
262
220
224
202
173
304
305
217
193
186
166
279
206
245
219
168
237
172
151
154
202
170
196
248
172
165
198
112
176
189
194
182
162
133
185
158
160
150
150
167
114
108
111
107
171
174
169
145
288
267
217
261
195
192
146
128
162
232
167
135
128
88
95
199
178
112
140
178
136
116
108
107
146
127
118
116
281
201
196
194
184
187
216
138
145
172
124
132
126
144
136
178
136
157
143
106
107
87
98
96
118
91
108
95
197
197
226
208
276
254
210
167
255
228
247
225
281
200
191
182
193
210
189
166
154
149
177
161
247
247
240
274
275
264
300
272
327
287
263
218
237
209
210
246
209
256
287
204
224
271
234
254
257
257
256
280
206
212
236
255
291
244
252
270
289
258
229
208
193
196
204
222
175
234
216
199
223
231
187
228
198
218
261
194
214
218
232
221
232
247
260
268
230
247
285
219
242
233
221
203
201
264
238
222
201
197
192
236
221
196
200
181
237
207
195
215
268
238
301
236
279
234
234
157
185
201
251
246
206
242
278
260
321
288
267
261
234
209
201
230
256
249
229
252
291
237
254
304
254
291
200
225
257
238
230
268
248
197
203
164
173
191
170
286
244
278
231
227
244
267
245
239
304
317
285
286
280
325
149
157
173
184
208
159
189
190
216
133
154
127
141
208
137
165
129
151
155
206
167
173
191
198
232
191
201
231
175
236
181
132
121
100
118
194
267
179
158
159
184
189
136
142
114
138
187
169
160
184
216
206
218
195
217
237
154
153
118
204
140
193
156
138
49
185
151
110
101
125
128
265
188
195
85
100
118
151
133
138
130
178
176
169
96
167
140
208
214
241
204
134
119
112
93
84
99
114
212
149
146
187
135
121
131
144
191
197
258
216
190
201
175
211
124
166
115
128
120
235
147
192
135
178
142
160
236
151
187
150
146
116
143
92
177
197
180
167
159
177
216
94
81
157
163
155
94
118
101
168
198
178
113
91
112
123
129
111
90
94
129
110
218
181
149
210
153
163
147
91
114
90
119
103
101
174
214
201
196
145
153
224
220
176
172
182
240
225
200
241
249
214
201
238
221
215
206
179
180
190
187
209
218
178
202
216
205
202
232
242
165
221
230
218
187
226
200
226
230
188
214
219
223
272
176
209
232
129
158
126
189
172
207
141
154
100
151
173
127
154
152
198
142
138
111
171
188
148
164
161
203
183
150
36
118
137
165
191
162
75
151
143
171
186
181
78
112
31
105
47
112
143
152
144
115
225
129
177
230
185
217
190
180
222
192
146
184
172
174
200
116
126
159
173
187
160
114
157
188
129
140
135
168
153
169
116
155
145
175
200
222
204
134
170
138
221
244
171
125
165
145
236
192
153
217
167
198
132
165
147
161
216
182
203
178
203
116
111
132
97
123
115
80
193
159
87
128
106
60
162
106
162
135
80
133
133
140
90
146
156
117
204
118
111
216
160
165
128
131
142
122
160
170
114
135
155
123
212
81
117
158
146
82
108
145
142
110
93
75
163
119
156
174
216
215
158
122
136
135
161
168
165
137
155
156
203
150
110
142
145
138
100
153
147
131
151
145
152
184
203
144
124
119
108
108
101
94
207
216
172
194
180
136
222
225
203
185
134
201
238
227
133
206
164
108
224
140
122
221
246
250
191
160
148
164
180
218
190
192
178
164
252
167
160
142
148
187
168
158
151
220
181
189
204
183
154
153
83
107
112
124
108
106
96
156
131
149
116
110
113
76
77
79
69
111
128
114
89
166
125
117
148
146
86
122
133
101
161
159
170
113
122
98
142
163
142
130
164
145
135
106
93
96
118
130
80
161
138
131
155
209
134
129
146
132
197
200
210
215
176
99
117
88
117
96
152
155
122
165
146
178
143
177
169
204
252
241
207
230
240
100
90
97
95
87
91
108
174
229
149
151
164
180
216
190
159
186
163
206
167
213
200
145
240
232
197
180
226
97
149
198
202
206
210
202
137
97
101
89
126
87
156
159
143
163
121
208
216
167
175
211
196
188
181
196
219
236
152
155
181
151
180
229
200
201
218
161
207
190
211
161
158
197
133
159
189
151
154
132
234
176
122
180
155
219
224
179
224
186
197
157
220
216
248
198
214
182
233
226
265
262
205
208
230
200
217
225
254
212
266
227
228
261
285
261
196
182
228
220
268
257
227
230
220
230
277
218
212
225
257
220
230
228
251
230
198
221
213
260
259
206
89
165
172
218
157
168
109
212
192
207
183
184
176
97
111
159
115
173
211
259
228
214
170
157
218
204
172
129
105
86
117
156
101
97
100
77
124
138
89
47
79
89
164
190
134
51
79
70
65
137
99
46
180
102
125
174
139
121
124
106
109
114
156
111
157
158
156
173
129
211
138
114
149
175
130
126
102
193
149
162
263
214
166
184
178
131
207
224
177
185
321
252
171
198
243
220
254
168
184
234
205
133
130
188
194
189
173
214
200
179
216
214
209
200
197
171
160
143
207
177
160
159
148
130
205
155
149
150
139
184
171
169
149
227
207
200
223
190
214
208
218
155
242
238
280
310
163
135
170
142
233
174
134
208
175
200
221
132
130
171
148
201
229
269
203
287
277
202
125
189
165
161
166
149
143
206
155
169
164
162
146
108
128
122
120
133
149
153
153
246
240
237
243
249
233
100
127
92
126
124
86
115
123
100
131
126
120
133
96
167
131
110
142
124
131
126
132
218
155
224
185
261
184
150
199
167
206
159
199
164
179
189
186
158
145
150
155
219
219
159
209
189
171
163
172
310
322
317
269
335
304
177
139
114
134
151
141
189
126
113
104
120
125
129
92
85
90
99
106
122
131
136
123
265
276
190
281
218
199
146
168
146
246
254
278
208
166
109
160
149
149
129
136
185
152
168
145
123
119
144
139
262
252
225
340
267
272
261
232
207
175
167
170
198
229
178
170
143
142
184
197
127
114
112
144
150
132
118
169
200
205
250
243
236
246
304
281
240
281
232
229
230
247
304
240
197
206
212
270
243
236
248
223
224
186
212
204
227
277
235
231
299
228
174
226
174
299
301
231
235
188
168
175
165
143
163
174
228
216
192
197
177
183
171
163
299
238
257
283
226
215
226
152
212
263
221
207
198
119
193
217
194
160
168
123
126
115
103
104
223
246
243
248
272
232
242
248
258
266
167
187
94
170
246
215
239
131
82
126
140
130
135
131
192
218
216
207
100
107
113
115
208
270
190
230
237
258
190
220
162
187
191
167
170
148
257
221
261
237
166
122
135
145
128
132
221
228
229
142
193
204
168
235
165
138
179
182
186
138
190
191
177
271
189
207
219
211
222
194
235
206
186
265
175
190
177
205
219
210
250
256
255
227
152
153
166
173
187
238
214
117
144
124
140
165
172
152
141
176
159
148
166
190
198
198
239
204
190
242
213
257
105
149
78
87
110
96
125
171
112
122
111
78
114
132
166
161
129
167
145
132
103
140
255
204
183
207
178
188
184
92
135
188
173
208
190
115
167
221
151
155
166
126
106
80
86
108
184
139
149
122
192
202
183
234
230
257
223
224
203
166
206
187
220
233
214
200
232
204
210
304
182
220
188
218
161
195
159
196
247
212
192
262
235
209
265
233
256
162
195
211
226
205
202
183
204
243
225
221
160
175
186
194
153
182
182
221
186
209
163
229
185
210
252
185
251
167
203
233
204
256
267
138
181
231
244
214
125
184
226
213
142
182
234
207
195
186
150
265
201
265
172
126
104
175
186
207
217
147
126
193
170
180
190
224
176
184
154
193
154
140
124
153
200
201
209
219
246
235
154
133
132
126
133
112
135
213
240
139
145
148
138
239
190
173
209
177
161
168
193
152
220
193
172
190
165
150
157
173
204
173
174
139
186
98
117
114
125
84
118
222
205
197
151
179
215
183
176
241
251
226
257
167
229
226
163
126
148
203
192
151
237
114
149
149
132
139
132
143
112
98
98
100
198
160
143
124
209
159
167
144
172
137
108
110
92
103
99
106
92
166
127
147
179
112
83
131
188
181
158
117
188
208
215
215
241
170
169
180
164
241
209
196
189
178
183
180
185
251
183
201
212
213
220
178
209
212
214
229
154
206
183
194
173
184
174
260
285
241
140
166
243
243
174
167
209
92
155
136
161
118
136
188
176
135
159
132
240
175
168
176
190
205
215
163
185
163
125
152
102
151
117
181
100
179
173
159
175
150
137
161
155
180
205
144
121
153
134
142
134
201
151
137
117
168
270
271
308
254
208
219
199
316
242
262
220
249
226
248
288
240
288
256
229
224
209
218
269
292
258
260
263
298
232
284
244
256
214
242
211
257
190
183
216
213
229
263
238
212
249
219
231
188
214
192
235
275
254
270
288
264
246
159
226
210
243
233
236
228
268
192
253
268
216
193
185
194
205
185
168
228
248
203
226
237
247
297
254
261
272
229
248
221
231
244
218
231
255
218
228
245
221
195
183
191
194
182
220
235
220
210
296
242
272
254
300
240
192
248
233
250
233
210
187
213
191
151
148
140
159
316
228
184
190
230
216
192
181
236
267
276
246
256
223
229
270
319
249
256
243
279
261
270
279
247
211
227
269
252
250
263
276
251
229
205
214
254
253
247
248
291
214
252
297
187
205
221
238
218
240
197
220
227
239
232
244
173
153
163
174
168
170
187
239
223
271
215
242
242
273
239
224
242
192
221
200
230
242
242
263
167
207
201
198
252
156
198
186
192
149
176
187
199
216
228
221
241
236
303
254
87
50
205
133
107
158
83
35
191
118
98
147
158
86
74
83
85
42
39
32
23
99
92
147
130
97
108
75
112
104
92
107
175
147
45
97
117
109
51
125
89
101
90
111
109
114
125
111
145
211
94
176
114
228
133
119
150
91
195
174
187
220
103
24
115
126
122
137
86
160
162
139
151
84
81
76
82
212
206
250
181
215
228
102
81
46
93
88
85
116
216
66
116
120
136
110
73
129
112
119
94
41
35
67
83
132
160
76
140
65
81
128
187
108
140
105
23
58
130
153
156
167
115
78
93
118
119
51
26
147
113
89
91
160
110
106
157
118
102
136
147
142
94
104
77
115
109
116
110
94
78
122
149
90
154
81
116
92
121
89
129
98
81
142
87
127
74
162
112
186
66
134
109
132
166
215
57
139
128
180
160
44
105
118
174
57
162
124
171
84
82
78
141
164
174
148
75
159
66
110
125
129
58
128
59
123
130
132
51
16
74
74
98
58
95
116
106
74
49
32
116
118
135
161
140
158
233
168
139
142
301
257
172
220
167
264
243
160
214
162
247
191
248
187
226
204
139
148
217
260
234
197
177
131
128
105
127
114
220
177
175
145
161
170
128
181
144
147
178
79
84
88
95
169
198
211
170
170
203
167
188
183
84
146
133
148
161
154
96
146
115
147
196
79
136
158
155
74
121
140
141
100
68
93
104
166
121
174
163
144
114
148
87
106
155
123
108
126
84
87
149
113
130
80
84
105
133
76
80
161
95
117
110
141
106
197
216
226
144
125
100
113
202
278
163
179
142
166
195
135
122
131
104
150
202
119
176
147
113
128
155
283
139
215
261
177
238
203
171
207
289
267
223
258
204
212
242
235
276
222
201
185
206
174
191
256
200
218
237
214
189
199
212
201
172
186
183
151
191
196
171
175
159
153
208
168
185
169
148
205
205
193
178
183
214
209
184
170
183
201
204
215
157
177
184
179
210
217
167
191
178
224
219
176
168
167
215
177
173
167
185
204
155
177
177
202
217
121
122
160
124
122
109
151
130
118
106
124
97
107
125
169
212
183
168
110
163
145
168
145
149
181
239
168
171
129
85
139
93
131
108
103
133
160
163
185
165
178
103
146
102
108
102
105
177
127
146
127
160
154
140
186
157
164
231
75
123
132
140
143
227
75
148
170
131
172
77
126
145
143
194
44
76
65
39
207
171
98
191
116
104
111
115
158
142
133
87
156
96
121
158
134
158
159
132
131
115
88
126
150
136
96
157
227
165
245
137
238
159
134
106
86
123
34
103
86
84
106
122
82
126
94
5
80
2
36
16
87
150
92
126
77
110
102
98
164
82
88
61
107
110
103
104
86
149
105
157
158
142
152
92
105
113
104
99
101
110
125
113
199
177
164
197
181
207
101
84
92
185
168
199
199
100
96
84
117
94
95
89
60
88
83
80
82
104
95
94
162
154
160
164
160
182
120
74
80
98
81
36
67
88
89
107
97
86
86
116
96
77
147
90
113
97
107
167
81
100
119
84
106
108
247
238
85
189
185
187
186
267
94
208
240
211
216
92
190
204
214
184
51
80
56
41
255
273
289
283
281
292
167
207
105
110
111
134
110
205
104
126
94
132
117
107
127
110
145
131
143
108
142
127
213
240
234
190
201
319
91
87
109
98
93
95
96
81
114
142
126
126
115
123
86
74
52
59
134
125
130
142
262
224
225
259
236
261
170
168
153
111
102
76
101
182
179
106
106
72
98
163
109
109
81
114
113
109
94
110
220
172
213
237
232
207
127
179
155
115
147
125
134
167
170
169
171
146
149
154
155
128
133
124
108
134
126
133
152
126
133
215
181
181
137
193
171
222
202
159
192
201
97
147
126
104
136
125
186
153
159
182
149
179
151
154
262
156
197
185
196
245
181
195
132
180
127
152
124
183
100
161
163
156
130
142
157
129
136
117
107
85
91
87
198
235
189
195
201
240
169
144
193
156
190
178
159
235
185
121
160
167
139
180
111
138
135
112
152
154
145
122
193
136
162
229
180
163
195
158
143
159
134
138
148
194
195
266
181
193
169
329
185
240
284
187
213
225
276
166
186
210
153
270
154
188
148
259
214
198
152
121
88
165
154
108
106
75
60
183
154
143
103
82
195
189
168
116
202
185
123
222
139
164
151
110
144
82
112
77
92
81
201
103
144
94
116
118
102
100
91
104
141
188
127
150
155
150
204
166
195
181
230
125
177
51
82
47
42
113
172
61
81
54
44
173
130
140
132
120
93
121
98
93
119
180
158
144
166
224
186
161
184
175
150
178
110
212
308
154
138
126
111
223
124
129
130
94
147
131
121
99
243
218
140
176
143
143
90
122
121
153
117
123
132
180
161
107
86
113
115
213
171
137
144
158
200
157
179
193
172
164
172
156
167
274
211
49
93
73
71
58
67
44
105
86
84
70
81
103
81
57
78
111
136
134
125
146
241
215
140
273
129
119
182
153
116
172
135
201
159
209
166
160
173
165
147
207
136
147
130
118
110
120
102
97
196
240
213
179
180
212
201
221
178
186
216
220
210
218
173
156
196
164
214
208
177
188
197
230
214
236
234
236
312
295
213
282
253
277
180
160
235
178
202
122
140
207
209
149
185
172
181
181
164
177
184
206
173
219
140
160
234
166
173
172
193
253
289
229
248
158
160
158
169
234
283
138
138
137
154
248
133
132
139
142
120
122
121
132
284
249
248
282
275
322
163
208
185
206
236
244
222
226
228
129
199
198
202
191
169
213
202
198
173
213
220
193
202
219
186
310
277
303
105
193
123
157
166
218
171
164
113
118
143
101
189
151
176
205
195
229
114
132
133
141
160
170
174
192
188
188
282
283
224
198
233
222
185
265
224
215
238
249
198
209
203
241
248
191
167
175
193
242
259
287
189
281
181
209
352
244
202
183
244
229
209
255
226
206
252
243
227
282
201
243
260
270
212
227
212
241
270
227
230
246
260
335
203
182
119
180
183
184
208
245
134
127
173
165
174
151
133
190
170
187
96
122
100
110
154
213
215
265
264
275
2
4
0
2
2
1
4
4
2
4
1
2
2
1
0
1
2
1
2
2
1
1
1
1
8
2
3
1
2
3
2
4
2
1
3
4
2
1
3
1
2
1
1
0
2
2
1
3
3
3
3
2
5
2
3
2
1
1
2
6
3
6
2
7
1
0
1
0
2
6
9
5
2
1
1
6
2
2
5
1
2
1
1
0
2
4
2
1
1
2
3
6
1
2
6
0
2
1
1
3
3
1
5
1
1
3
1
1
4
2
1
3
1
2
2
4
1
3
2
1
1
1
2
1
3
5
2
2
2
1
1
3
2
1
11
1
1
2
1
4
4
1
22
2
3
1
3
4
2
9
7
5
4
3
2
1
1
1
1
1
1
3
0
1
1
0
0
1
2
3
0
1
1
5
3
1
2
3
1
1
1
2
1
2
4
1
3
1
1
5
0
1
1
2
1
1
6
5
8
2
6
3
2
3
2
1
0
3
1
3
1
1
2
1
1
2
4
1
0
1
2
0
1
1
7
1
1
1
1
2
1
4
4
4
2
4
2
3
3
2
4
1
2
2
1
3
1
6
2
3
1
3
0
1
2
7
1
1
2
1
1
1
2
0
3
3
1
1
2
1
3
2
3
2
1
2
3
2
1
5
8
1
2
2
2
0
1
2
7
0
1
2
2
3
1
2
3
7
1
16
1
1
1
3
18
1
3
2
3
1
1
8
19
4
2
2
2
1
2
4
3
9
25
6
4
2
1
2
3
1
5
2
1
6
8
7
3
2
10
2
2
2
1
3
1
6
14
5
3
1
2
2
2
0
3
1
2
1
2
6
18
1
5
1
2
1
1
6
5
8
3
1
3
2
1
16
0
3
7
2
2
2
2
2
4
1
5
1
3
3
3
1
8
3
2
1
2
3
3
2
1
4
1
1
4
1
3
3
3
2
7
1
5
3
2
2
3
4
1
1
4
5
2
1
3
32
1
1
0
2
1
1
5
2
2
2
1
1
0
1
6
20
0
2
1
1
2
1
2
7
2
3
2
1
2
1
2
6
4
2
5
5
2
1
2
3
1
0
1
2
13
3
28
1
1
1
6
17
1
1
1
3
3
2
8
3
7
1
1
1
1
1
23
3
11
2
4
2
0
3
4
4
5
1
1
4
1
14
1
8
2
1
2
1
3
3
12
4
1
1
3
1
2
2
1
4
2
2
2
2
1
7
2
3
1
4
5
3
3
2
2
4
2
5
1
1
1
2
3
2
1
2
3
2
5
2
7
2
1
9
1
4
1
1
1
5
1
4
4
1
1
1
25
6
1
2
3
0
1
2
1
5
1
1
3
3
1
11
32
4
6
4
7
1
2
1
4
2
0
0
1
1
3
2
3
1
0
1
2
0
1
1
3
1
2
2
2
4
7
3
2
2
1
0
1
4
2
3
4
2
1
1
2
4
2
1
6
1
2
3
5
3
3
5
4
1
2
1
1
2
1
1
2
3
2
0
1
3
0
2
1
3
2
1
4
4
1
1
3
2
1
1
3
2
8
1
3
3
0
1
6
5
11
3
2
1
3
1
3
5
2
0
2
1
0
0
2
5
1
1
2
1
0
1
6
2
3
6
2
1
1
1
6
6
3
3
2
2
1
1
7
6
3
1
3
2
1
2
6
2
1
1
4
4
1
2
4
7
5
1
10
2
1
1
2
2
2
2
1
1
1
1
2
3
1
1
1
2
1
2
2
1
2
1
2
2
3
0
1
1
1
1
4
4
1
4
0
2
1
3
1
2
2
2
1
3
1
3
5
5
2
1
4
0
1
1
2
2
2
1
1
0
1
3
3
0
0
1
2
1
6
5
2
1
1
2
2
2
2
2
1
2
4
2
3
1
2
2
2
1
1
1
1
6
0
7
2
2
2
1
1
1
1
0
3
1
6
2
1
1
1
1
1
2
2
1
2
1
3
2
4
2
2
3
1
1
2
3
2
1
1
3
1
2
2
1
2
2
3
1
1
1
2
4
2
5
2
1
3
15
2
1
2
2
1
5
5
4
1
2
4
1
1
2
1
1
1
3
7
4
1
1
3
5
5
2
5
3
2
1
1
2
1
2
1
8
2
1
5
1
4
2
46
11
1
3
13
0
2
1
4
1
5
3
1
1
12
3
6
1
2
1
2
4
10
10
3
3
6
4
1
1
3
8
2
1
5
2
2
2
1
3
4
2
1
3
1
3
2
11
3
1
2
3
1
3
1
3
2
0
2
2
1
1
2
2
2
8
3
2
3
4
1
1
5
3
1
1
1
2
13
15
4
1
1
1
0
1
3
2
3
4
2
3
2
1
1
6
2
4
4
7
3
2
2
1
6
5
2
2
1
3
2
6
9
4
2
24
2
1
6
11
5
4
2
2
1
1
4
9
14
2
1
17
2
2
2
1
9
2
3
2
2
3
11
2
14
3
1
4
2
2
0
1
4
5
2
3
2
2
3
2
1
4
1
2
1
6
10
7
2
1
2
2
1
3
4
12
3
2
2
4
1
1
2
3
1
4
1
4
3
3
3
1
1
4
1
2
3
4
2
1
2
1
4
3
1
1
6
4
2
3
1
2
1
1
1
1
1
2
4
7
2
5
9
3
1
3
5
4
3
1
6
3
2
1
1
2
3
11
3
5
3
2
3
3
0
2
2
4
3
2
5
2
2
1
2
1
5
6
13
1
3
5
0
4
4
1
3
1
0
2
1
2
5
8
2
1
1
3
1
2
7
4
11
1
1
2
1
5
2
1
3
1
1
5
1
6
1
4
2
1
1
3
5
6
1
2
1
2
0
1
4
2
4
8
4
1
2
4
3
2
2
2
2
1
0
3
3
7
5
6
2
0
1
1
5
1
2
7
1
1
0
5
4
4
4
4
1
3
1
1
6
2
1
1
1
1
2
3
1
3
5
3
1
0
2
1
1
10
2
4
0
1
1
3
2
7
2
7
2
3
1
1
29
3
1
3
4
3
10
3
5
3
1
1
2
2
1
1
3
5
1
4
2
0
8
4
4
6
3
2
2
1
1
6
1
1
0
1
1
1
3
1
2
2
2
0
0
3
1
11
13
1
2
1
5
2
1
1
9
2
4
3
1
5
1
2
4
2
4
0
5
4
8
9
5
3
2
1
1
6
1
11
10
2
2
4
0
2
7
3
2
1
1
1
0
2
3
4
5
2
2
1
3
2
12
6
2
2
3
0
2
7
10
5
11
3
2
1
4
4
3
2
2
1
1
3
1
6
3
2
2
0
2
3
3
4
2
4
1
2
1
0
2
23
2
3
6
8
1
5
9
7
2
2
2
3
1
1
1
3
3
1
2
1
2
1
3
2
1
4
4
3
0
1
9
2
1
1
1
6
1
1
1
1
1
1
8
4
0
6
13
3
4
1
1
5
2
1
4
7
2
3
1
1
0
1
17
0
1
1
1
9
2
8
4
0
1
1
2
1
2
2
10
1
1
2
1
1
1
1
4
1
2
3
0
2
3
9
4
1
4
4
1
2
4
10
2
1
4
2
2
0
4
3
2
0
3
2
2
4
1
2
2
1
1
1
2
0
1
3
5
0
2
0
1
1
1
3
1
0
4
0
3
0
2
34
7
7
12
10
3
2
8
2
1
0
1
1
3
1
2
3
1
2
1
1
2
1
2
2
3
1
1
1
2
1
2
1
4
1
1
1
1
2
1
2
2
3
11
10
4
0
1
5
2
2
1
1
4
2
1
1
9
2
1
12
1
2
2
2
12
9
6
6
0
1
1
3
3
4
4
3
2
1
1
2
2
2
1
2
1
1
1
1
2
6
1
3
1
3
4
2
1
4
8
2
4
1
2
4
2
4
4
1
2
1
2
1
3
1
1
1
1
1
2
5
2
3
2
3
0
2
4
3
1
8
1
5
1
1
1
4
2
1
0
1
1
2
0
3
1
2
2
0
1
4
1
7
3
1
1
3
1
2
1
7
9
2
3
1
1
0
1
10
3
5
1
2
1
2
2
4
2
2
3
2
1
1
2
4
7
4
4
1
1
2
1
3
1
3
1
3
0
1
6
7
3
3
1
1
2
2
1
1
1
1
1
0
1
2
5
5
1
3
0
1
1
1
2
7
7
1
2
2
3
1
4
3
5
2
2
1
1
0
3
2
2
2
1
5
2
1
1
9
10
6
0
2
1
1
3
8
1
3
1
2
2
2
2
4
2
3
1
2
0
1
2
1
2
2
5
2
1
1
2
3
6
3
4
3
2
4
5
2
5
4
2
7
0
1
2
2
3
4
10
9
1
1
2
6
1
5
9
3
3
0
1
1
1
5
4
2
1
1
0
1
8
4
3
3
2
1
1
1
2
5
2
1
2
1
1
3
1
6
4
1
4
2
1
2
5
7
25
2
1
1
2
0
7
3
3
1
1
1
1
1
6
6
12
4
2
2
2
0
1
3
4
2
4
2
7
7
1
6
4
4
3
1
2
1
3
1
3
1
2
4
2
3
7
3
1
1
2
4
1
2
1
7
4
1
2
1
1
2
1
5
5
34
1
5
2
10
5
2
26
19
1
3
3
3
1
3
3
3
1
1
4
3
2
0
10
5
0
2
1
2
1
2
22
1
2
1
3
0
1
1
1
4
2
7
1
2
3
2
10
29
3
1
1
2
1
2
2
1
2
2
19
0
1
1
19
1
4
4
3
1
1
1
11
0
4
6
6
0
1
1
9
5
1
1
1
1
2
3
7
2
1
5
2
0
0
2
4
2
4
6
2
1
5
3
9
2
3
1
2
1
0
3
2
1
5
3
2
1
2
3
0
1
2
1
4
0
2
2
12
1
2
1
1
1
1
1
7
2
4
8
2
1
20
9
4
4
3
7
2
2
1
2
2
4
2
2
1
1
3
2
3
1
3
1
5
1
2
3
1
1
2
1
2
0
1
2
2
2
6
2
4
1
2
4
23
2
0
1
4
1
1
5
1
5
1
2
2
1
1
24
1
3
4
1
0
4
2
4
0
1
3
10
1
6
1
0
1
2
1
1
1
1
2
2
1
2
1
2
2
3
7
3
2
11
8
2
4
5
4
4
2
2
2
1
1
7
3
3
2
2
2
3
2
2
3
0
0
1
1
1
1
1
0
2
2
0
0
0
1
1
0
3
2
2
3
2
2
2
1
3
3
2
4
1
9
2
1
3
3
3
2
1
0
2
2
2
4
10
16
0
1
3
3
2
3
6
5
1
4
1
2
1
2
4
1
1
1
6
1
4
1
3
6
2
1
4
10
3
1
3
1
0
1
1
3
1
5
3
1
2
4
3
2
1
3
3
1
2
0
2
8
4
3
2
1
1
3
1
2
3
1
2
1
1
1
2
3
2
6
2
2
3
1
2
2
4
4
6
1
2
4
2
3
2
4
1
1
1
1
1
7
1
2
3
0
2
3
1
4
1
9
5
1
2
1
3
11
8
1
21
23
46
2
2
3
3
1
1
1
1
1
2
3
3
0
2
4
3
0
5
1
2
1
2
2
3
3
1
4
3
6
1
1
4
6
3
6
6
1
1
1
1
1
2
3
6
1
1
4
2
2
1
28
2
2
1
2
3
6
8
3
2
2
2
1
2
2
3
10
1
1
2
5
1
1
1
2
0
2
1
1
4
4
3
12
2
1
2
2
2
1
4
2
2
2
2
2
2
16
2
18
1
5
3
2
2
7
1
3
1
1
2
2
1
6
8
7
1
1
3
1
1
8
1
7
2
1
1
2
19
2
5
24
26
7
3
5
5
4
2
3
2
2
2
1
5
1
1
3
4
1
2
5
4
1
5
5
2
1
1
3
5
1
2
1
3
1
2
2
3
1
2
2
2
2
0
6
7
1
5
3
4
3
4
12
1
1
2
2
6
3
7
2
0
2
1
1
2
1
4
12
2
2
1
2
1
2
2
6
1
1
1
6
4
3
7
5
2
3
6
2
7
7
12
6
2
3
2
2
3
6
2
3
1
2
6
3
6
7
5
1
1
1
2
2
1
4
5
13
2
2
1
1
2
3
4
3
1
1
1
3
3
12
17
21
1
3
3
4
1
2
2
3
3
3
5
9
1
1
6
4
1
6
3
6
1
1
4
2
2
2
3
4
2
2
1
2
2
3
4
2
1
0
4
3
4
2
2
5
1
1
2
5
4
3
8
1
4
1
5
4
9
6
6
0
3
4
3
4
2
3
5
2
4
1
3
2
1
2
4
0
2
1
3
2
6
8
3
2
3
3
4
2
3
6
5
4
6
2
2
2
7
4
2
1
1
1
4
5
3
5
4
1
2
0
3
2
5
7
4
1
2
1
3
1
5
6
2
2
2
1
3
10
5
2
1
1
2
1
7
4
1
1
0
1
2
1
1
11
3
1
0
2
1
1
0
3
1
1
1
2
7
2
1
1
1
4
1
1
3
2
4
1
2
2
1
1
2
3
1
2
1
1
2
1
3
5
1
3
2
1
1
3
3
4
0
1
2
0
1
1
2
3
1
0
3
0
2
0
1
2
1
2
2
1
1
1
1
1
1
2
2
1
1
2
1
3
5
1
4
2
2
1
1
1
1
7
6
2
1
0
1
10
1
1
1
2
1
3
5
4
2
4
3
0
3
4
1
1
0
1
2
32
12
2
3
2
4
1
5
5
2
1
1
0
1
1
2
5
4
2
2
4
3
5
3
3
0
1
1
1
2
2
1
2
2
0
2
3
1
5
2
4
1
0
0
2
1
5
8
8
1
1
1
2
1
2
7
6
1
4
7
1
0
7
1
3
1
0
1
0
1
6
4
1
0
1
3
1
1
2
4
6
3
1
1
1
1
4
6
4
3
4
2
1
2
2
7
9
3
2
2
2
0
3
10
3
0
0
4
2
1
3
1
2
1
1
1
3
1
4
3
1
1
1
6
2
1
4
1
2
12
1
2
2
1
0
2
5
9
1
2
8
2
1
1
3
4
2
3
2
1
6
2
10
2
3
3
1
1
1
3
4
3
1
3
3
2
1
15
8
1
2
1
1
2
1
3
9
1
2
3
3
1
2
1
20
1
4
11
1
1
3
5
7
1
1
3
1
2
6
2
7
1
2
1
2
2
3
3
4
2
0
3
2
1
1
6
7
2
5
11
2
2
3
5
9
1
3
3
2
1
2
2
5
1
3
3
3
1
2
4
6
1
2
5
6
2
1
1
9
0
3
5
1
1
5
2
2
1
7
3
1
1
2
3
9
4
0
1
2
1
1
4
2
1
2
3
2
1
3
2
2
2
2
0
0
2
3
1
5
2
1
2
5
4
2
6
14
5
2
2
3
2
2
3
2
2
2
1
1
2
2
20
1
4
1
5
1
3
1
6
3
2
2
2
1
6
1
1
1
3
3
2
1
2
1
2
1
3
5
2
1
10
2
3
1
2
2
3
1
9
9
4
1
4
3
2
2
1
1
2
1
2
1
2
2
3
4
1
2
2
2
2
0
3
2
1
5
1
2
1
2
1
3
2
5
5
3
1
0
3
0
4
4
4
2
1
0
3
2
2
3
5
19
1
0
2
2
1
2
8
2
2
1
2
3
0
2
2
7
1
1
4
2
6
3
4
7
2
0
4
6
5
5
6
1
1
2
5
7
2
2
11
1
1
0
5
3
6
2
6
1
2
0
4
3
3
2
6
1
1
1
0
7
5
5
6
2
1
1
5
6
1
3
1
1
0
0
1
8
4
2
7
1
2
0
3
2
2
7
5
1
1
0
3
2
4
7
6
1
1
2
3
5
8
6
3
2
1
1
7
7
12
3
4
4
2
1
7
13
4
1
1
2
2
1
8
7
3
1
2
6
3
8
4
10
12
3
7
1
4
8
5
2
3
1
1
3
1
5
2
8
5
1
3
1
2
4
4
4
1
1
1
2
3
2
2
3
3
2
2
3
3
1
4
4
2
1
4
2
1
1
2
3
3
0
4
5
5
2
5
4
5
2
2
1
4
1
3
1
3
2
3
2
3
0
3
3
2
2
2
2
1
1
3
4
1
3
2
1
2
1
3
3
4
3
0
2
3
3
9
7
4
1
2
1
24
1
6
1
1
17
3
7
3
3
1
3
3
3
7
10
20
2
2
4
2
3
4
24
6
2
3
1
1
2
2
3
4
1
2
1
1
8
1
5
12
1
2
2
10
2
6
4
4
4
1
1
5
2
11
2
1
1
1
1
2
2
5
2
2
3
1
2
2
3
5
5
3
3
1
3
1
3
2
2
1
1
4
3
3
2
2
14
3
6
1
1
5
9
1
2
4
4
3
1
3
1
20
1
1
0
3
1
1
6
4
4
3
2
1
1
1
16
10
3
0
1
2
1
3
6
1
1
10
25
3
9
1
3
4
3
1
17
15
19
1
5
1
1
1
8
6
7
2
1
2
0
1
3
6
5
1
2
3
2
4
0
2
7
0
1
3
4
5
11
2
1
1
1
1
2
1
7
14
3
3
2
1
3
1
4
4
3
2
1
2
2
2
13
3
2
3
2
1
1
1
4
1
5
2
10
2
3
2
5
7
2
20
3
1
2
2
9
2
3
5
2
1
2
2
21
9
2
1
2
2
2
4
2
4
1
1
2
3
1
3
8
3
5
1
1
4
4
2
1
1
2
0
1
8
7
3
8
0
2
0
1
9
6
10
1
1
3
2
4
11
6
3
9
4
1
1
1
22
15
4
6
1
4
1
2
13
10
1
2
1
2
4
7
4
5
2
0
5
2
1
9
4
1
1
3
1
2
1
10
8
1
6
1
2
2
1
6
15
5
4
3
2
2
1
13
13
4
4
3
12
1
1
5
10
6
5
1
5
1
1
11
3
8
2
1
3
0
1
4
5
1
4
7
7
1
2
2
5
2
4
3
2
1
5
5
1
6
3
10
2
4
4
5
1
1
4
5
2
3
3
4
10
3
12
2
1
2
3
1
1
3
3
3
4
1
2
2
1
2
38
4
3
2
1
1
2
2
5
4
2
7
2
1
1
4
3
3
1
2
1
1
1
0
2
3
2
0
3
4
2
4
3
5
4
1
9
1
2
3
6
3
7
4
1
2
1
2
4
18
1
8
3
1
9
4
2
8
1
4
1
8
3
7
5
5
2
1
1
1
3
3
4
1
1
1
2
1
3
14
4
11
1
2
1
1
3
1
2
5
2
1
4
1
3
4
4
23
11
2
2
2
2
2
2
4
8
3
3
5
2
2
3
10
12
2
2
1
1
4
2
2
7
3
2
0
2
1
3
3
2
1
2
2
3
3
11
3
2
1
1
1
19
6
14
2
3
3
1
0
4
2
13
12
3
1
1
1
2
7
6
1
3
1
1
2
5
11
4
2
1
2
1
3
3
1
3
5
3
1
1
2
1
2
3
5
4
1
3
1
3
7
15
4
1
0
2
3
3
3
5
7
5
2
2
2
4
6
13
5
4
3
2
1
5
8
3
5
1
2
1
1
0
3
13
2
2
1
3
0
2
2
1
8
5
2
3
2
1
2
3
2
4
2
2
1
1
5
1
1
1
2
0
2
1
4
3
2
4
2
1
0
7
10
8
2
2
1
2
1
7
3
7
1
1
3
1
1
2
4
11
1
1
0
2
1
2
5
5
1
3
5
3
2
6
29
9
2
6
2
1
7
4
3
5
1
2
1
1
1
4
5
2
3
2
2
1
2
2
4
6
3
1
0
1
4
2
3
2
21
3
7
2
1
0
4
1
18
2
8
2
5
2
2
2
13
3
1
1
1
1
1
1
2
1
2
2
2
2
1
11
3
1
3
1
1
2
8
9
2
3
1
1
5
2
3
1
13
1
0
2
0
1
6
5
3
3
1
3
2
4
10
2
4
1
2
3
1
2
3
4
5
3
1
2
0
9
6
2
5
12
1
2
1
1
4
8
4
2
0
2
3
6
3
3
3
1
1
3
1
0
6
3
4
2
0
3
1
3
8
9
6
0
1
3
1
2
28
9
3
0
4
4
1
28
4
5
1
1
2
2
5
6
9
2
3
1
1
3
1
10
4
8
1
6
7
2
1
3
1
11
2
4
2
7
3
2
11
1
1
0
2
3
5
9
4
4
2
1
1
2
2
8
4
1
5
2
2
7
3
3
4
1
4
3
1
1
1
3
2
3
2
1
1
5
1
10
10
2
6
3
1
1
9
2
5
0
2
3
3
5
2
1
1
1
1
1
7
8
10
5
7
1
1
1
0
6
8
8
3
8
2
2
3
38
2
11
3
4
0
16
6
20
3
7
2
0
1
1
2
3
2
0
1
2
0
4
4
3
2
4
2
1
5
0
1
7
6
1
1
4
2
6
2
2
1
1
1
2
1
3
3
1
2
1
1
1
2
1
9
2
2
4
1
1
3
4
3
2
1
1
1
2
2
1
1
2
3
2
3
1
3
5
9
1
3
1
1
2
3
2
2
1
4
1
3
1
1
2
2
1
0
1
2
1
8
4
2
2
1
1
1
1
5
4
1
1
1
0
1
4
2
2
2
2
18
11
7
2
9
2
1
2
3
2
7
3
1
2
0
1
1
20
3
4
2
3
2
5
2
4
12
1
2
4
6
5
14
5
1
1
2
3
4
1
5
6
7
2
3
1
2
1
6
4
1
7
2
4
2
3
10
6
3
1
3
3
3
10
5
17
2
1
2
3
2
4
4
2
3
3
2
2
2
5
6
3
1
1
3
10
3
1
3
3
1
2
2
1
1
3
9
6
1
1
2
4
1
6
3
6
1
2
1
5
9
5
7
2
0
0
0
2
1
2
4
4
1
2
4
5
3
2
3
2
1
2
1
7
5
3
2
3
4
1
0
13
3
3
1
2
1
1
4
3
3
1
2
2
1
2
6
6
6
2
5
1
1
1
2
5
3
1
1
0
2
3
4
7
9
2
2
0
1
2
5
9
4
1
3
2
0
2
3
3
3
1
2
3
0
0
1
2
12
3
4
3
0
3
13
18
8
6
1
2
2
1
5
5
1
1
2
2
1
1
3
2
6
2
10
15
1
2
1
2
2
3
3
8
3
1
2
1
0
3
3
5
0
1
2
0
2
4
7
6
1
2
1
2
6
12
4
1
1
0
4
5
1
4
4
1
1
1
1
1
4
2
4
1
1
1
1
3
6
5
5
1
1
1
1
3
3
5
2
6
2
2
1
1
3
11
3
1
3
1
0
6
1
2
1
5
0
1
4
2
2
1
5
2
2
0
4
2
5
2
7
5
1
2
2
2
7
7
11
1
1
1
4
4
2
3
3
25
2
3
1
1
1
3
4
9
2
3
1
1
2
2
5
12
1
5
0
2
1
2
4
6
2
6
0
3
5
6
5
4
3
3
2
1
2
7
10
3
3
3
3
2
6
6
7
3
1
4
0
7
3
5
12
3
2
1
2
6
1
12
5
3
2
2
3
1
2
9
6
1
2
5
1
6
3
2
20
1
2
5
2
1
2
0
2
2
6
2
2
4
13
5
7
1
3
4
2
2
4
0
2
3
3
0
1
1
3
4
6
8
2
2
5
5
3
4
2
5
5
1
7
2
4
1
9
5
1
2
1
2
2
2
7
9
2
3
10
3
8
7
3
2
1
7
4
4
3
3
1
2
1
4
0
2
4
10
6
3
2
1
2
3
4
1
4
3
0
2
2
3
3
5
1
4
3
1
3
2
2
11
1
2
2
2
2
7
4
4
3
1
2
1
5
1
1
5
2
2
2
2
7
4
3
1
3
4
3
3
1
3
4
2
3
3
1
1
3
3
4
2
1
3
3
2
2
1
1
2
3
5
5
2
1
2
3
0
1
1
7
0
1
2
1
2
1
2
3
2
0
2
2
3
2
1
1
1
1
1
8
1
3
1
8
0
2
1
17
3
1
4
1
1
1
2
6
4
1
3
2
0
2
1
2
1
3
2
1
1
0
2
6
2
2
1
2
1
1
1
7
1
1
1
1
0
0
1
2
1
3
3
1
2
1
1
3
1
1
1
2
3
1
1
4
2
2
3
3
3
1
0
4
11
2
2
1
1
5
7
9
3
1
1
1
1
1
2
1
7
1
1
4
1
4
2
2
1
0
1
1
3
2
8
3
2
1
1
2
6
2
5
2
2
2
1
2
4
2
4
5
2
2
3
2
4
10
25
5
1
4
2
1
4
7
5
3
5
1
1
4
6
2
3
4
2
10
3
1
2
9
9
2
1
1
6
0
8
1
4
2
1
3
5
0
2
4
11
2
1
1
0
4
3
6
4
3
1
1
2
5
12
1
5
2
2
1
2
2
4
2
1
2
3
0
2
2
4
2
2
4
1
12
1
9
9
2
1
3
4
2
1
6
1
1
0
2
2
0
7
4
1
5
1
1
1
0
5
35
1
3
1
4
10
6
3
6
1
1
8
2
2
2
5
3
1
1
3
4
2
4
4
4
3
3
0
1
2
9
1
2
1
7
2
2
8
3
9
1
1
1
3
1
2
1
1
2
0
1
0
1
2
6
14
7
1
1
0
2
3
2
1
2
1
6
2
5
4
1
0
1
1
3
5
6
7
4
1
2
14
4
3
9
0
3
2
6
8
8
5
2
2
1
1
5
2
3
3
2
3
2
1
5
21
7
9
2
4
6
2
7
6
4
3
2
2
6
2
2
5
2
3
2
4
3
2
4
2
9
6
3
3
1
1
1
16
5
7
5
4
5
1
5
3
3
3
4
3
2
2
6
5
3
2
2
1
0
4
3
30
4
11
2
3
1
2
5
5
1
5
3
1
8
4
2
2
4
1
4
2
3
1
4
1
2
2
5
0
0
2
0
1
3
5
1
1
14
4
1
1
2
3
1
2
14
2
4
1
2
2
1
1
14
5
1
3
1
2
1
0
4
6
2
1
2
1
0
2
3
7
1
2
1
1
0
1
5
5
4
1
3
5
2
1
5
4
10
2
2
2
1
2
5
9
1
3
1
2
1
1
9
5
3
2
2
3
3
1
5
4
2
4
4
3
5
3
4
1
3
1
2
5
1
1
2
1
4
2
3
6
1
1
2
2
4
2
2
6
1
2
1
3
1
4
2
3
1
2
1
3
1
2
2
2
1
1
4
1
4
3
3
3
4
2
4
3
2
5
3
3
3
4
1
3
2
2
6
2
6
2
2
7
0
1
2
2
7
1
2
1
5
8
8
2
2
3
2
1
10
4
2
1
1
1
2
2
23
2
2
1
4
1
0
1
1
1
3
6
3
3
3
2
3
5
4
6
3
4
2
2
9
5
7
13
1
4
1
1
4
2
4
4
2
1
2
9
3
24
7
3
5
4
3
8
7
2
7
2
3
2
16
3
5
8
4
4
1
0
2
22
24
11
19
0
1
2
7
7
3
34
12
5
5
7
6
10
2
16
7
2
9
3
4
3
31
4
3
1
6
5
4
5
6
5
4
1
1
7
3
4
3
1
3
1
2
2
3
3
2
5
5
1
2
2
4
3
10
2
2
1
2
2
1
2
2
1
5
3
1
3
1
1
4
3
1
1
1
2
5
6
5
5
2
1
1
1
4
4
4
16
1
2
1
1
2
4
3
3
3
2
1
1
1
3
2
18
2
2
1
3
4
6
3
7
2
0
3
2
4
1
3
4
1
2
0
2
1
4
3
7
2
3
1
1
1
4
8
3
1
3
2
2
0
3
4
3
2
1
2
0
4
22
8
3
13
14
4
5
1
1
6
3
2
3
1
1
0
8
2
8
2
2
3
1
1
3
3
6
5
2
1
4
1
2
4
4
3
3
3
2
2
5
8
8
2
3
1
4
1
7
6
3
2
1
3
2
1
0
8
4
2
4
3
5
1
6
2
3
2
5
2
2
2
3
10
4
1
2
2
2
1
6
2
2
9
3
1
1
1
1
4
2
1
2
2
2
2
1
7
5
2
2
3
4
1
3
19
9
6
1
1
6
1
5
2
3
2
2
3
1
15
2
9
2
1
1
1
10
4
8
2
1
2
1
4
2
6
3
6
3
2
6
2
2
9
2
9
5
3
2
1
2
5
8
7
2
2
2
3
2
2
2
2
3
2
1
4
6
6
4
2
1
2
1
2
1
1
2
3
1
2
3
5
3
1
2
2
3
1
1
1
5
4
1
3
5
3
0
1
6
2
1
5
3
2
2
1
17
3
3
1
6
1
1
6
2
1
3
3
2
4
3
3
4
3
1
0
5
5
7
1
2
7
2
2
5
2
6
2
1
5
5
2
3
9
4
4
4
4
1
2
6
2
3
2
2
2
1
1
3
1
3
1
4
4
2
2
1
7
3
3
6
5
1
5
4
6
1
3
3
5
2
2
2
3
6
1
2
5
3
2
1
3
4
1
5
3
1
0
3
6
11
1
3
5
2
5
2
1
3
1
1
1
2
8
2
1
2
1
3
2
3
9
1
2
0
2
1
7
3
4
3
1
1
6
1
1
6
1
2
4
2
2
3
1
4
1
3
2
2
8
1
2
4
1
3
1
2
4
1
1
2
3
1
2
4
2
2
3
8
2
2
2
3
2
1
3
3
1
4
7
3
2
2
9
8
0
3
2
1
2
2
0
5
3
4
1
2
3
6
3
2
4
5
2
4
2
4
4
4
0
1
1
2
5
1
5
2
3
1
4
5
3
1
2
5
0
1
3
6
2
1
3
4
1
1
7
8
5
1
1
3
1
0
7
3
2
10
3
2
2
1
8
2
4
4
6
5
1
1
2
5
2
4
3
2
2
1
3
3
3
3
4
3
2
2
5
6
7
2
4
2
1
2
9
10
7
2
2
1
3
2
4
3
3
1
4
3
2
1
2
2
4
4
7
6
2
2
2
1
3
4
3
2
2
8
1
1
8
10
3
1
1
1
1
4
4
3
1
3
2
0
0
3
2
4
1
3
3
1
5
5
4
6
3
1
1
1
3
6
4
2
2
2
2
1
1
3
2
1
2
1
5
1
1
4
1
3
3
1
2
0
1
2
7
1
2
1
1
4
3
16
5
3
3
2
3
3
1
2
5
2
1
4
1
1
1
2
2
5
6
13
3
1
1
2
3
2
4
3
3
1
1
1
7
1
5
4
3
2
2
1
4
8
2
1
2
2
1
1
2
3
8
5
3
1
1
2
1
2
2
0
1
2
1
3
2
5
5
1
4
3
1
1
4
2
3
1
6
2
1
4
1
2
4
1
6
1
3
1
5
2
4
1
2
1
1
1
4
14
4
1
2
2
2
5
5
3
2
0
1
1
2
1
3
2
5
1
4
4
1
1
7
6
3
5
2
2
1
6
9
1
1
1
2
3
4
5
7
1
1
2
2
3
2
14
9
3
2
1
2
7
1
5
6
9
1
2
3
2
3
4
7
6
6
2
3
2
1
13
4
7
1
2
3
5
2
2
10
4
3
1
7
3
2
4
3
3
2
1
2
3
1
6
15
3
1
2
4
6
2
3
13
5
3
1
4
2
5
7
3
12
12
10
1
1
7
2
4
3
1
7
1
1
0
2
1
5
2
6
2
2
4
1
4
10
4
22
4
2
4
1
2
7
3
2
6
10
1
5
3
2
2
2
2
1
1
0
2
4
8
11
1
0
1
1
9
10
3
3
2
1
17
3
1
2
3
14
1
2
5
2
6
2
2
1
1
3
1
1
7
2
2
7
1
1
1
1
2
1
2
5
0
3
2
1
12
1
2
3
4
3
2
4
2
1
3
1
1
3
6
1
7
1
3
1
8
9
25
14
4
1
2
2
2
3
7
7
1
1
7
2
3
3
9
6
2
3
1
3
5
6
8
3
5
1
5
2
2
13
37
31
2
2
6
5
7
4
17
7
5
2
5
2
2
10
1
1
1
2
2
4
1
1
3
4
0
3
2
1
2
3
1
4
4
1
2
1
7
4
2
9
10
2
3
0
7
7
1
1
1
2
4
6
9
2
3
1
2
5
21
6
8
4
2
2
1
2
5
16
13
1
1
2
2
1
3
2
5
0
1
1
3
2
25
10
2
1
5
1
4
10
11
33
4
3
3
8
1
1
11
7
7
1
2
3
2
7
4
3
2
1
1
3
1
1
9
2
1
1
2
0
1
2
2
8
2
1
0
2
2
4
0
2
1
1
0
4
3
2
1
2
3
3
2
2
1
2
3
1
10
21
10
29
2
0
2
2
7
1
5
9
2
1
2
4
3
2
4
2
1
4
2
3
2
5
2
1
1
1
3
2
8
7
2
5
9
2
2
1
1
8
7
6
1
3
3
12
9
3
3
3
1
1
1
1
2
4
1
2
0
2
4
11
2
4
2
3
2
1
4
2
5
9
8
3
0
3
1
1
2
2
1
1
1
5
6
2
1
2
6
1
2
3
4
2
3
1
2
3
2
3
2
15
2
4
0
3
1
1
2
12
2
1
3
2
1
2
3
11
3
2
3
2
1
1
6
12
2
2
3
3
8
2
1
9
6
2
1
4
1
1
3
2
5
7
7
1
3
3
1
4
1
1
2
2
2
3
3
2
3
4
10
2
2
1
4
1
1
3
2
0
3
5
23
12
1
2
1
1
29
11
2
2
3
8
3
1
2
8
8
1
12
5
25
2
1
3
3
7
1
4
2
1
5
1
1
6
8
8
13
2
7
8
1
3
12
9
6
1
4
3
6
1
9
3
7
1
1
2
0
1
4
2
1
3
12
2
1
2
3
4
1
2
1
6
3
3
1
6
9
6
4
2
3
5
5
6
3
4
2
1
2
2
5
1
2
5
8
5
2
1
6
3
5
1
2
4
2
3
5
5
4
2
7
1
19
4
6
5
25
1
3
4
1
1
6
7
3
7
3
4
3
5
7
5
10
4
3
4
3
2
6
5
4
4
3
2
1
1
4
4
4
1
1
5
2
3
7
1
7
1
2
2
1
3
3
4
9
4
2
3
2
6
10
1
1
1
1
3
3
3
8
8
4
3
1
5
0
4
3
7
1
1
3
8
1
14
4
3
1
1
1
0
6
7
8
4
0
2
6
2
1
6
14
7
1
7
1
2
11
14
9
9
2
4
2
2
1
7
6
7
1
3
0
1
1
2
8
1
1
2
1
2
2
6
2
3
2
3
1
2
2
2
1
3
3
1
1
3
1
1
5
7
5
11
2
1
1
2
3
2
6
8
0
2
1
1
2
5
4
9
0
2
1
3
5
6
8
2
1
1
3
3
1
6
5
7
3
3
1
2
3
3
5
5
1
5
1
1
1
8
5
6
2
1
3
3
1
5
12
5
1
3
3
2
10
4
3
5
3
2
1
2
8
8
4
3
1
2
2
2
1
1
3
1
0
1
1
1
1
7
1
6
1
1
3
1
1
3
14
11
3
5
1
2
2
1
3
5
1
2
1
3
1
3
2
5
2
3
1
0
2
2
1
2
5
2
0
1
2
1
2
1
3
1
0
2
1
1
3
7
2
1
1
1
1
1
16
4
5
2
1
1
2
1
2
1
1
1
1
2
2
1
11
7
2
4
0
1
1
6
1
5
7
0
2
2
1
7
6
17
7
1
1
1
1
1
1
6
20
1
3
1
2
4
2
8
7
1
1
1
1
1
22
2
2
1
3
2
3
23
4
3
7
2
2
1
1
1
28
4
2
1
1
3
2
12
2
5
4
1
0
2
1
2
5
2
2
1
1
1
1
2
5
3
12
1
1
1
1
0
1
5
4
4
21
3
2
0
2
3
2
3
11
2
1
3
2
2
3
1
2
3
1
1
2
3
2
3
4
10
1
1
2
2
4
11
3
2
1
1
1
3
1
2
4
2
4
3
2
2
1
2
10
3
1
2
3
2
3
0
6
2
0
0
1
3
2
3
3
6
1
0
2
1
2
6
9
8
5
0
1
5
9
1
1
1
2
3
5
2
4
2
1
1
2
2
2
6
6
3
1
1
1
1
6
1
1
9
0
0
2
0
3
1
3
4
1
0
0
1
2
3
5
7
1
1
0
1
7
2
6
2
0
2
1
2
1
1
2
4
1
2
1
1
2
14
2
2
1
2
3
1
2
15
1
2
1
1
2
1
3
3
0
3
12
1
1
2
2
1
1
24
3
2
2
1
2
4
4
11
11
2
1
2
1
4
3
5
4
0
1
2
1
1
1
7
6
2
1
1
2
2
2
12
11
1
3
3
1
6
1
5
1
3
3
1
0
5
1
1
3
2
4
0
1
0
2
2
2
2
1
4
1
2
5
3
3
4
2
3
4
3
2
3
2
3
2
1
2
1
3
2
2
2
5
2
1
0
5
1
2
1
2
2
0
3
3
1
2
3
0
1
1
0
1
2
5
1
1
1
1
0
9
13
1
4
0
5
1
1
2
7
2
1
1
3
2
0
3
0
2
1
2
0
2
2
6
2
6
2
1
4
2
1
7
4
3
2
2
1
0
1
5
1
2
3
3
2
1
1
3
4
6
1
1
2
1
1
1
1
4
2
3
3
2
2
1
1
13
3
4
5
1
1
1
2
3
2
4
3
1
3
2
9
4
1
3
1
2
1
1
1
2
3
3
0
4
2
1
3
4
6
3
4
6
2
1
0
1
1
2
3
2
2
1
1
3
3
4
3
4
0
2
1
8
5
1
2
1
2
10
1
6
2
1
1
3
1
10
2
2
3
4
1
4
6
5
8
4
1
3
2
3
1
4
6
2
3
1
3
1
2
5
3
8
2
2
0
2
1
2
4
3
3
1
1
4
4
2
6
5
1
4
2
5
1
5
3
3
3
1
4
1
1
6
13
8
2
1
3
1
1
2
1
2
1
1
1
2
2
1
2
1
1
6
3
2
1
1
0
4
3
3
7
7
13
4
1
1
1
1
1
3
6
4
2
3
1
0
3
4
3
2
1
2
1
1
3
3
4
2
1
2
4
5
9
2
4
9
1
1
2
1
1
5
0
2
0
2
0
4
5
12
6
4
1
1
1
1
1
2
1
27
12
12
17
10
2
2
1
1
5
4
14
18
2
2
1
6
2
4
6
4
1
1
2
0
3
4
2
2
1
2
2
1
3
12
15
3
1
4
9
2
1
13
6
2
1
2
2
2
12
2
5
1
1
1
2
1
3
6
6
5
1
1
1
2
3
2
4
4
1
1
0
3
2
1
2
5
1
4
1
5
7
4
6
1
2
1
1
12
11
2
9
3
3
2
2
11
9
7
2
1
0
3
6
2
2
2
2
3
1
4
1
7
11
2
3
2
1
3
2
8
3
3
4
2
3
1
1
5
5
5
3
1
1
4
4
1
1
1
2
1
1
4
1
7
1
1
2
4
1
1
2
1
6
6
3
9
5
2
4
2
2
9
3
5
4
5
0
2
3
4
7
5
2
2
4
1
1
1
3
3
2
3
4
3
2
3
2
2
2
1
3
2
1
3
3
15
6
2
4
2
4
4
24
6
7
2
2
2
1
8
4
12
4
2
1
2
1
4
7
6
7
1
1
1
2
2
4
5
20
2
3
3
1
5
2
2
19
2
2
1
2
1
2
2
9
4
2
1
1
2
2
2
5
3
1
3
1
2
3
2
3
2
2
2
1
1
3
6
2
3
1
1
0
1
6
18
9
1
1
1
2
1
2
3
18
3
3
1
2
0
1
15
8
2
1
1
3
3
3
3
4
6
1
0
3
4
4
2
2
28
1
1
1
4
4
3
5
10
5
1
3
1
2
2
8
7
4
2
6
2
3
11
21
5
1
2
5
3
1
3
1
2
1
2
4
4
1
1
4
4
2
1
4
2
1
4
0
4
0
3
1
1
2
1
4
15
6
3
11
5
1
1
2
34
8
7
5
3
9
1
5
7
9
1
18
6
3
0
1
5
24
1
4
2
5
5
2
9
2
3
2
3
7
2
2
4
18
4
11
5
5
11
2
23
5
5
2
4
3
5
1
5
5
1
4
2
2
2
4
9
3
1
9
2
2
2
2
31
4
2
4
2
2
8
8
7
7
1
3
3
3
6
3
1
2
2
1
5
0
1
10
8
3
1
12
1
2
8
29
15
3
1
10
8
6
4
4
4
3
0
1
2
12
7
2
3
1
0
1
2
0
4
1
3
2
3
1
1
2
5
1
1
10
2
2
1
4
12
5
3
2
6
5
3
33
30
2
2
3
3
2
4
2
5
7
1
2
5
4
17
7
3
2
2
1
2
11
19
36
8
2
31
2
1
2
11
7
37
2
1
6
2
10
6
1
1
1
1
4
1
2
9
10
4
2
1
1
2
6
2
2
10
4
1
6
1
1
1
1
4
3
3
8
5
2
8
1
1
1
2
1
4
1
3
2
2
5
19
2
1
4
1
6
1
14
10
5
5
2
11
2
2
1
4
11
3
1
2
5
2
11
9
3
1
3
1
3
1
2
8
1
2
2
1
1
1
1
8
6
7
2
1
1
1
3
1
3
2
3
5
1
13
4
3
3
3
2
2
3
7
5
13
3
0
1
3
6
5
4
4
2
2
2
2
2
3
1
1
2
2
1
4
2
5
8
1
8
2
1
2
3
7
8
3
2
1
1
1
3
7
5
1
1
1
2
2
0
4
4
1
2
10
14
1
1
3
1
2
3
23
4
2
1
1
0
6
7
18
17
4
1
1
1
3
7
4
3
1
2
1
2
3
4
5
5
2
2
3
1
1
5
10
8
1
1
0
2
4
15
6
4
1
3
1
4
4
5
4
2
2
4
1
1
3
7
6
8
10
3
0
2
5
1
12
16
3
1
1
0
2
4
2
31
9
12
3
1
2
2
3
4
4
2
5
0
2
2
1
4
3
1
2
0
2
3
1
4
2
2
0
1
2
2
6
5
7
1
1
1
3
3
2
7
5
5
7
1
2
2
4
12
11
2
2
4
1
4
6
5
6
2
1
1
2
2
13
14
4
1
1
3
3
2
3
5
6
4
12
3
2
4
9
5
29
3
1
1
3
1
4
5
2
1
1
2
1
3
4
4
3
2
1
7
1
0
5
1
5
1
2
1
2
1
3
20
7
6
5
1
7
5
2
1
3
8
3
1
1
7
5
0
3
12
3
2
2
3
2
2
4
2
3
4
2
0
1
2
4
28
1
6
1
3
2
5
9
5
7
1
2
1
5
2
3
6
6
0
2
1
1
1
4
2
6
1
1
1
2
1
2
2
1
6
3
2
8
11
1
1
4
1
1
2
2
2
2
2
2
4
0
1
5
3
8
4
1
2
2
2
6
4
2
1
1
1
2
2
5
8
1
1
2
4
1
1
5
20
2
1
3
1
1
1
4
4
15
4
4
4
2
1
23
2
3
3
2
6
13
4
9
1
2
2
1
3
13
4
1
3
1
1
2
4
19
21
7
3
8
10
8
2
21
2
4
1
3
3
2
8
3
1
1
1
2
6
1
2
4
1
2
2
2
1
2
9
8
4
9
2
10
5
3
2
3
6
3
2
13
2
6
7
2
9
3
3
7
5
19
3
5
2
3
13
19
8
8
16
8
3
2
2
11
14
3
3
8
3
2
4
3
12
1
2
1
3
1
2
4
3
3
2
2
0
1
6
3
8
10
2
2
2
3
4
6
4
1
2
2
1
12
2
6
1
1
1
0
4
9
3
3
2
1
3
2
2
5
2
1
1
2
2
2
2
4
3
8
2
1
1
4
2
7
3
2
4
1
1
0
2
2
1
1
1
0
3
2
2
4
2
3
1
1
8
1
4
3
2
10
15
3
6
3
2
1
4
5
5
10
1
1
1
1
1
8
6
8
5
2
10
3
4
4
8
12
10
1
2
2
3
5
3
11
2
1
2
5
1
3
3
1
3
3
4
2
13
9
6
7
5
7
3
1
1
2
8
3
10
6
5
1
0
0
2
2
7
3
1
6
5
1
4
2
3
2
2
5
1
1
4
7
2
1
0
2
2
2
4
6
16
2
4
1
2
1
3
2
9
2
2
1
2
2
4
10
18
8
2
1
2
3
2
6
4
14
1
3
3
1
5
4
2
11
2
9
3
4
9
1
5
17
2
5
5
8
2
8
5
3
1
2
2
2
4
2
3
1
2
2
3
1
3
3
1
2
1
2
2
2
5
4
4
4
11
11
2
4
3
1
1
4
8
5
3
2
3
1
2
1
4
4
5
2
2
2
4
10
7
4
5
0
1
3
2
8
3
6
2
4
9
1
1
3
4
2
2
1
2
0
5
3
12
4
5
1
1
1
1
4
3
6
2
2
0
2
2
2
1
0
2
1
2
28
3
3
2
2
1
5
2
5
3
2
2
2
1
1
1
3
12
5
2
1
0
1
2
9
12
1
2
1
1
1
1
7
4
1
4
1
5
1
5
6
3
2
2
1
4
4
6
3
1
2
1
4
7
9
1
1
1
1
1
1
5
4
4
1
1
2
5
1
7
2
4
3
2
2
1
1
12
3
0
3
2
6
0
3
4
1
4
1
1
0
3
1
0
1
1
3
3
5
4
7
1
1
1
2
7
4
3
9
2
3
1
2
2
3
2
2
1
4
3
1
5
2
3
5
0
5
0
2
2
3
1
3
10
1
1
2
5
10
7
4
1
0
4
1
12
12
3
2
1
1
2
5
4
3
3
1
3
3
1
12
1
1
3
3
1
1
1
22
4
1
4
1
4
3
2
3
10
7
1
2
0
1
1
3
2
2
1
2
1
2
1
8
2
1
1
6
6
3
2
2
4
7
7
4
2
2
1
2
1
2
9
2
4
1
9
3
3
4
15
12
3
2
2
2
1
9
16
4
0
1
1
0
2
6
8
1
1
6
2
2
7
3
3
8
5
4
4
3
2
1
2
9
4
6
7
2
2
1
6
2
6
1
3
2
1
5
4
2
7
2
0
3
3
1
1
17
6
7
3
1
2
2
2
2
10
4
6
2
3
7
4
9
9
4
1
3
1
3
4
2
4
19
2
3
2
3
4
3
31
7
4
1
1
1
1
7
3
5
1
1
1
2
9
2
5
2
1
2
7
4
1
1
2
7
1
1
1
2
5
1
2
9
5
3
2
3
7
1
1
1
0
10
3
2
3
5
1
20
2
6
2
2
11
7
1
4
4
1
1
1
3
4
0
5
5
1
1
3
3
1
1
6
2
2
2
2
3
1
1
1
5
1
5
3
1
11
32
5
1
1
2
3
3
6
3
3
3
2
1
1
23
6
2
2
1
2
4
1
1
4
6
3
3
1
1
1
1
6
3
2
8
1
9
1
2
8
2
2
4
1
9
8
9
10
4
2
1
1
2
30
12
26
1
3
3
2
7
1
3
2
2
1
4
1
4
3
1
14
2
2
0
1
1
6
3
7
4
1
1
1
3
14
2
3
2
4
5
2
14
6
1
11
2
4
14
2
2
5
5
3
3
3
3
1
0
0
2
4
0
3
2
3
2
3
0
2
2
3
2
4
2
1
1
1
7
3
2
4
1
5
1
2
2
1
2
3
1
3
7
3
3
8
4
1
1
1
1
3
7
4
3
3
2
1
2
3
1
2
2
3
2
1
1
5
2
2
3
24
1
1
7
4
2
4
2
15
3
3
3
2
2
3
2
6
11
2
4
1
1
4
8
3
3
0
1
3
5
4
3
1
10
1
2
7
2
1
2
5
6
24
1
4
5
2
9
2
5
7
1
4
1
1
1
7
1
4
1
8
3
1
1
3
1
1
3
2
3
1
1
2
8
8
2
2
2
2
2
1
3
7
0
1
3
3
7
3
2
5
0
2
4
3
3
2
4
5
1
3
2
6
3
2
1
1
1
2
2
1
4
4
4
10
1
1
3
5
4
4
2
5
7
10
2
1
3
10
1
2
9
7
2
2
3
3
7
7
1
6
2
2
1
4
0
5
4
1
4
1
1
1
2
4
1
1
4
5
1
2
7
27
1
4
10
3
2
6
11
4
10
4
7
5
8
28
3
1
1
5
1
2
1
2
4
5
2
8
1
1
7
7
4
1
8
4
3
3
5
4
4
18
1
2
1
22
4
23
1
7
3
4
6
1
1
2
1
2
1
2
3
5
6
7
1
4
3
1
2
2
1
9
3
1
1
2
3
10
2
3
1
3
4
1
1
7
12
3
5
4
7
1
2
1
1
1
3
2
1
4
1
2
5
2
4
8
14
2
2
2
2
3
4
8
3
3
1
2
2
2
12
3
7
3
5
2
1
5
2
2
3
2
1
1
4
2
1
1
3
1
2
2
1
2
2
2
2
20
13
3
2
3
8
2
10
5
21
1
2
2
1
3
6
4
1
1
1
2
9
1
7
1
3
3
5
1
3
1
2
1
2
24
1
6
1
1
1
3
4
2
3
1
1
2
4
3
3
1
2
1
4
1
3
3
1
2
2
2
1
1
1
2
5
12
2
3
1
5
1
4
5
1
4
2
1
0
4
1
2
1
2
3
5
3
1
3
0
2
1
3
1
2
2
3
5
24
2
2
6
1
1
1
1
8
3
3
3
1
5
5
1
2
7
2
1
0
1
2
0
6
4
2
3
1
1
3
2
7
7
1
7
1
13
2
3
7
1
1
2
2
3
3
8
1
2
2
4
3
2
2
4
3
22
2
2
1
5
9
2
4
4
2
6
10
2
3
1
2
1
4
4
2
8
4
1
1
1
2
2
3
1
4
2
3
1
3
0
2
6
5
25
3
8
2
1
1
2
2
6
8
2
1
2
1
0
1
5
2
9
4
1
1
2
2
6
1
2
1
2
1
4
9
4
2
2
2
1
1
2
1
3
1
1
1
2
3
0
5
1
1
2
5
7
3
1
2
1
4
5
5
2
2
3
1
2
4
3
1
3
4
2
4
2
7
1
3
12
3
3
1
2
4
2
3
2
7
2
9
4
4
1
1
2
2
4
1
3
3
1
1
7
9
4
3
2
3
3
2
6
2
3
4
5
1
1
3
2
7
1
2
1
2
10
2
1
8
8
3
1
1
1
1
0
7
4
1
1
1
1
1
2
3
3
1
1
4
1
0
14
5
4
1
2
3
9
2
5
5
4
2
3
2
2
2
4
1
5
1
5
5
3
6
2
1
5
5
2
6
1
5
1
5
1
1
2
17
1
7
2
3
1
1
1
1
0
1
2
3
10
1
1
2
1
1
1
4
6
2
1
2
0
2
3
5
3
2
5
2
2
2
4
1
1
2
4
1
2
3
2
1
2
11
9
4
1
1
2
5
10
5
1
2
4
3
0
2
10
3
3
13
3
2
10
2
4
7
6
1
3
1
2
0
6
14
5
2
1
1
1
1
5
8
2
1
1
1
2
1
8
2
6
3
7
1
2
5
2
2
1
6
5
6
2
2
0
3
2
2
10
1
2
1
2
3
3
5
5
1
1
3
1
10
1
4
8
1
1
1
0
7
2
0
2
1
1
2
3
2
1
6
6
2
1
4
1
3
5
2
1
5
2
2
1
2
4
1
2
4
3
4
2
1
2
1
7
3
5
0
1
2
1
1
1
1
5
3
0
2
1
1
1
2
6
4
5
4
0
1
7
4
3
17
3
3
3
3
1
4
4
2
1
2
1
3
1
10
2
2
1
16
3
5
