162
156
177
147
125
141
151
245
182
157
108
122
151
206
191
107
131
171
161
101
116
141
207
212
278
210
225
222
327
275
215
207
245
184
212
290
228
185
232
188
218
241
160
204
190
210
126
170
207
192
242
144
191
184
238
278
272
339
324
297
236
299
278
232
247
233
201
229
223
324
299
262
288
264
329
271
309
302
278
329
296
266
278
309
250
220
215
215
224
197
149
208
196
198
221
196
156
251
241
209
236
195
288
229
293
235
280
323
231
259
168
237
193
131
159
32
130
132
112
145
196
34
125
147
108
198
78
135
144
122
26
131
123
92
65
118
136
129
103
161
222
223
205
176
181
199
225
264
243
196
175
192
244
251
180
187
202
251
182
188
208
229
293
262
214
329
239
279
143
174
146
133
138
137
165
114
84
96
103
83
96
168
127
140
144
178
143
192
165
157
234
251
194
220
170
252
155
141
115
112
113
120
114
157
154
111
132
141
118
125
126
131
129
146
131
131
148
148
142
130
202
242
166
151
182
184
287
174
143
191
145
204
210
145
121
141
100
203
261
217
214
188
168
140
184
130
255
264
220
229
280
223
243
196
264
215
243
236
238
202
276
257
276
196
237
259
182
197
156
227
231
269
204
293
288
189
243
194
285
210
328
265
310
287
225
196
258
282
280
277
233
208
258
254
263
218
181
269
294
253
183
249
266
195
306
169
273
161
278
253
230
164
196
226
221
223
248
157
168
205
227
184
183
216
217
199
134
143
247
291
177
158
148
180
170
294
299
315
256
268
290
264
236
324
303
259
269
236
202
264
266
264
235
207
231
217
226
179
245
276
220
317
274
275
227
265
219
177
251
231
199
297
284
239
194
182
196
295
215
233
218
237
177
179
228
211
175
171
178
208
233
275
147
133
170
193
167
152
113
256
303
232
280
273
232
246
193
196
225
198
255
292
287
213
276
259
182
278
217
251
205
222
285
205
232
190
224
309
236
233
223
233
213
262
256
233
241
223
220
232
202
235
227
261
203
253
260
235
210
128
204
217
224
199
206
114
233
176
186
181
232
106
111
113
98
112
194
187
163
197
247
240
216
281
299
304
191
94
111
158
187
199
199
111
86
152
175
171
175
81
120
101
86
93
108
100
98
100
237
219
174
218
223
232
95
172
148
152
125
115
115
76
78
68
84
87
79
127
135
116
109
99
122
116
93
113
141
122
122
135
116
109
87
48
97
83
54
58
78
92
131
119
95
86
113
88
84
65
60
78
146
86
89
116
131
108
149
107
117
111
207
137
178
158
211
248
217
110
154
179
171
193
188
106
114
152
164
151
178
153
164
164
218
199
240
291
285
272
217
230
161
214
177
149
202
214
166
241
196
198
203
170
181
185
136
157
122
136
147
164
227
222
213
225
194
191
146
155
109
116
153
150
145
145
135
148
147
127
100
114
110
141
168
141
96
119
123
109
168
159
118
215
158
221
125
174
154
174
217
182
176
90
86
108
117
113
120
136
173
165
135
147
134
115
113
100
184
130
142
237
196
237
187
175
178
113
166
169
190
189
169
126
196
214
201
271
99
153
169
137
114
148
159
157
149
112
175
191
236
202
224
217
196
156
148
204
151
200
223
183
160
217
159
191
175
161
217
161
230
212
194
211
283
257
313
241
304
236
207
220
203
177
216
153
237
222
189
185
227
156
215
227
177
229
179
231
149
189
154
210
262
218
265
194
291
220
208
193
193
188
156
214
216
264
250
196
152
207
241
305
184
188
213
244
207
189
223
216
212
242
225
234
196
255
283
303
269
235
246
202
177
288
302
228
205
184
162
272
223
237
198
162
266
190
149
167
222
172
202
264
185
158
218
110
179
182
194
184
169
118
188
162
167
158
162
159
110
112
126
112
174
177
170
154
282
265
241
277
232
232
157
127
183
231
176
144
158
86
112
192
176
130
154
167
128
113
93
92
166
145
124
125
274
203
215
195
210
182
219
128
148
185
131
145
133
146
134
199
138
161
162
103
109
83
103
97
119
86
111
96
206
202
240
215
269
264
231
158
250
226
247
212
263
211
194
186
193
216
211
157
165
173
205
184
272
239
251
262
279
275
302
287
342
309
288
255
290
235
236
277
234
277
327
241
239
288
266
283
277
274
267
290
249
250
278
289
298
249
280
299
311
264
225
224
197
193
235
239
188
253
216
202
245
244
201
226
210
238
274
208
222
213
230
227
245
235
253
282
244
256
300
242
237
261
251
229
212
276
263
250
225
224
197
237
232
216
219
187
258
227
214
223
289
254
301
249
298
247
245
164
197
223
264
286
211
226
252
264
312
273
241
252
232
211
192
219
257
247
225
247
303
245
262
305
254
280
210
248
285
265
238
297
266
204
198
169
156
190
172
316
263
282
257
252
280
293
277
280
313
316
304
289
279
338
161
188
192
198
211
175
191
220
243
138
172
130
153
231
153
185
148
171
174
221
173
190
199
219
217
207
199
231
203
241
185
137
137
107
121
219
289
198
183
174
187
205
143
155
117
141
190
181
173
187
232
219
206
212
233
238
177
159
112
206
143
189
165
146
42
175
148
114
100
126
137
277
195
203
88
106
124
147
144
139
138
185
205
187
102
168
162
214
211
244
232
145
120
112
90
85
101
120
202
142
146
189
143
124
136
157
199
208
269
243
203
222
193
215
137
179
136
135
136
244
164
218
165
195
172
192
252
164
190
162
154
117
149
108
202
204
198
177
192
194
215
99
86
164
169
142
93
121
109
163
192
179
108
104
118
130
141
123
93
98
132
111
222
179
153
198
158
164
148
97
132
102
129
108
115
188
230
235
208
150
189
229
232
183
165
200
259
255
208
280
264
200
229
242
245
246
240
198
210
214
213
232
250
189
221
243
225
224
246
249
165
236
236
227
190
233
224
243
234
226
221
241
230
289
184
230
243
137
184
145
214
164
209
133
165
104
163
170
122
174
165
231
144
166
125
187
202
167
188
197
248
221
145
37
119
150
177
211
174
77
171
156
169
195
195
79
107
35
95
50
127
158
169
174
136
253
150
204
259
207
216
185
174
241
214
150
191
174
188
211
139
127
171
184
207
177
109
152
198
139
146
142
200
162
179
127
176
135
174
213
214
215
139
186
146
228
222
179
131
176
152
224
211
174
243
177
195
141
181
143
179
234
191
220
188
208
124
123
145
95
145
128
84
193
170
87
126
113
51
173
105
176
142
75
128
149
133
85
153
147
115
211
121
105
232
178
173
120
145
150
123
176
178
106
159
173
126
226
84
127
173
154
80
114
149
152
115
95
75
174
117
164
183
233
213
159
127
138
136
175
183
172
138
169
163
200
152
110
136
140
131
104
147
135
145
159
157
178
205
207
161
134
141
113
113
106
96
226
241
176
203
194
130
253
237
214
187
129
228
262
227
137
215
171
105
231
138
120
206
247
252
188
150
141
172
178
210
186
183
171
163
253
179
156
133
169
193
165
149
160
200
180
183
206
184
158
141
86
106
122
118
98
109
102
162
150
174
109
131
131
81
80
77
59
116
133
117
94
188
128
126
162
161
90
121
158
114
182
167
167
127
137
112
160
172
153
147
158
162
150
114
107
114
132
141
94
174
158
141
157
227
148
136
145
149
194
192
233
221
172
107
109
86
123
98
160
152
111
166
135
174
159
194
185
215
244
253
240
257
276
95
81
96
94
82
86
110
170
239
159
163
176
186
211
183
161
181
168
216
178
221
204
149
246
235
204
167
227
95
147
201
205
210
205
209
138
92
101
85
124
90
150
173
142
189
142
212
230
176
183
202
199
191
186
202
226
230
153
167
186
153
189
240
216
210
255
158
224
206
217
182
154
206
136
168
195
166
172
138
259
198
126
175
158
211
230
181
234
212
208
173
225
213
270
228
231
204
228
238
284
280
206
215
248
210
238
256
280
241
304
252
228
267
310
260
212
187
226
229
291
272
224
232
236
245
287
233
229
248
275
234
255
248
275
219
231
242
235
290
283
207
97
165
194
222
182
178
116
220
196
207
194
189
170
101
115
167
112
163
196
266
230
218
168
165
221
214
196
158
131
94
138
192
132
118
106
77
149
148
102
61
78
98
165
192
139
65
78
60
64
164
109
76
196
112
130
176
146
132
134
120
114
123
171
116
160
174
157
192
142
224
147
119
163
187
142
137
108
204
154
174
270
241
176
194
195
135
215
237
182
209
339
263
173
206
265
240
268
170
205
257
239
136
144
198
202
194
177
219
208
198
229
237
206
209
202
187
176
171
204
202
182
181
160
158
206
176
167
170
149
187
184
195
164
230
242
240
237
213
239
210
223
134
252
248
279
299
165
112
162
137
229
165
121
230
185
197
224
110
104
149
125
230
235
289
221
292
275
220
131
200
194
158
181
156
157
225
167
157
161
160
159
122
125
121
125
142
155
166
168
240
256
233
215
225
227
98
128
93
127
127
88
121
109
84
114
116
116
117
93
166
145
123
162
122
122
116
128
226
170
227
205
264
192
166
209
170
207
172
204
175
189
201
178
169
151
160
167
237
230
184
231
189
173
170
176
333
337
325
299
369
311
197
149
119
147
164
153
202
127
114
108
123
122
135
97
85
88
100
106
117
131
126
120
280
278
190
296
222
199
149
164
138
241
273
282
229
172
110
160
144
149
130
144
182
155
166
143
122
122
148
131
276
254
229
345
286
288
268
261
215
177
174
188
190
248
184
181
145
152
190
220
145
116
123
168
151
125
127
178
197
211
258
260
237
245
308
263
240
278
232
220
237
261
304
247
210
220
221
269
246
240
247
226
222
191
217
215
233
285
243
226
319
233
182
230
182
308
338
245
256
207
158
182
171
149
167
177
225
234
194
208
174
191
178
168
320
240
285
298
265
234
241
164
218
266
238
210
208
127
202
218
210
178
170
136
136
117
118
112
225
254
263
250
280
242
228
265
273
285
203
220
110
178
262
228
248
152
91
134
160
147
159
131
192
240
228
245
98
114
118
116
210
295
211
248
251
271
210
250
171
205
190
172
171
156
263
248
252
252
162
132
162
157
139
132
226
223
237
142
208
216
175
239
161
135
173
181
202
140
191
189
175
272
180
213
219
211
220
201
219
221
195
243
161
186
171
194
226
231
238
276
254
243
154
163
154
189
211
238
212
118
138
122
145
163
182
164
152
192
163
151
164
200
189
173
256
217
194
250
222
246
112
147
77
96
110
102
125
173
110
122
115
80
128
140
190
175
138
184
145
136
109
139
281
247
192
239
209
205
171
92
132
190
178
208
188
113
165
219
144
145
154
130
107
76
83
101
190
136
134
117
184
192
174
203
211
236
216
231
198
172
182
174
215
228
216
191
203
178
193
289
194
211
182
210
163
167
152
169
237
201
175
275
221
207
292
253
256
167
204
214
229
229
210
184
222
248
241
249
161
193
198
205
154
201
184
227
201
197
171
246
205
214
215
183
252
168
206
221
202
276
247
119
161
205
224
226
128
190
229
223
138
174
231
221
193
178
145
274
224
291
168
127
111
199
178
227
198
143
136
205
179
208
195
244
187
192
171
204
177
160
144
174
200
237
224
212
251
238
179
166
143
139
151
129
156
215
267
143
151
148
154
246
196
176
201
187
175
183
185
165
238
222
175
211
169
172
169
176
204
194
180
143
203
105
130
122
131
85
126
234
230
216
154
191
245
200
186
240
256
239
281
169
235
228
161
126
176
216
214
153
234
115
156
149
140
135
121
149
107
105
97
93
180
171
131
126
244
156
174
149
180
130
120
125
98
120
107
111
89
174
131
168
192
110
83
137
202
185
148
109
196
231
209
212
260
177
167
196
174
217
229
213
197
203
192
178
207
258
199
227
240
222
241
211
217
220
207
219
184
220
191
212
187
178
183
267
292
237
156
174
267
249
180
178
214
96
157
147
176
113
132
195
177
144
164
142
236
184
172
182
199
207
225
178
197
172
139
165
112
166
123
192
106
201
185
151
179
155
142
160
164
181
209
155
119
155
135
128
142
232
149
143
117
166
272
264
308
257
209
229
205
309
258
276
229
264
230
264
317
267
291
257
250
225
217
220
303
310
262
265
283
278
216
266
241
243
223
240
224
268
215
193
224
229
235
270
240
224
243
230
233
188
209
201
266
288
277
300
329
305
257
182
241
210
254
222
234
238
260
202
272
257
216
189
211
214
204
197
173
237
225
200
240
235
256
276
269
258
269
236
216
188
205
236
196
250
238
210
228
254
223
205
185
197
209
195
216
243
213
214
287
235
255
244
286
231
224
272
233
247
228
228
224
233
192
163
153
151
187
302
223
198
203
261
212
181
182
244
244
299
254
248
232
244
290
334
199
271
260
285
264
296
229
261
222
236
273
219
274
281
293
269
187
173
167
199
264
280
281
315
222
266
298
197
222
219
245
241
264
219
245
230
254
258
262
193
167
184
191
185
177
207
274
242
259
217
259
269
282
268
216
237
197
229
202
199
217
240
261
181
214
194
193
262
167
202
176
179
156
196
169
201
250
231
240
252
249
283
268
94
86
212
137
100
181
90
69
221
135
105
191
170
96
82
77
89
61
51
41
60
113
92
166
133
99
104
50
110
112
86
115
163
139
24
99
114
110
36
119
96
106
107
115
117
129
140
117
147
231
103
199
119
237
132
138
171
101
208
198
219
215
107
20
116
143
130
134
92
167
171
153
155
92
88
90
85
225
220
254
196
226
247
105
87
47
92
87
85
126
210
61
126
124
147
127
68
143
121
132
96
40
40
74
82
149
182
77
147
73
95
153
174
104
152
117
42
58
123
144
174
169
115
74
81
118
105
42
22
138
112
84
80
175
118
95
167
123
120
138
145
135
103
99
82
118
118
117
112
102
63
132
171
104
143
81
125
105
120
97
137
106
54
161
80
130
80
179
133
182
73
142
116
150
189
227
61
147
134
195
175
73
119
133
189
76
186
138
191
90
90
83
154
181
198
145
72
128
76
121
140
111
50
120
65
137
152
124
38
18
77
83
93
47
91
110
85
79
71
34
139
123
154
166
152
170
219
161
145
149
276
271
177
224
175
261
246
165
208
177
259
184
244
200
234
192
140
147
229
268
246
205
195
136
140
106
122
132
221
186
155
148
149
169
134
181
158
150
207
90
94
80
97
176
202
228
167
197
194
208
214
195
95
159
174
160
190
179
109
180
143
174
213
87
148
183
150
76
127
153
132
115
81
97
130
181
151
174
172
145
113
140
81
97
161
135
119
123
81
82
155
117
124
61
72
110
124
67
76
148
92
109
98
118
97
213
229
227
156
129
106
125
203
288
166
194
145
179
212
151
111
141
109
162
198
123
186
143
125
133
157
287
140
235
295
198
238
230
187
220
284
262
216
265
223
220
247
233
273
228
205
194
235
187
197
275
213
245
263
250
211
214
211
206
187
203
190
166
202
220
197
193
163
177
214
189
197
196
171
226
221
213
193
204
253
234
213
196
190
200
215
211
159
186
204
199
223
218
170
190
172
223
255
183
185
195
236
179
188
174
195
223
155
191
192
215
235
137
142
168
135
131
110
159
141
134
115
136
113
116
148
190
222
194
187
123
182
155
173
168
165
186
267
169
161
128
79
133
82
129
99
92
136
158
176
193
175
174
89
157
113
121
97
94
187
132
147
129
185
143
139
184
153
182
266
78
136
143
154
182
217
80
156
179
131
177
83
141
157
147
212
68
79
78
57
214
188
107
197
121
108
119
121
156
147
135
89
152
105
112
176
142
179
169
133
132
113
90
132
153
135
95
150
234
171
257
144
261
180
133
91
84
123
28
104
81
74
109
130
85
127
100
5
82
1
27
22
94
152
95
132
81
114
109
97
173
81
94
74
104
102
101
98
89
149
96
161
160
143
165
78
116
122
102
104
93
101
112
113
220
181
181
176
177
210
104
81
89
184
180
207
178
106
97
87
113
92
89
77
53
85
75
81
84
90
85
86
169
153
171
160
156
161
124
64
77
92
95
41
65
92
80
106
114
79
86
129
98
83
150
107
119
100
116
194
95
93
142
91
109
116
245
228
75
199
192
192
176
259
80
208
234
207
206
79
199
209
215
180
41
38
30
8
273
303
309
287
292
309
192
240
109
138
135
149
140
211
99
144
101
142
125
102
144
115
161
146
146
113
137
131
258
274
263
234
232
333
78
90
116
103
97
91
99
84
120
139
129
121
120
123
92
78
59
77
144
128
133
158
277
227
238
288
250
262
165
168
161
111
95
69
94
195
197
115
116
76
111
181
111
105
84
104
135
110
103
123
239
200
239
244
249
212
120
178
138
103
143
130
135
164
166
150
175
152
158
159
129
128
132
116
95
128
124
127
138
119
121
230
194
198
149
203
178
231
209
178
190
230
109
162
146
132
139
126
190
175
184
196
152
186
166
143
266
191
203
204
193
278
187
186
139
175
133
153
141
179
95
164
167
172
144
134
152
130
143
122
102
84
89
96
182
257
208
224
217
245
187
160
185
158
219
207
179
267
172
118
159
167
147
173
118
148
143
126
145
152
143
129
193
160
187
264
198
214
216
162
142
160
145
149
158
203
192
251
177
200
168
328
185
258
309
192
190
235
290
169
186
219
166
298
164
216
153
272
235
190
157
124
88
169
163
108
117
80
54
207
150
143
102
78
206
188
164
111
214
199
116
221
156
178
174
127
142
91
110
74
94
82
194
109
132
95
109
120
114
109
93
97
134
173
124
142
154
157
199
167
194
176
237
124
163
57
80
41
27
115
189
57
75
63
22
201
149
146
126
116
94
112
101
84
139
194
162
161
167
222
211
163
195
187
168
207
123
216
348
153
136
136
110
221
124
123
130
97
142
134
131
104
256
247
156
211
149
170
99
115
134
162
129
121
132
199
150
111
97
112
112
202
154
138
128
139
191
157
172
187
182
155
171
152
165
266
222
61
100
75
79
70
77
72
110
84
88
84
83
121
86
77
81
124
150
147
144
160
250
239
148
313
140
142
190
168
125
168
144
184
158
242
179
167
159
166
143
218
134
150
140
114
98
115
99
90
201
220
208
176
173
191
207
226
194
195
226
223
216
228
165
171
201
174
208
208
189
207
203
236
221
252
244
232
353
295
228
317
261
272
191
162
246
179
223
121
136
224
215
156
215
197
210
181
166
192
187
213
167
229
137
164
242
156
173
181
215
251
293
231
268
156
167
159
173
225
273
133
139
128
148
257
132
138
145
149
123
137
129
147
289
236
249
294
295
302
165
212
190
201
236
221
225
236
222
125
208
200
212
188
171
228
199
198
171
223
213
206
214
215
179
309
300
317
109
176
100
155
171
218
161
189
110
117
163
107
219
150
171
219
187
242
93
120
102
129
168
160
166
191
211
179
313
292
245
223
256
234
198
278
247
243
256
264
235
220
221
248
251
196
188
200
196
246
279
290
214
275
199
228
339
223
206
202
249
223
223
237
232
214
253
238
236
279
215
235
271
264
217
223
220
238
270
236
242
265
271
359
222
164
102
182
173
179
185
195
99
134
170
164
160
127
126
162
151
158
88
103
99
95
166
218
211
287
256
264
0
1
2
1
3
0
4
2
3
3
1
2
1
2
0
1
0
1
1
1
1
1
2
1
5
1
2
1
2
2
0
6
1
1
1
2
4
2
0
1
2
0
1
0
1
2
1
2
8
4
2
1
5
4
1
1
1
1
0
6
2
1
0
8
1
1
1
2
1
3
4
5
0
0
1
6
3
2
4
0
1
0
1
1
1
3
1
4
1
0
0
4
3
2
4
2
0
1
1
1
2
0
3
1
0
1
2
2
2
2
1
3
1
1
3
2
2
1
2
1
1
1
2
1
3
1
1
1
1
1
1
4
1
3
8
2
1
1
1
1
1
1
6
2
2
1
0
4
5
1
7
2
1
2
0
1
1
1
0
0
1
1
0
1
0
0
0
0
0
2
0
1
0
2
4
1
1
1
1
1
1
0
0
1
4
3
4
5
0
1
1
3
1
1
1
1
4
10
2
2
3
2
1
3
2
0
0
1
1
1
1
1
3
1
0
0
0
1
0
1
2
1
0
0
1
2
1
1
1
0
1
8
1
2
1
2
4
1
1
1
4
1
1
3
2
2
1
2
3
2
1
0
0
0
0
1
2
1
0
0
1
1
1
1
3
1
2
0
1
1
0
1
1
1
1
1
2
3
0
1
2
1
1
1
1
1
0
1
4
1
1
2
3
2
1
1
3
3
0
11
2
2
0
1
7
0
2
1
1
1
1
2
5
1
3
2
1
1
0
0
3
8
15
5
3
5
2
1
3
0
2
3
2
10
4
3
1
2
8
2
1
0
1
1
1
4
18
6
3
1
0
1
3
1
0
1
3
1
5
1
6
1
3
2
3
2
0
3
3
6
1
1
1
2
1
16
2
2
3
1
2
1
1
1
2
1
4
1
3
1
2
1
3
3
2
1
1
3
1
4
1
3
0
2
2
0
2
4
2
1
2
0
0
2
1
1
2
1
1
2
3
3
1
0
1
24
1
1
0
1
1
1
8
2
4
2
1
0
0
1
3
17
1
1
1
1
2
1
2
1
1
3
2
1
0
1
4
4
1
2
3
2
4
0
1
2
1
1
1
2
13
1
8
2
1
1
7
21
2
1
0
1
1
1
3
3
7
2
1
2
1
2
7
4
12
1
2
2
1
7
4
6
3
1
0
1
1
8
1
8
2
1
2
1
2
2
9
3
2
1
2
1
0
3
1
5
1
2
2
1
2
12
1
4
1
3
2
3
1
1
3
4
3
1
2
1
0
2
4
1
1
1
4
3
6
1
5
4
1
9
1
1
1
1
1
3
1
1
2
2
0
1
11
4
1
3
2
1
1
2
2
1
4
0
1
2
1
6
23
3
2
3
2
1
0
1
1
4
1
1
1
1
2
1
2
2
0
1
1
0
0
1
1
0
3
2
2
4
1
2
2
2
2
1
2
2
2
0
2
1
1
0
2
4
2
1
1
1
3
1
2
1
1
1
2
0
1
1
1
2
1
1
0
0
1
1
2
2
0
1
0
3
1
2
4
3
1
0
2
0
1
1
3
1
2
1
1
1
0
1
2
6
4
2
1
0
1
2
6
1
2
1
1
1
0
1
1
3
1
2
2
1
0
4
5
2
2
1
4
0
0
0
3
1
4
1
1
7
1
1
4
3
3
1
4
2
0
1
2
2
2
0
2
1
1
0
3
11
7
2
7
2
1
1
2
1
2
2
1
1
1
1
2
3
0
2
1
3
0
0
1
2
0
2
1
1
3
0
1
1
0
1
4
2
0
3
1
1
2
1
0
2
1
1
1
0
2
2
4
1
2
1
1
0
1
1
1
1
1
2
2
2
1
2
1
1
1
1
1
1
3
3
0
1
2
1
1
1
1
2
1
1
3
1
4
1
2
2
1
2
1
0
1
2
1
5
0
2
2
1
2
1
0
1
1
1
2
1
1
0
0
2
2
1
3
0
0
1
0
1
1
1
1
1
2
1
3
4
1
2
1
3
2
0
2
3
1
1
1
0
2
0
0
3
0
3
1
2
3
9
2
2
1
0
1
3
1
4
1
2
1
1
1
3
1
3
2
4
7
4
0
1
1
1
2
1
2
3
1
1
0
1
0
1
1
4
2
2
1
2
2
3
36
7
2
2
5
1
1
0
4
3
3
1
0
1
8
1
5
1
2
1
1
2
7
8
1
1
1
3
1
1
2
3
1
1
1
1
3
0
1
2
2
2
3
1
0
0
1
5
1
1
2
2
1
4
1
1
2
1
1
2
0
3
1
1
0
14
1
2
0
4
1
1
3
3
2
1
3
4
12
9
1
1
1
2
1
0
2
1
1
1
4
2
2
1
1
6
2
3
1
1
5
1
1
1
2
2
0
4
1
1
4
1
4
2
5
4
0
3
3
5
5
2
3
6
1
2
4
5
8
1
1
6
3
1
2
1
7
3
0
2
2
2
10
1
5
1
0
2
1
1
3
2
7
2
2
2
1
1
5
2
2
2
3
1
1
5
11
2
2
0
2
2
1
9
7
4
1
1
1
3
0
4
4
1
1
1
1
2
0
2
7
3
1
2
1
3
1
3
5
1
2
1
6
4
0
0
2
4
2
1
2
1
1
1
3
0
4
0
5
2
1
4
3
2
1
1
2
10
1
1
9
2
1
2
1
3
3
5
1
2
1
1
1
5
0
2
1
4
1
1
2
1
1
1
1
1
5
3
8
1
1
2
0
3
2
1
5
2
0
1
0
1
1
2
1
1
1
2
1
2
4
2
11
2
1
2
1
4
2
2
3
0
1
3
2
3
1
2
2
1
2
2
3
5
1
1
1
2
0
2
5
1
1
1
1
0
1
2
3
2
1
0
1
1
1
2
6
2
2
4
1
0
1
1
3
1
1
3
1
4
0
3
6
2
2
2
1
0
0
5
5
1
1
1
1
1
2
2
3
3
3
3
2
0
1
3
2
3
2
6
1
1
0
2
2
6
2
3
1
2
1
1
27
4
1
2
9
1
3
1
3
4
1
1
3
0
1
3
1
3
1
4
2
0
10
6
2
2
0
1
1
2
2
6
1
1
2
3
1
3
1
3
2
3
1
1
0
2
0
3
5
1
2
2
2
1
1
1
8
2
2
3
0
2
1
1
0
0
1
0
4
3
5
6
1
2
1
2
4
11
0
10
3
1
1
3
2
3
4
1
2
0
0
1
0
1
1
3
2
1
1
2
4
2
17
4
1
1
4
0
1
4
13
3
2
1
1
2
2
4
1
0
1
1
0
4
1
9
5
2
6
0
2
3
2
3
1
3
1
1
1
1
1
15
1
2
2
5
1
5
17
4
1
2
3
4
1
2
2
1
1
1
1
1
1
1
1
2
0
1
1
1
0
0
7
1
1
1
1
5
0
1
1
0
2
1
5
4
0
3
12
1
2
1
2
3
1
2
4
6
1
3
0
1
0
1
5
0
1
1
0
3
4
5
2
0
1
1
1
1
1
1
5
0
1
1
2
0
0
0
1
0
0
2
1
2
6
11
2
0
2
1
0
1
4
5
2
1
2
1
0
1
3
6
1
0
5
2
2
4
1
2
1
0
0
1
1
1
2
2
2
0
3
1
3
0
0
2
1
0
5
1
2
1
2
19
12
2
15
5
2
1
7
4
4
1
1
1
3
2
3
4
1
2
1
1
1
0
2
3
5
2
0
2
7
1
0
1
0
1
1
0
1
1
1
2
1
2
9
7
2
1
1
2
5
1
1
1
3
1
1
1
3
1
2
9
1
1
2
1
6
7
6
1
1
2
2
0
3
3
3
2
0
2
1
5
1
2
1
3
1
1
1
1
1
3
5
8
1
1
1
2
4
4
5
0
2
4
1
3
5
5
4
2
1
1
1
1
1
0
0
1
1
1
2
1
1
1
3
1
0
1
1
1
2
8
0
3
1
0
0
1
1
1
0
1
1
1
1
1
1
2
2
0
0
2
0
5
4
1
2
2
1
0
1
5
4
1
1
0
2
1
1
6
1
7
0
0
1
1
2
3
1
3
3
1
0
2
1
5
4
5
3
1
2
1
2
3
1
2
1
3
1
2
3
3
4
2
2
2
2
2
1
1
3
1
0
1
0
0
4
2
2
2
0
1
1
1
2
5
2
0
1
3
1
1
3
2
3
4
2
1
1
1
4
6
2
2
1
2
3
1
1
1
2
5
1
1
2
1
0
6
1
1
1
0
1
1
2
5
1
3
0
2
1
1
1
4
1
1
2
4
1
1
2
3
1
3
2
3
2
1
1
1
2
2
3
3
0
1
0
1
1
2
8
4
2
2
1
1
1
2
11
3
2
1
1
1
1
2
2
1
2
1
1
0
2
2
2
4
1
1
1
1
1
4
2
0
1
2
2
0
1
4
1
3
1
1
1
0
2
3
21
0
1
1
3
1
1
3
6
3
3
1
1
1
11
3
3
1
2
1
2
0
3
1
4
3
2
2
2
5
1
1
4
3
1
1
2
0
0
1
3
1
2
1
0
2
3
2
1
0
1
1
0
0
5
2
3
1
1
1
2
0
1
7
3
31
1
4
6
4
2
4
21
16
1
2
8
1
1
1
2
3
1
0
2
3
0
2
2
5
0
0
1
2
1
1
14
1
1
1
1
1
1
2
0
2
0
1
2
1
3
3
7
20
2
1
1
1
1
1
1
1
1
3
13
0
1
1
10
1
3
3
1
1
1
1
10
1
3
1
2
0
1
1
2
1
1
1
1
0
3
1
3
1
1
4
1
0
0
1
3
0
1
10
1
1
5
6
3
0
1
1
1
0
1
3
2
1
2
2
2
1
1
0
1
1
2
2
1
0
2
2
4
1
1
0
1
1
1
1
1
2
1
5
2
1
14
19
2
1
2
2
1
0
0
0
1
2
1
4
1
0
1
2
1
1
1
1
1
0
1
2
1
2
2
1
1
1
1
1
1
1
2
3
0
1
1
2
9
3
0
2
2
1
0
3
0
11
2
3
1
1
1
27
0
2
8
0
0
2
1
3
0
1
0
3
0
2
1
0
0
1
1
1
0
1
2
2
1
2
1
1
1
5
5
0
1
4
3
1
5
1
4
7
0
2
2
1
1
2
2
4
0
1
1
2
2
1
2
1
0
4
2
2
1
2
0
2
0
1
0
1
1
1
0
2
1
2
1
0
1
1
0
4
1
1
4
0
5
1
0
4
2
2
1
1
1
2
0
2
1
2
25
0
3
1
1
2
2
3
1
0
0
0
1
2
3
6
3
1
1
1
1
2
1
3
4
1
1
3
7
1
1
1
1
1
1
1
1
1
1
1
1
1
3
1
1
1
1
1
4
1
0
2
2
2
1
5
1
0
1
0
0
1
2
1
0
0
2
1
5
5
4
1
1
1
1
1
1
1
1
2
1
1
3
2
1
1
2
1
2
0
1
1
3
2
1
4
0
0
1
1
3
0
1
2
1
1
1
0
7
11
2
5
10
42
0
2
2
2
1
2
2
2
1
1
2
3
1
1
3
1
1
1
1
2
0
1
1
4
3
1
2
1
3
1
1
5
10
8
3
3
2
2
1
1
1
1
2
3
1
2
1
1
1
1
24
3
1
1
3
2
2
6
2
2
1
2
1
1
2
8
4
2
2
0
2
1
0
1
2
1
1
1
2
5
2
2
5
1
3
1
2
2
4
10
2
4
3
5
3
1
5
2
15
1
1
2
2
1
12
1
1
2
1
1
3
1
7
4
5
0
2
1
1
0
1
1
3
3
1
1
2
11
2
2
26
32
2
1
2
3
1
3
2
0
1
2
3
4
1
2
4
2
1
3
4
5
2
2
1
2
2
1
2
4
1
2
1
2
1
5
4
4
1
2
4
2
3
1
6
6
2
3
2
3
1
5
5
1
1
2
2
3
3
8
1
1
2
2
2
3
1
4
7
1
1
2
1
0
0
3
3
1
2
2
1
1
3
9
4
1
1
5
1
3
3
19
3
2
2
2
1
1
5
2
3
4
1
2
1
1
4
2
2
1
1
2
3
1
4
4
10
2
2
1
3
1
1
5
7
1
1
1
1
2
2
22
13
1
1
1
3
1
1
3
1
1
8
2
4
0
1
2
2
1
4
2
1
1
1
2
1
1
2
1
4
1
0
2
1
2
3
4
3
1
0
2
0
1
2
1
6
1
1
2
3
2
5
3
1
1
1
4
1
4
6
3
1
2
1
1
1
1
4
2
1
1
2
2
1
1
8
2
0
1
1
1
0
3
9
4
1
7
3
4
1
3
8
1
2
1
1
3
1
5
4
2
1
3
1
2
1
1
3
3
2
2
1
4
1
2
3
2
1
1
1
1
1
5
2
3
3
1
1
2
12
5
2
0
1
2
1
6
3
3
1
0
1
1
1
0
12
2
1
0
0
1
2
1
2
1
0
1
1
1
1
1
1
1
1
0
1
1
1
1
1
1
1
3
0
1
1
1
3
2
1
0
0
1
2
3
7
1
0
0
3
2
3
1
2
3
0
1
0
1
1
1
1
1
1
0
0
4
1
1
1
2
1
1
2
1
1
1
6
2
0
2
1
1
2
6
2
2
1
0
1
1
1
1
2
1
1
1
1
0
2
0
1
0
2
1
1
1
2
1
5
4
1
2
1
1
0
0
1
1
20
18
1
1
1
4
1
2
1
1
0
1
1
0
0
3
1
1
0
0
1
2
3
2
1
1
1
0
1
1
1
0
1
0
2
2
3
0
6
3
4
0
1
1
2
3
1
3
11
2
2
0
2
1
3
6
7
0
5
1
1
1
0
0
2
1
0
1
2
1
1
1
1
0
1
0
1
1
2
4
1
2
1
1
1
1
3
2
1
1
3
2
1
1
3
5
8
5
2
2
1
0
1
6
3
1
1
2
1
1
2
1
0
0
1
1
2
0
2
2
2
0
1
3
1
0
0
1
1
9
1
2
2
1
0
0
3
5
0
5
1
3
0
1
2
2
1
3
0
3
1
3
3
2
3
2
1
1
0
2
4
4
2
2
2
1
1
10
3
3
3
1
1
1
0
1
7
1
1
3
2
0
1
1
17
1
1
9
1
1
0
2
4
1
1
3
1
1
0
1
4
0
1
1
2
1
1
1
1
0
1
3
2
1
1
2
4
0
2
7
1
2
3
5
3
1
1
3
1
0
0
4
1
1
2
3
1
0
0
2
1
0
1
3
2
1
2
1
3
0
1
1
1
0
2
2
3
1
2
1
2
2
2
3
6
2
2
1
1
0
4
1
3
1
1
1
1
1
1
1
4
1
1
1
0
0
1
2
1
2
1
7
2
3
1
7
5
5
1
1
2
0
1
3
1
3
3
2
0
1
1
13
3
2
1
3
0
8
1
2
1
2
1
3
1
2
1
0
1
4
1
2
1
1
1
1
1
2
4
1
1
26
6
5
2
5
4
4
0
5
5
5
1
2
2
1
1
1
1
1
1
3
1
2
2
2
2
2
1
4
1
5
0
1
2
2
2
1
1
2
1
2
5
1
2
4
2
0
0
1
1
9
5
2
1
1
0
2
0
1
2
6
13
1
0
1
0
2
2
3
4
2
0
1
0
1
1
2
4
0
1
2
0
4
1
3
7
0
0
0
8
3
2
3
0
1
1
2
7
1
1
7
0
1
0
7
1
4
1
1
1
1
0
1
4
3
1
6
2
0
0
0
4
4
3
4
1
0
1
3
1
4
1
1
1
0
1
2
2
5
2
8
1
1
0
2
1
3
5
6
0
0
0
2
0
6
6
2
1
1
0
0
4
11
5
1
3
1
0
0
12
8
2
1
1
0
1
6
4
5
0
0
2
2
1
7
4
6
1
1
2
2
4
3
20
3
2
9
1
5
3
4
4
1
2
2
1
2
2
3
12
2
1
1
1
3
3
3
7
1
1
1
1
2
1
2
1
2
3
1
1
1
1
2
2
2
2
2
3
3
1
2
6
2
0
1
1
2
1
3
3
2
1
1
1
2
1
1
1
2
1
1
2
2
2
2
1
1
1
3
3
1
1
4
4
3
2
2
1
3
1
1
3
1
1
0
0
4
4
4
4
1
2
1
1
26
4
3
1
0
1
2
10
5
2
1
1
3
1
4
12
19
1
1
1
2
2
2
19
5
3
1
0
2
2
2
1
1
1
0
5
1
5
1
5
5
1
2
1
5
0
4
1
3
1
1
0
3
1
6
2
0
2
1
3
1
2
1
2
3
4
0
3
1
2
4
3
1
1
1
2
2
3
2
2
2
1
1
1
1
1
1
10
0
1
1
1
2
10
1
2
2
3
2
1
1
1
11
1
0
1
0
0
1
5
2
4
1
1
1
2
6
22
6
2
1
2
3
1
0
15
1
0
7
14
3
7
0
1
3
2
1
6
18
9
1
1
1
0
1
2
5
5
3
2
1
0
0
4
2
2
0
0
2
1
7
1
5
5
0
1
5
4
1
6
3
1
0
0
1
1
2
6
9
3
1
2
0
1
0
3
1
2
1
1
2
1
1
6
4
3
1
3
0
1
2
4
1
1
1
1
1
1
3
4
3
2
13
1
1
1
5
12
0
1
3
1
2
4
2
12
6
4
1
1
0
1
4
4
1
1
1
0
1
3
5
7
3
3
1
1
1
4
1
1
0
1
0
1
4
4
2
2
1
2
0
0
7
4
2
2
0
1
1
2
5
3
3
6
1
2
1
2
13
9
5
5
3
1
1
0
11
3
1
2
0
3
1
10
10
4
0
1
3
1
1
3
7
3
1
1
2
1
2
5
8
1
3
1
0
1
0
4
7
3
0
1
3
0
1
9
6
2
3
1
4
1
0
5
6
1
2
4
3
0
0
7
2
5
1
0
1
1
2
7
10
1
1
7
3
1
0
2
3
1
1
1
2
1
1
4
1
1
2
8
1
6
1
3
1
2
6
4
1
1
5
2
2
1
5
1
4
3
0
1
1
1
2
1
4
1
5
1
1
1
26
5
1
2
0
1
1
1
6
3
1
1
5
1
0
5
3
4
2
3
3
1
1
2
4
3
1
1
0
2
1
1
1
4
1
1
3
4
1
1
4
2
2
2
1
1
1
1
1
10
1
3
1
1
23
1
2
6
1
1
2
0
1
6
3
4
2
2
2
1
5
6
4
2
2
2
2
2
1
5
3
4
1
9
2
1
2
2
3
6
3
1
4
3
5
2
1
21
10
1
1
1
3
1
1
3
10
4
3
4
0
2
3
16
4
2
4
0
1
1
2
1
3
2
2
0
4
4
1
4
3
1
1
2
2
2
4
2
1
1
2
0
21
2
9
2
3
1
2
0
2
2
10
6
1
2
0
1
0
6
3
3
1
1
2
4
7
6
2
3
1
1
1
3
2
1
2
4
1
3
1
1
1
2
1
2
2
2
4
5
2
3
11
3
0
1
0
3
2
2
2
3
3
1
1
1
6
9
13
6
1
2
1
0
3
5
1
4
1
1
2
2
1
3
18
4
2
0
4
1
1
2
3
7
1
2
4
1
1
4
1
5
4
3
1
1
2
6
1
1
2
7
1
1
7
5
1
0
1
1
1
0
8
12
4
1
1
1
1
1
1
3
5
0
2
1
1
3
1
4
11
2
2
1
2
1
2
11
3
0
1
3
2
3
1
23
12
1
2
2
1
6
2
1
4
1
2
1
2
1
6
7
0
1
1
2
3
1
2
3
11
1
1
1
0
1
4
3
1
15
4
9
1
0
0
0
1
10
1
6
1
1
0
1
4
11
3
1
1
0
1
1
0
3
3
2
1
0
2
1
12
2
1
1
0
1
1
12
4
2
3
0
1
1
2
1
2
3
1
1
1
1
0
4
3
1
1
1
2
2
2
13
5
3
1
2
1
2
0
2
9
3
0
0
2
1
1
4
2
2
10
2
1
1
1
4
3
2
1
2
2
1
4
3
4
4
1
1
0
1
1
11
1
3
1
1
1
0
2
8
12
6
1
1
2
2
2
14
7
2
1
3
1
3
19
4
4
1
1
1
1
2
2
2
2
2
0
0
2
1
7
2
5
1
4
5
2
1
4
5
9
0
2
1
5
5
1
2
1
1
1
2
1
4
2
4
1
2
1
1
1
2
5
2
1
3
1
1
3
6
1
4
0
1
1
0
4
2
2
4
1
1
1
3
2
1
7
4
2
1
3
1
2
5
1
2
0
5
1
1
3
2
2
0
5
4
1
3
4
5
5
3
0
1
0
1
1
4
5
2
3
2
0
3
36
1
1
3
6
1
13
5
16
1
6
2
1
2
1
1
2
2
1
1
2
0
1
4
3
1
2
4
2
6
0
1
9
2
6
0
4
2
21
1
1
2
1
1
2
1
2
2
0
2
1
1
1
1
1
5
1
1
2
1
2
1
4
6
0
1
3
1
1
0
1
1
0
1
4
0
2
2
6
5
0
1
1
1
1
8
1
2
1
3
2
4
3
1
4
1
1
1
0
2
1
10
2
3
0
2
2
3
1
5
5
2
1
1
0
1
1
1
3
9
1
12
18
2
1
11
1
1
3
1
2
4
1
3
1
2
2
1
30
1
1
2
2
1
1
0
3
9
1
1
4
4
2
3
6
0
1
0
1
7
1
3
3
4
0
1
0
4
2
4
2
1
6
2
3
1
3
2
4
1
1
7
3
1
8
5
4
1
1
1
2
1
1
9
1
2
4
1
2
2
5
2
1
0
3
1
5
1
5
1
1
1
1
1
3
1
5
3
3
0
0
1
1
1
7
3
2
2
1
1
2
3
1
7
0
1
1
1
2
3
1
3
3
1
1
1
3
3
2
2
1
1
0
0
8
3
1
2
1
5
0
0
3
1
3
3
1
1
1
1
5
5
0
1
0
1
2
2
4
6
2
4
2
1
1
1
5
2
1
2
1
1
0
1
3
14
1
2
0
1
1
5
11
2
2
1
1
0
0
1
3
5
2
1
2
0
0
4
5
2
1
2
2
1
2
11
9
6
2
1
0
0
0
7
5
2
1
2
2
2
1
0
2
3
1
4
12
1
0
1
0
2
5
2
6
3
1
1
0
1
2
1
4
1
1
1
0
1
3
6
1
4
3
0
0
8
4
3
0
3
0
4
4
2
2
5
1
1
1
0
1
3
3
2
1
2
0
1
1
1
5
13
0
4
0
0
2
4
3
2
1
2
0
0
0
1
7
5
1
2
0
1
3
1
2
1
3
1
2
3
1
2
1
2
1
2
0
2
1
4
5
5
3
0
2
2
2
3
11
5
2
2
1
2
2
3
2
2
7
0
3
1
3
1
2
1
5
2
2
5
2
1
2
3
9
2
3
1
0
0
2
2
4
3
4
1
2
4
1
6
3
0
2
1
1
2
14
5
1
1
3
0
1
1
3
1
2
0
2
1
6
1
2
4
2
1
1
1
2
1
7
6
1
0
3
1
0
1
2
4
1
1
5
2
1
0
1
7
1
1
3
1
1
0
0
1
2
5
1
2
4
12
3
4
1
1
3
2
0
3
0
2
1
0
4
1
2
4
6
2
5
1
4
6
2
2
5
4
5
1
0
2
1
2
1
4
3
0
1
0
1
1
2
4
4
4
6
2
4
5
3
1
1
1
8
1
2
3
3
1
0
2
6
0
1
6
1
1
3
1
2
1
2
3
1
1
1
1
1
1
2
2
5
5
4
2
3
2
3
2
1
1
0
1
4
2
3
4
7
1
2
0
1
2
2
0
5
0
1
1
1
4
2
3
1
2
1
1
2
1
2
6
3
1
1
1
2
1
6
3
2
1
0
4
2
2
0
1
2
0
2
4
1
0
0
1
1
0
1
7
1
1
2
1
5
0
3
3
1
0
0
4
1
1
1
0
1
1
1
9
2
1
2
3
1
0
1
12
3
1
3
1
1
1
0
4
3
2
3
1
0
2
0
5
2
2
1
1
1
1
2
4
2
2
0
1
0
1
0
8
1
1
1
1
1
2
1
2
1
1
4
1
1
2
1
6
1
1
1
2
2
0
0
2
2
2
2
3
2
1
1
2
10
1
5
0
5
7
2
6
2
5
0
1
2
3
2
1
7
1
0
3
2
3
0
2
3
1
0
4
6
5
5
5
2
1
1
1
2
1
2
3
0
0
1
2
5
5
3
5
3
1
1
2
2
10
11
5
1
3
2
0
2
8
2
0
1
1
2
2
4
4
2
3
2
4
1
1
2
9
7
2
1
1
5
0
6
8
1
1
1
3
2
1
2
4
3
1
1
2
1
2
3
3
2
1
1
1
2
3
6
0
7
2
1
2
2
1
3
0
1
1
3
0
1
2
3
0
3
6
1
14
0
7
6
0
0
2
8
1
2
4
1
1
1
1
3
0
9
4
1
2
2
1
2
1
4
21
0
2
2
1
7
8
4
5
0
0
1
1
5
3
2
4
2
2
2
0
1
2
2
16
1
3
1
0
6
2
2
1
1
2
2
2
3
1
16
2
1
1
2
1
6
2
4
3
0
1
1
0
1
5
17
12
1
0
2
2
0
3
1
2
1
1
2
5
3
1
1
3
0
1
2
5
3
6
3
1
10
5
1
3
2
1
10
5
2
10
2
1
1
1
1
3
2
1
6
0
5
0
2
7
11
3
2
1
3
2
1
6
6
2
1
1
1
1
2
2
3
1
1
5
9
2
4
3
1
1
11
2
1
1
1
1
19
2
4
1
1
2
0
4
5
3
1
2
0
1
1
3
2
4
1
0
2
1
1
2
22
8
2
3
3
1
1
2
0
0
2
1
1
4
1
1
1
1
0
2
1
1
0
3
1
2
3
8
1
0
2
1
1
2
2
1
1
23
2
1
0
2
0
0
1
11
5
1
1
3
1
1
1
22
3
1
2
1
2
2
0
5
1
1
2
1
2
2
0
2
4
2
2
0
0
1
2
3
4
3
1
2
1
0
0
3
2
6
2
5
1
1
0
3
4
1
1
3
2
1
1
19
4
1
0
3
1
1
1
3
1
4
1
2
2
5
1
3
0
1
1
2
1
1
1
1
2
5
3
5
9
1
1
1
3
4
3
1
2
3
0
3
3
3
2
2
5
1
1
0
2
3
2
1
0
1
1
3
1
3
2
2
2
4
4
3
1
3
3
0
3
1
2
4
1
2
2
5
5
4
3
2
3
2
3
1
2
6
3
0
1
4
1
4
2
0
2
2
0
10
1
1
1
1
2
3
1
10
1
1
2
5
2
1
1
1
1
1
7
2
1
1
0
1
6
2
2
1
6
0
1
3
8
6
14
1
1
1
0
2
1
3
6
1
2
1
3
1
7
3
1
7
1
1
2
1
3
3
1
2
2
1
4
2
3
2
2
0
2
2
19
23
7
9
0
1
3
3
2
1
24
4
1
3
2
2
8
2
9
5
0
8
1
3
4
32
7
2
1
7
1
3
1
5
1
2
0
0
3
2
2
1
1
1
2
3
0
5
2
1
3
3
1
1
1
4
2
3
2
3
1
1
1
1
1
3
1
4
1
4
1
2
1
7
4
1
1
1
1
3
3
4
5
1
1
1
1
3
8
2
9
1
2
2
1
2
2
2
3
1
3
1
0
3
2
2
23
1
2
1
1
1
3
8
4
4
1
1
1
4
2
2
3
0
1
2
1
1
1
2
4
0
0
1
0
0
8
5
2
1
4
2
1
1
3
3
1
1
3
1
0
3
10
2
2
4
7
1
3
2
1
5
1
0
2
2
1
0
2
1
7
2
2
1
1
0
1
5
4
3
1
1
1
0
2
4
2
1
3
2
1
3
2
6
5
1
1
1
1
2
4
4
3
2
2
1
1
2
1
3
4
1
2
5
1
1
2
2
3
0
2
1
1
1
1
6
2
1
2
3
1
0
3
1
8
3
4
1
2
2
1
3
1
0
1
2
1
1
2
4
2
2
2
2
2
6
1
16
6
4
1
1
2
1
1
1
1
1
1
2
0
4
2
18
1
1
0
0
9
2
8
1
0
1
0
1
2
2
1
1
1
1
1
1
1
3
2
9
1
4
1
1
4
4
3
3
4
1
3
1
2
1
2
1
1
3
1
4
2
7
3
3
2
3
1
1
3
2
2
2
1
2
1
4
3
1
2
1
3
4
4
1
4
3
0
1
1
1
0
1
4
6
1
3
3
1
1
1
15
3
1
2
5
1
2
4
1
2
3
1
1
4
2
1
3
2
1
1
8
5
6
1
2
2
0
1
3
1
3
2
1
3
3
2
3
11
3
2
2
4
1
1
4
2
4
2
1
2
1
3
3
4
3
1
3
1
2
1
1
3
2
3
1
1
0
1
3
2
3
3
2
2
2
1
1
2
4
1
1
2
4
1
2
3
1
2
2
2
0
1
2
4
4
1
2
1
2
3
0
1
2
3
1
1
2
5
2
1
1
0
5
2
2
4
1
3
1
5
2
5
4
1
1
1
0
3
1
1
10
2
2
1
1
4
2
1
3
2
1
1
1
6
1
3
9
1
2
0
1
1
1
1
1
2
1
1
1
5
0
2
5
1
1
1
2
2
0
1
3
1
3
3
3
1
0
7
6
1
0
1
1
2
4
1
1
1
1
1
1
2
3
7
2
3
5
0
1
5
7
4
1
1
1
1
1
5
1
2
4
6
0
1
2
4
1
1
1
0
1
2
2
1
0
1
1
0
1
8
2
4
1
1
1
1
1
2
2
2
3
3
1
1
1
9
3
6
2
4
1
2
1
2
2
1
3
2
0
1
1
3
2
2
1
3
1
1
1
3
2
5
3
2
1
0
2
3
2
3
1
3
0
0
1
3
3
4
1
1
0
1
1
1
3
3
1
6
3
1
0
2
1
2
1
1
1
3
5
1
1
12
3
2
1
1
0
0
2
4
4
1
1
2
0
1
8
7
3
4
1
2
0
3
2
1
7
3
0
1
0
1
2
3
3
2
2
2
0
1
4
2
2
0
0
4
1
1
2
1
2
4
0
1
0
0
3
8
1
3
1
1
0
2
6
4
7
4
1
1
2
1
3
3
3
1
3
2
0
1
1
8
1
2
10
1
4
1
1
2
3
1
1
3
1
0
0
7
1
2
7
1
1
1
2
7
7
1
1
2
0
1
1
2
2
8
5
3
2
4
1
1
2
1
1
1
0
1
1
2
6
1
1
1
2
2
1
4
1
1
0
3
2
1
2
1
1
1
0
5
1
4
0
5
1
4
0
1
1
1
1
3
12
4
1
1
1
2
3
4
3
3
1
1
0
1
1
2
3
1
1
1
4
0
1
4
3
2
5
2
2
1
3
5
1
1
2
1
2
3
5
6
1
1
1
3
1
1
17
4
2
2
0
0
3
1
2
3
3
1
1
1
1
5
3
4
3
0
2
4
2
2
13
5
2
0
1
3
8
2
1
6
2
1
1
2
3
3
1
2
1
1
1
1
4
2
3
5
4
2
2
1
4
3
3
18
2
2
1
2
2
1
4
5
12
5
4
2
1
3
0
1
3
0
3
3
2
0
0
0
1
1
1
5
2
2
1
3
8
2
20
1
1
1
2
2
4
2
2
4
6
2
5
5
2
2
4
0
1
1
0
2
6
5
5
2
1
0
0
10
7
2
3
1
1
8
8
1
3
4
4
0
2
1
2
5
1
2
1
1
3
1
1
3
1
4
2
1
1
0
1
1
1
3
3
0
2
1
1
9
1
3
5
3
4
1
1
2
1
1
1
0
3
1
2
9
2
2
1
4
6
27
16
2
1
2
1
1
3
5
8
2
1
5
0
6
1
7
3
3
1
1
2
3
5
6
4
3
1
5
0
1
10
26
28
1
1
8
8
5
1
9
5
6
1
3
2
3
18
2
0
1
2
1
1
1
1
6
2
1
3
1
0
1
1
0
1
2
1
1
1
3
2
2
4
22
4
1
0
5
2
0
1
2
1
1
8
8
3
1
2
1
4
18
11
6
2
1
1
1
1
3
8
17
1
2
1
4
1
2
3
2
0
1
1
10
3
19
8
3
4
1
1
1
6
10
10
1
2
3
9
0
1
7
8
7
2
2
2
1
5
1
4
2
1
0
1
1
2
5
1
2
1
1
1
1
1
1
3
3
1
1
2
2
2
2
0
1
1
1
5
3
0
1
2
2
1
3
2
0
1
2
1
2
11
7
23
1
0
1
3
2
2
7
4
0
1
1
2
3
2
4
1
2
1
0
0
2
3
3
2
1
1
3
2
6
3
2
2
3
1
2
1
1
20
3
16
1
2
2
6
8
2
0
5
0
0
1
1
1
2
0
1
0
3
6
8
1
5
1
3
0
0
1
4
6
10
2
2
1
1
2
2
2
2
0
0
0
2
4
6
2
2
4
3
1
2
2
1
2
1
0
5
2
3
1
16
1
6
1
3
1
1
3
16
5
1
1
1
0
1
1
3
3
4
1
2
3
1
7
8
3
1
2
2
3
2
2
3
2
1
1
1
1
0
2
2
3
6
2
1
0
1
1
0
1
0
2
1
1
1
3
1
3
2
6
4
3
1
4
1
0
3
1
0
2
1
12
9
1
1
1
1
31
2
3
2
3
4
2
2
2
9
4
4
7
4
20
2
1
2
2
6
1
3
2
0
6
2
2
1
15
4
9
1
4
4
2
5
9
2
2
0
3
4
5
1
9
2
10
2
2
0
1
0
3
1
1
0
5
5
1
1
2
3
1
0
2
0
4
1
2
5
9
5
3
1
1
9
5
2
1
3
2
1
6
2
2
2
1
9
9
2
5
0
1
3
5
2
2
2
2
3
1
2
2
1
2
1
2
5
3
3
17
2
2
5
4
1
2
7
2
3
2
3
3
4
2
7
1
2
3
1
1
1
10
5
5
1
3
2
2
1
3
4
4
1
3
3
1
4
6
0
15
0
3
1
3
1
3
2
7
2
1
2
2
2
5
1
1
1
0
3
5
2
7
7
2
11
1
0
1
2
4
8
2
1
1
2
1
2
2
4
1
1
0
1
8
2
8
4
1
2
1
1
1
3
4
2
3
2
1
3
15
6
6
5
1
2
1
2
2
4
2
10
0
1
0
1
2
8
4
2
1
1
1
2
1
4
2
0
1
3
0
0
1
1
1
3
1
2
1
1
1
1
2
12
3
5
1
1
3
1
1
2
5
2
2
1
0
2
1
7
2
5
1
1
1
2
5
7
6
2
3
0
2
5
1
5
2
3
2
2
1
1
1
3
2
7
1
4
1
3
1
11
3
6
1
3
1
2
2
4
8
3
3
0
3
4
6
4
2
1
3
1
0
1
4
11
5
2
1
2
0
5
1
1
1
2
1
2
0
0
2
4
2
3
1
1
5
1
1
1
8
8
5
3
1
2
2
1
2
2
2
2
0
1
1
4
1
5
3
3
0
1
1
2
1
2
4
0
2
2
0
2
1
2
1
2
0
2
1
1
2
3
1
0
1
0
1
3
21
3
3
1
2
2
1
3
5
1
1
1
0
1
2
3
8
6
1
2
1
1
1
2
1
8
6
0
0
2
1
8
5
14
5
0
2
1
1
1
7
12
9
0
2
1
1
6
1
3
5
0
0
0
1
1
27
7
2
2
1
1
0
21
7
3
0
1
1
1
1
2
15
2
1
0
3
1
0
9
2
3
4
1
0
1
0
2
14
1
1
0
0
0
1
1
1
2
12
1
0
0
1
0
0
4
3
4
13
4
1
0
0
2
3
3
11
4
1
4
0
1
3
1
1
3
1
1
2
2
1
1
5
13
1
0
0
0
1
4
4
1
0
1
0
1
2
1
6
1
1
1
1
1
0
5
3
4
1
3
1
1
2
1
6
5
0
1
1
2
2
5
1
4
1
1
1
3
2
7
2
9
4
0
0
1
10
3
0
1
1
2
3
6
4
1
1
0
1
0
1
3
2
1
1
1
0
2
1
1
1
4
0
0
2
0
2
4
4
1
0
1
1
0
0
1
2
6
0
1
0
0
3
1
1
3
1
2
2
0
4
0
1
2
1
2
2
0
2
7
1
1
1
0
1
1
2
10
2
1
0
2
2
2
1
1
1
4
19
1
2
1
1
1
1
17
3
1
1
2
1
0
2
1
5
1
0
1
2
1
2
3
4
1
1
3
1
0
4
2
5
1
1
1
2
1
2
8
10
1
1
0
1
4
1
3
1
2
1
1
1
1
0
0
6
2
4
1
1
0
2
2
1
1
0
2
1
0
2
2
1
1
4
1
1
2
2
4
2
2
2
0
0
0
2
3
1
1
2
2
0
0
1
3
1
1
1
1
0
1
1
1
2
2
0
1
1
0
3
3
2
1
1
1
2
0
6
8
3
1
1
1
0
1
1
2
4
1
1
1
1
0
6
2
5
1
1
1
2
1
1
4
3
1
2
1
1
0
3
4
1
2
1
0
0
0
3
0
1
3
3
1
0
0
1
2
1
3
0
2
2
2
0
0
3
3
1
5
1
1
0
2
2
3
8
7
1
0
3
1
3
3
3
0
1
3
3
4
3
0
2
1
1
0
1
0
2
2
2
1
2
1
6
0
1
5
6
5
0
1
2
2
0
2
1
3
1
1
1
1
3
2
4
1
1
1
1
0
5
2
0
2
3
1
2
1
2
2
1
3
1
2
8
3
1
4
3
1
2
3
3
3
6
2
2
1
3
0
5
5
2
4
0
3
1
1
1
3
2
1
2
0
1
1
3
5
3
3
1
1
2
0
4
4
3
4
2
4
2
3
4
2
3
3
5
2
0
1
3
12
9
1
2
2
1
0
1
1
1
1
1
1
2
2
0
1
1
1
4
3
1
2
2
1
3
1
1
3
3
30
4
2
1
2
0
2
3
8
0
2
3
2
1
1
2
1
2
1
2
0
1
1
5
3
4
0
1
2
4
7
5
4
6
1
1
1
0
2
3
0
2
0
1
1
3
3
17
3
4
1
0
1
6
1
2
1
21
19
3
21
5
1
1
3
2
4
2
16
4
1
1
1
1
5
3
4
3
0
1
1
1
3
3
1
2
2
2
1
2
7
12
14
2
0
3
9
0
6
13
5
1
1
2
3
1
21
2
3
1
0
0
1
1
3
3
1
2
0
1
1
2
3
3
1
4
5
1
1
2
1
0
1
5
1
1
1
3
6
2
2
1
1
2
1
7
5
1
11
3
4
3
1
8
6
2
2
1
1
0
3
4
3
2
1
2
2
2
1
6
6
1
2
1
1
1
2
6
2
4
4
1
4
0
1
3
4
1
9
1
0
1
5
3
1
1
1
1
1
1
1
2
2
0
2
1
2
1
2
1
2
2
4
3
1
1
3
5
2
2
5
2
3
0
1
2
1
1
3
2
1
0
1
3
1
2
2
3
4
2
1
1
1
7
1
2
1
2
3
1
1
2
2
20
3
1
3
3
3
2
15
4
4
2
2
1
4
5
1
9
2
1
4
0
1
3
5
6
1
2
0
1
1
1
1
5
12
1
3
2
0
2
5
3
17
2
1
1
1
1
1
1
8
4
1
1
1
2
2
3
1
4
0
3
2
2
2
1
4
3
2
0
1
1
1
2
2
6
1
0
1
2
3
13
5
1
1
1
2
1
2
6
7
3
2
1
1
1
2
16
5
3
1
1
2
1
2
2
3
4
2
0
1
2
1
1
1
8
0
1
0
2
1
2
2
5
5
0
1
2
1
1
5
8
0
3
11
3
2
5
12
6
1
6
2
2
2
3
3
1
0
1
3
1
1
1
1
2
1
1
1
1
0
3
1
2
1
1
1
0
2
2
2
9
7
2
2
3
1
3
2
29
2
2
2
2
2
2
1
1
10
1
3
0
3
1
0
2
20
1
6
0
2
2
2
5
3
1
3
4
2
3
2
3
17
8
6
5
1
6
1
13
2
0
1
2
3
1
1
3
3
1
2
2
1
2
3
4
2
4
10
3
1
2
2
19
4
3
2
1
10
4
3
6
5
0
2
2
3
3
2
0
2
2
1
3
3
1
9
10
2
1
5
1
2
4
21
10
1
1
11
14
8
1
3
3
6
1
1
1
5
6
2
2
0
1
3
1
1
1
0
1
2
1
1
4
2
1
0
1
11
1
1
1
2
5
1
5
2
1
2
4
31
21
4
2
1
3
1
3
1
2
2
1
1
1
4
6
3
2
2
4
1
1
8
12
44
12
2
21
8
1
2
15
1
21
1
3
2
2
14
4
1
1
1
1
3
1
1
10
5
1
2
2
1
1
2
1
1
3
2
1
4
1
2
2
1
8
2
1
6
5
1
2
1
1
3
1
1
3
1
1
1
1
6
16
3
2
1
1
3
1
14
11
5
1
1
3
3
2
1
8
4
2
1
1
3
2
10
9
4
2
1
2
2
0
2
3
1
2
1
1
1
0
0
13
2
5
1
1
2
1
4
1
2
3
1
1
3
5
7
2
7
2
1
2
4
9
2
2
2
0
0
1
6
2
5
5
1
1
3
2
2
2
1
1
2
1
0
1
1
4
3
0
5
2
0
0
1
6
4
1
2
0
0
1
4
2
4
1
1
1
2
1
1
3
0
0
2
16
18
1
3
2
5
3
5
11
2
1
0
1
1
4
5
14
10
4
1
2
0
2
2
3
8
1
1
2
1
3
2
3
4
0
0
0
1
2
4
5
4
2
1
3
1
2
3
4
2
2
2
1
2
3
1
3
3
1
3
4
1
3
4
8
5
4
1
1
3
2
1
3
14
5
1
0
1
2
1
3
29
5
11
1
1
1
1
1
2
4
1
3
2
1
3
2
2
2
1
3
1
1
1
1
2
4
2
2
1
0
3
3
9
6
1
1
2
2
1
1
6
3
3
3
1
2
2
2
11
3
1
1
2
2
1
8
3
6
4
1
1
1
1
8
7
2
2
0
1
2
1
2
4
8
1
5
5
1
1
10
4
21
1
2
1
3
1
3
6
5
0
1
1
2
1
6
3
3
5
2
2
1
1
2
1
2
1
1
0
1
0
3
13
3
8
5
1
1
2
1
1
6
6
2
1
2
1
1
1
4
3
2
2
6
1
1
2
4
5
1
1
1
0
1
1
2
32
0
4
1
1
1
0
12
2
5
2
2
1
2
1
3
3
3
0
4
1
1
1
4
2
1
0
2
2
1
0
2
2
2
4
1
3
7
13
1
1
2
2
1
1
2
2
1
1
1
1
0
0
4
6
3
1
0
1
2
1
2
2
2
1
3
1
0
3
5
2
1
0
0
5
2
1
2
8
1
1
2
1
0
1
12
2
10
2
4
2
0
1
16
1
0
1
2
6
6
4
4
1
2
1
1
4
8
2
0
2
7
1
1
6
11
11
3
2
3
2
9
1
8
2
7
1
1
3
1
5
1
1
1
1
0
2
1
4
7
0
1
1
0
0
0
11
2
3
7
2
13
3
0
1
4
1
1
2
7
3
6
1
0
2
1
2
3
4
8
1
12
1
2
17
7
10
6
14
1
3
1
3
5
6
2
1
5
3
2
5
3
4
1
0
1
2
1
2
4
4
6
1
2
1
1
1
2
2
6
4
2
1
2
1
1
5
0
1
1
1
6
2
2
2
0
2
1
2
3
2
2
2
1
6
1
1
8
1
3
2
1
1
1
2
2
7
13
1
1
2
2
0
1
2
1
1
0
1
1
1
1
1
2
1
1
1
1
1
10
3
3
1
2
3
2
6
1
0
4
10
5
5
1
1
3
1
5
4
2
2
1
1
1
3
6
2
7
5
1
6
3
0
2
4
5
4
1
2
3
1
1
5
14
1
3
1
1
2
1
2
1
1
2
2
1
5
1
3
5
8
9
1
3
0
0
4
2
5
4
3
1
0
1
1
2
2
4
4
4
3
2
4
1
5
2
1
2
0
0
3
6
2
1
1
4
1
1
2
3
8
1
1
0
2
1
3
1
3
0
1
3
1
2
2
5
13
4
3
5
2
1
4
2
4
7
2
3
4
1
2
7
1
5
2
3
2
1
2
3
6
10
1
5
3
6
1
4
2
4
7
1
1
1
2
5
2
2
1
1
1
1
2
2
1
1
1
1
3
1
3
9
2
7
6
6
3
1
2
2
1
2
4
2
3
0
6
0
2
1
1
1
2
1
1
1
2
5
4
1
2
1
1
5
1
5
3
7
1
1
9
1
0
2
7
1
2
1
3
0
2
5
10
4
2
1
1
1
1
4
5
4
4
2
0
6
2
2
2
0
0
0
1
24
3
2
1
1
1
1
1
3
1
2
3
1
1
1
1
4
8
2
1
3
1
2
1
7
9
3
1
2
0
0
0
7
1
2
4
0
1
1
5
4
0
1
0
0
3
2
1
5
2
1
2
1
3
6
1
2
0
0
4
1
3
2
2
2
1
3
1
1
2
2
2
5
2
2
1
1
6
1
0
3
0
1
0
1
2
1
1
0
2
1
1
2
1
1
1
0
3
11
3
2
1
1
0
0
2
7
1
7
2
2
1
1
1
1
2
3
0
1
2
1
5
1
4
2
0
1
2
1
1
1
2
4
1
1
1
1
2
7
2
2
1
1
0
1
8
4
1
4
0
1
0
4
2
2
1
1
2
1
0
7
1
1
1
1
1
1
2
19
2
3
1
2
2
1
3
3
8
3
1
1
1
0
1
3
3
3
0
1
1
2
1
9
2
2
2
3
2
3
1
1
0
5
6
4
3
1
0
1
0
3
7
3
4
5
1
4
2
3
4
3
3
0
1
1
1
6
14
5
0
2
1
0
1
7
5
1
0
1
2
4
5
1
1
4
3
2
3
4
1
1
4
4
2
4
1
2
3
2
5
1
3
2
2
1
0
2
2
12
7
5
1
2
1
0
1
6
4
3
2
1
0
2
1
1
11
4
3
1
1
2
3
5
8
5
1
1
1
1
2
1
6
7
7
2
3
1
4
4
34
7
1
1
2
2
0
2
2
4
1
1
1
2
4
2
4
2
1
1
2
1
0
1
0
1
2
1
0
0
4
1
2
3
6
1
1
2
2
1
2
1
1
3
4
1
1
2
1
9
3
2
2
0
28
0
2
1
5
2
1
0
2
5
2
4
2
1
1
5
4
2
0
4
1
1
2
1
1
2
2
2
4
1
3
2
2
7
27
3
0
1
1
1
2
2
3
3
2
1
1
2
15
5
2
3
1
2
4
3
2
4
4
2
1
2
1
1
1
4
2
3
5
1
3
2
2
6
2
2
3
1
7
5
13
3
2
4
1
1
1
16
11
22
1
2
0
1
5
2
2
1
2
1
1
3
3
5
3
11
0
2
1
1
2
4
3
2
5
2
1
0
4
13
1
3
2
1
3
3
16
4
1
4
1
4
21
1
0
1
4
2
5
3
3
2
0
1
1
1
2
3
2
2
1
3
2
1
2
2
2
2
1
1
2
2
2
2
1
3
1
0
1
1
3
1
3
0
1
1
3
1
0
1
1
1
1
1
1
2
4
1
2
1
2
4
2
4
2
3
1
2
1
1
1
4
1
2
4
17
3
0
6
3
2
6
5
9
3
1
1
1
3
1
2
3
9
1
1
3
1
3
5
1
0
1
0
3
1
2
1
1
2
0
1
2
1
6
1
4
4
12
1
2
0
1
3
1
4
4
2
3
1
3
0
13
1
3
1
8
1
1
1
3
1
1
1
1
2
1
1
2
5
6
2
1
1
1
2
1
2
3
1
1
3
1
4
4
3
4
0
2
3
3
4
2
3
2
1
8
2
1
1
1
1
1
2
1
4
1
5
5
3
8
1
2
2
0
0
2
2
3
5
6
2
0
5
3
1
0
11
7
6
1
2
2
9
5
1
5
4
2
1
4
1
1
2
2
2
0
1
0
2
4
0
2
6
4
3
2
2
15
0
5
13
0
5
6
9
5
5
5
4
4
2
16
1
1
0
4
0
2
2
3
2
7
3
2
1
1
7
1
2
0
6
2
3
1
2
7
2
18
11
4
1
17
9
19
1
3
5
2
1
2
3
1
3
3
2
1
3
7
3
4
0
2
1
0
3
1
1
9
1
2
1
2
0
7
5
1
3
2
2
1
1
3
4
3
5
1
6
1
2
2
2
1
1
4
2
2
1
2
1
2
1
2
8
1
1
0
1
4
4
7
6
1
1
3
2
5
18
5
4
1
1
1
1
3
2
6
5
2
1
0
3
0
1
1
2
1
2
1
1
2
1
1
1
13
10
2
5
1
1
1
5
1
18
1
1
1
1
1
4
3
0
3
0
0
1
1
6
1
1
3
1
1
7
1
3
1
1
24
1
4
2
0
2
2
3
2
1
1
1
1
2
2
1
1
2
1
2
1
2
1
2
4
1
2
0
1
1
1
6
10
0
8
0
5
1
5
10
2
11
1
1
2
2
1
0
1
0
2
2
2
1
1
0
1
0
3
1
1
1
6
4
15
2
2
4
1
1
1
2
4
1
1
2
2
3
6
1
3
1
2
0
0
4
3
2
6
2
2
5
1
2
2
1
6
8
1
8
1
9
5
4
3
1
3
1
2
4
2
5
3
7
1
1
1
1
2
4
4
14
1
2
1
8
4
2
6
2
1
6
6
1
2
2
2
1
2
1
2
7
2
0
1
0
0
1
2
1
3
1
1
1
2
1
1
1
3
26
2
7
2
1
2
1
1
2
11
1
1
1
1
0
1
1
1
8
4
0
1
1
1
4
2
3
1
2
1
1
2
7
4
1
1
2
1
1
1
6
1
1
0
1
1
0
1
0
1
1
7
6
1
1
2
1
1
4
3
0
2
2
0
1
5
2
1
2
3
2
2
2
1
2
2
2
2
2
5
1
4
0
4
2
11
1
6
3
2
0
1
1
6
1
3
1
5
0
3
4
4
4
2
1
5
2
2
4
3
1
1
5
3
1
1
2
6
0
1
1
3
3
3
2
6
8
2
2
1
2
1
0
8
5
1
1
0
2
3
1
4
1
1
0
2
1
0
7
1
2
3
2
2
1
2
2
2
3
4
1
0
1
1
3
6
2
1
3
7
2
3
1
1
2
4
2
8
1
2
3
5
1
1
1
8
1
3
1
1
1
1
2
1
1
1
0
1
1
3
0
0
1
1
1
4
2
1
1
3
0
2
3
6
1
1
1
0
1
2
12
1
0
1
3
1
1
2
1
3
2
25
5
5
1
0
1
3
4
3
1
1
2
2
1
1
16
6
1
17
2
2
8
1
3
4
4
1
1
1
2
1
6
17
4
3
1
1
2
0
5
10
1
1
1
2
2
1
3
3
4
4
5
1
1
2
2
0
1
5
4
2
5
1
1
3
3
2
6
0
1
2
4
1
2
4
2
0
2
1
1
9
1
1
13
2
0
0
0
6
1
1
2
1
0
3
1
1
3
5
3
3
1
1
1
1
2
1
1
4
1
2
1
2
2
0
1
4
3
1
1
1
2
4
2
3
2
2
0
0
1
1
1
2
5
1
0
1
0
2
1
1
4
1
5
2
1
1
2
9
1
9
4
2
2
2
0
10
1
1
1
1
2
1
2
7
3
3
1
7
6
4
