192
161
198
146
116
146
146
282
212
178
116
149
165
218
182
101
138
148
154
95
118
130
211
246
301
216
227
231
336
274
222
203
259
202
219
296
231
190
255
205
223
263
181
234
221
224
134
184
230
204
272
170
209
229
270
312
277
338
323
274
222
292
268
233
263
248
172
231
214
332
274
234
284
263
306
253
326
299
248
328
279
242
268
296
270
245
209
221
241
205
155
234
231
218
231
213
151
251
243
215
238
184
290
226
301
215
270
332
225
252
163
225
198
155
172
45
123
147
134
167
228
37
106
177
114
243
84
140
172
148
21
124
142
108
61
113
151
120
115
179
262
266
225
221
218
207
250
314
282
238
212
204
260
272
233
217
227
263
201
207
195
238
329
287
260
339
279
283
154
193
159
128
125
118
133
119
94
114
111
79
85
167
123
124
117
141
140
171
153
153
210
232
212
189
161
203
173
183
133
133
115
116
147
177
161
131
149
165
137
125
127
115
116
149
122
132
142
149
102
101
191
196
123
122
190
181
294
159
141
187
145
204
214
150
123
143
106
209
253
211
221
185
164
147
176
131
257
272
234
233
293
239
241
198
266
206
254
232
233
204
275
251
279
199
238
253
161
203
150
222
223
272
203
287
288
195
232
204
292
203
341
256
322
271
233
216
242
271
297
270
223
216
253
258
252
213
188
263
297
256
198
260
271
201
289
177
259
169
273
243
210
171
205
220
217
209
248
166
179
210
223
170
195
231
206
206
142
144
225
262
169
157
156
192
180
298
305
307
265
272
292
282
246
320
301
263
270
260
218
259
269
245
239
209
227
215
228
186
223
264
216
305
280
273
235
274
223
177
254
261
226
299
268
236
191
213
228
290
225
243
248
278
182
180
257
236
187
185
192
235
249
293
138
135
173
204
173
147
116
248
298
202
272
261
220
262
190
203
228
199
249
301
275
206
280
245
172
293
222
243
233
227
291
218
235
198
241
317
229
234
223
222
237
246
261
226
245
233
213
223
196
233
228
271
202
245
259
229
207
147
203
236
234
209
197
127
238
180
182
181
228
121
121
128
102
118
199
193
168
205
277
256
240
274
278
299
198
109
106
184
200
206
222
118
84
158
187
185
203
87
131
103
96
102
95
96
82
96
244
228
199
232
244
248
102
190
190
147
139
131
142
96
91
85
96
89
89
172
137
134
120
116
142
143
110
129
168
136
128
153
120
120
122
80
118
111
74
55
86
97
147
144
113
85
130
101
93
80
78
98
167
98
83
122
147
113
156
114
115
123
213
149
183
166
214
254
232
115
161
178
171
186
187
106
117
184
183
167
179
149
164
170
220
203
253
302
301
292
216
248
160
224
183
145
196
228
157
250
194
195
194
170
199
177
134
166
122
128
135
165
206
213
186
222
186
164
151
170
127
126
154
154
148
148
129
173
154
141
111
114
123
139
161
142
117
113
133
112
190
177
126
203
143
211
139
200
163
205
225
212
205
92
100
113
137
129
129
145
205
184
147
152
130
114
113
102
200
145
140
237
207
248
200
185
185
102
178
172
206
207
193
117
199
219
229
281
90
143
168
151
99
143
168
170
152
103
167
190
257
208
237
235
212
175
169
228
170
208
216
189
171
211
170
203
172
182
208
167
224
228
197
214
295
233
292
228
330
228
227
236
246
198
210
152
229
228
223
221
205
166
236
259
191
197
183
220
180
196
155
208
250
220
261
174
251
216
203
198
195
183
142
221
203
281
282
189
141
208
243
307
183
182
236
263
219
171
231
222
208
249
214
239
178
268
288
299
261
234
236
208
185
286
295
235
208
198
183
283
222
250
209
169
272
186
153
157
228
174
208
271
189
169
217
116
180
187
197
181
161
124
187
169
176
161
147
151
115
115
123
106
174
178
177
137
274
262
220
263
200
193
159
139
182
192
176
135
137
93
116
197
194
119
147
160
124
117
103
88
149
143
119
115
261
183
195
200
181
156
227
149
151
145
110
130
123
161
143
173
127
147
140
118
106
82
115
100
107
83
111
97
188
194
217
198
259
238
194
186
284
253
290
269
291
227
190
200
203
220
204
196
184
186
223
209
325
301
311
332
300
314
318
311
342
323
296
266
275
251
228
303
237
279
316
253
233
305
252
283
297
290
280
311
255
237
297
265
313
271
281
276
304
270
246
204
200
198
219
218
190
237
233
217
251
247
218
246
188
217
232
192
225
227
242
241
237
239
277
276
256
273
314
265
257
280
292
250
280
289
281
277
270
270
251
242
234
241
222
213
254
262
239
242
325
271
328
278
334
276
253
166
195
207
250
258
204
232
277
277
306
269
228
276
248
202
182
195
292
243
207
227
277
232
233
293
244
278
217
258
302
218
216
274
264
224
227
173
176
211
203
340
243
276
259
251
260
273
285
296
289
312
291
298
271
355
179
194
216
201
230
182
212
216
238
123
176
127
160
232
140
186
140
173
165
224
183
209
220
224
234
211
225
256
214
256
207
145
149
110
141
218
295
198
199
165
216
216
155
163
116
151
220
221
182
222
261
211
223
224
254
244
167
157
120
223
147
192
173
138
70
189
150
120
106
128
141
281
213
204
96
105
130
171
154
152
146
191
203
188
100
166
149
225
218
244
215
140
126
110
90
91
99
122
202
141
153
186
150
127
131
146
204
220
279
223
207
221
174
210
126
164
116
125
120
236
164
208
145
193
166
178
248
160
183
163
154
116
140
104
190
204
174
171
173
184
212
103
82
158
159
152
97
115
103
156
178
172
108
101
110
124
137
122
91
91
127
112
231
184
158
208
147
162
160
106
134
109
130
118
119
192
222
218
209
150
188
245
244
197
193
222
267
248
205
290
254
202
229
223
235
242
238
190
189
211
210
255
245
184
219
230
206
217
247
252
164
247
254
218
182
239
233
244
219
213
221
239
228
294
170
222
237
109
194
138
197
175
195
124
178
106
156
177
105
179
161
219
124
170
129
179
172
133
147
189
244
211
159
44
123
149
165
184
156
65
149
144
156
189
171
79
111
39
86
53
120
154
154
150
122
215
124
167
226
162
239
227
195
263
201
173
206
210
213
220
134
151
162
195
246
192
131
170
206
135
170
138
200
182
194
105
156
148
174
213
206
210
136
186
170
231
223
186
130
171
161
238
228
179
231
209
213
139
184
163
187
241
216
215
198
220
138
131
152
97
138
140
92
228
179
88
150
131
77
175
108
184
170
77
144
167
171
100
164
158
134
230
125
108
206
150
153
128
141
128
97
185
196
114
175
179
141
240
91
125
167
160
88
121
167
151
124
102
76
184
126
183
207
229
238
167
142
157
166
181
190
174
149
178
187
206
148
119
135
155
142
121
153
164
144
162
159
194
221
239
171
152
140
115
114
115
97
212
220
181
200
179
139
213
219
205
193
128
204
240
211
133
198
171
110
228
140
119
198
242
225
196
178
150
181
178
192
202
198
179
157
256
187
165
142
176
178
167
161
143
211
175
185
196
171
137
157
93
120
123
109
109
100
106
152
154
153
120
130
132
79
79
88
59
127
125
118
89
169
139
128
157
149
96
129
149
125
195
171
168
137
137
118
165
177
161
159
171
171
157
121
115
121
134
151
102
185
158
156
165
284
135
133
146
123
197
176
211
216
173
91
111
82
123
96
159
162
108
173
136
174
130
188
174
205
252
248
233
249
272
93
83
90
94
84
88
107
175
254
161
155
189
179
216
185
168
192
159
204
170
211
179
143
236
229
197
169
232
94
136
187
200
189
208
212
146
95
102
83
124
91
153
175
140
180
147
199
220
162
195
190
216
187
174
197
235
236
166
178
201
155
213
240
200
216
256
167
234
215
210
177
158
211
133
172
195
166
176
150
277
219
132
197
178
234
238
198
254
215
219
186
238
226
272
212
228
194
247
251
295
264
224
240
230
206
239
231
254
220
285
241
225
294
324
254
229
201
226
231
332
296
242
269
238
262
303
258
266
253
290
255
273
241
270
238
241
243
234
292
277
224
102
172
209
227
178
178
117
193
195
201
178
179
179
104
113
163
118
165
216
258
252
218
170
173
206
214
195
165
124
93
140
182
129
107
123
81
166
153
111
74
80
97
158
165
146
68
83
74
78
165
120
77
189
127
138
188
146
124
135
125
114
117
158
102
145
175
129
168
143
214
140
109
163
183
134
134
108
183
134
149
216
198
150
189
173
129
216
221
186
233
337
262
170
195
245
257
267
158
195
242
245
129
135
186
211
200
180
249
215
225
262
269
215
207
207
178
173
170
221
194
192
182
159
156
209
167
165
155
146
194
169
181
167
252
245
221
251
207
241
220
224
165
251
244
287
328
179
147
178
138
239
186
136
217
174
211
220
134
130
186
152
203
234
262
218
281
289
218
136
174
191
174
198
186
150
208
157
159
182
172
164
111
129
127
120
134
146
163
167
231
233
246
230
230
229
96
126
102
131
122
89
139
131
98
142
134
132
147
111
193
150
134
179
147
148
140
159
260
192
265
202
311
226
162
216
175
220
181
217
184
192
206
183
171
151
160
182
231
229
184
217
203
190
174
183
338
348
334
326
364
325
217
146
124
153
172
158
235
143
116
119
137
136
159
99
85
105
98
125
125
136
125
124
298
280
205
313
227
218
148
177
157
246
268
285
238
187
119
160
141
142
131
165
191
161
173
153
131
136
165
144
266
253
221
349
283
283
283
266
229
199
186
202
222
289
204
186
167
174
198
245
156
135
145
182
167
142
147
197
215
216
287
285
265
266
309
285
254
280
251
226
260
268
309
247
214
228
242
289
252
267
255
256
227
207
224
227
232
286
240
241
319
247
208
239
200
327
346
248
271
212
184
198
195
170
188
193
237
230
207
210
193
196
195
207
335
261
313
306
272
259
263
165
205
285
229
211
195
136
202
233
202
170
166
131
151
129
126
118
230
251
277
255
291
270
255
284
281
322
210
223
108
182
262
229
261
149
87
136
166
148
169
131
209
269
253
258
101
122
124
118
224
289
220
271
276
292
197
236
182
197
189
172
189
144
277
239
266
260
167
132
158
143
139
149
234
242
247
157
213
215
189
238
168
140
217
207
220
156
216
195
195
289
206
225
244
230
248
210
239
248
209
272
176
208
190
217
230
239
230
272
263
243
145
166
169
180
198
227
205
118
140
123
137
156
172
182
163
184
170
149
177
191
189
179
238
198
182
258
216
265
120
149
81
103
103
107
129
189
117
117
107
85
126
138
194
170
141
188
145
134
101
130
271
239
197
207
186
197
169
97
133
188
189
210
195
117
170
226
141
141
148
134
111
82
89
104
183
143
137
119
207
196
177
229
218
256
233
230
215
179
203
212
207
242
221
199
214
203
200
327
201
241
230
227
175
208
191
201
252
232
194
307
239
227
306
273
260
181
213
227
219
232
202
178
209
232
206
238
167
187
196
162
159
202
187
194
200
210
154
247
192
189
237
187
230
166
224
232
212
266
260
130
205
237
270
235
124
210
231
231
137
191
231
225
200
182
148
302
248
290
176
135
116
210
188
233
213
145
133
213
185
204
209
238
189
195
161
199
178
159
133
168
210
227
242
224
257
245
181
179
143
145
163
132
147
223
252
148
158
157
144
250
208
197
224
184
163
181
194
153
241
219
171
227
170
165
174
163
221
179
172
136
191
100
130
113
127
80
129
224
229
204
151
188
251
196
182
244
265
236
264
155
230
198
166
124
162
217
208
151
247
123
174
177
164
139
139
142
114
105
100
98
183
164
125
133
244
156
190
141
190
133
129
136
104
111
114
110
83
173
120
156
172
104
78
134
193
176
147
103
179
219
206
194
245
169
152
188
158
219
207
212
196
197
200
185
199
249
190
203
220
209
227
205
219
214
216
213
185
211
188
206
183
189
185
254
265
241
140
175
248
248
167
138
208
96
146
149
162
97
130
205
187
139
151
152
244
167
143
189
188
166
227
150
181
138
147
158
107
169
138
184
107
177
166
162
182
142
132
138
163
185
211
146
119
150
121
123
164
237
148
155
124
166
277
268
296
258
221
234
206
312
250
292
256
284
242
263
329
289
321
284
249
255
236
248
313
341
281
289
288
311
228
311
278
271
246
255
247
246
212
189
230
223
234
291
253
233
238
228
258
216
219
226
266
285
276
314
331
302
270
150
198
226
257
258
243
190
225
208
270
280
213
171
183
183
188
184
169
233
221
201
250
257
259
329
262
266
260
226
237
212
210
231
223
223
235
189
197
238
221
193
180
181
196
195
207
215
203
214
277
215
259
222
270
233
213
253
276
247
234
233
227
223
208
179
163
160
189
320
255
237
229
288
245
213
221
286
268
310
271
265
252
259
298
328
242
270
273
293
276
315
305
278
236
267
299
262
275
272
311
272
238
224
241
266
266
271
276
327
226
270
307
198
224
248
262
240
265
194
240
250
258
228
268
165
166
170
172
173
190
208
244
236
274
214
273
253
274
249
229
244
205
238
223
212
245
249
263
178
212
190
189
274
159
211
170
174
142
193
166
189
252
230
238
241
248
281
270
91
53
224
141
110
179
84
31
209
123
101
185
164
86
76
76
79
36
29
27
15
107
94
181
136
97
109
26
103
107
91
116
184
123
16
100
116
108
43
107
86
88
97
118
96
126
154
118
148
210
103
177
125
244
127
126
164
99
207
196
191
201
99
25
125
128
129
144
89
160
165
154
146
98
88
87
86
208
238
247
190
203
253
107
93
55
92
91
92
117
221
75
122
120
158
108
82
146
123
151
93
36
40
75
85
142
171
76
155
70
94
148
189
107
147
104
12
42
134
157
183
173
108
64
93
139
105
14
13
159
112
92
91
164
109
88
151
90
103
136
132
125
98
84
69
110
113
104
121
86
75
127
169
85
132
74
117
91
116
88
133
89
82
139
76
118
73
155
121
172
47
135
114
141
183
225
36
143
124
198
166
56
118
116
164
64
167
124
189
70
74
77
141
167
177
154
81
151
62
132
165
122
34
128
49
141
165
124
41
34
74
79
100
11
100
132
97
77
65
36
155
121
163
169
165
172
218
155
155
150
296
265
169
216
174
251
263
154
226
192
259
182
237
211
243
188
140
160
229
260
244
218
204
159
125
117
126
144
248
194
140
157
151
183
147
177
170
160
224
77
96
89
100
181
199
228
178
193
204
206
213
224
86
150
173
176
177
194
98
170
140
182
231
79
144
191
155
77
142
168
157
108
75
101
139
189
172
176
174
156
126
149
94
102
185
140
118
136
84
88
186
124
137
81
75
122
140
85
79
178
111
128
108
135
116
216
236
240
162
135
115
130
215
283
169
186
147
174
206
152
116
142
105
160
199
128
191
149
117
137
164
306
144
249
276
204
263
232
174
235
298
293
230
280
225
249
247
232
266
216
217
198
230
192
213
260
216
232
244
247
203
223
219
215
196
183
207
171
201
218
191
175
163
170
220
179
183
193
160
208
212
206
185
191
237
246
199
181
184
194
200
196
150
185
196
185
223
216
181
210
183
211
232
181
189
171
190
181
195
163
177
219
149
165
197
207
229
143
133
173
119
124
100
159
139
136
110
138
105
115
144
174
218
180
165
114
174
153
165
164
146
174
242
153
146
133
79
132
82
117
100
94
157
168
183
205
184
190
101
158
120
118
114
102
173
128
143
141
174
160
143
195
178
201
258
76
136
146
153
183
235
81
166
183
135
188
76
135
159
141
224
70
78
78
43
206
185
109
194
127
108
116
124
149
150
137
92
160
101
112
177
142
167
162
135
136
116
92
132
154
132
94
154
243
190
264
148
257
180
135
105
87
135
28
96
58
88
111
123
85
128
84
11
89
1
48
9
95
159
101
132
86
104
101
93
164
70
90
61
112
115
102
105
92
152
100
162
168
144
151
81
123
121
108
110
105
110
131
123
222
183
176
199
177
211
106
83
98
206
180
216
183
99
102
92
111
104
93
88
66
87
78
76
82
98
91
88
190
172
199
173
165
169
130
76
83
97
100
44
87
92
87
107
118
85
93
137
106
90
172
112
119
110
117
203
95
101
145
96
124
119
265
254
101
214
209
210
197
275
120
212
257
225
214
116
197
221
223
184
77
97
83
65
275
284
295
303
286
291
172
221
114
142
118
152
133
179
100
130
99
132
119
96
141
114
156
144
145
114
142
136
245
267
260
245
236
318
78
80
109
98
93
91
97
75
115
136
126
124
112
111
83
73
52
78
145
135
153
164
268
240
238
287
255
266
147
151
122
101
92
66
89
161
149
118
107
80
102
139
98
87
53
90
108
95
84
95
249
202
243
240
251
196
122
186
147
110
141
128
132
171
166
150
184
162
162
155
145
142
132
125
104
132
119
131
148
127
132
236
211
235
154
205
180
246
213
169
177
243
116
177
159
136
143
143
189
176
185
194
168
198
176
152
307
188
202
216
205
303
174
183
148
180
124
152
133
172
96
166
166
168
140
145
169
138
141
130
109
88
89
94
199
268
210
232
227
268
163
160
168
155
189
188
170
271
164
130
153
151
140
181
129
146
147
125
156
157
147
129
201
152
179
238
193
189
222
170
152
171
153
159
158
200
193
264
182
199
167
330
194
266
306
189
209
234
285
165
210
226
170
314
171
215
163
277
230
208
165
143
115
172
163
102
105
82
74
197
152
132
107
89
180
183
162
127
209
194
145
200
160
189
178
107
145
89
112
79
90
88
215
118
146
102
125
131
112
107
89
98
139
193
126
148
189
182
231
164
208
195
266
130
189
75
89
48
36
129
200
78
89
60
41
206
167
167
143
135
106
134
106
102
156
207
169
160
187
241
213
171
186
187
154
217
37
228
315
155
143
144
44
220
144
139
148
37
136
132
127
26
273
257
76
215
75
77
102
124
135
149
86
125
130
214
159
111
79
105
110
237
154
99
137
139
207
127
180
185
123
160
168
147
162
290
243
72
110
78
76
77
82
75
118
88
86
89
85
126
80
77
77
134
138
132
130
158
263
241
152
287
135
131
181
160
127
184
140
178
157
217
183
164
172
161
146
195
146
156
128
120
110
118
97
86
198
237
233
172
189
230
234
233
205
230
256
264
229
234
177
177
203
180
193
212
197
225
215
241
229
256
251
228
337
313
213
314
234
261
199
181
283
211
221
140
153
231
228
170
211
197
199
206
178
189
209
218
207
255
158
178
238
176
179
176
190
253
311
244
272
166
176
179
180
255
266
148
153
150
156
266
137
144
157
153
127
132
133
140
276
257
247
298
285
322
187
249
194
232
244
261
250
269
234
140
207
199
217
193
181
231
213
223
191
216
225
199
223
221
182
296
286
319
108
186
135
171
181
221
174
191
120
132
151
109
217
175
196
228
209
256
137
162
144
154
196
190
208
199
219
195
288
276
249
204
264
230
213
281
265
221
250
255
229
218
219
269
259
200
190
216
208
265
263
276
208
276
209
224
356
246
212
207
258
228
225
267
228
236
271
254
244
295
219
243
267
265
219
221
219
228
281
252
266
261
272
352
232
203
119
179
189
185
175
254
119
144
194
162
154
152
147
213
167
156
98
123
102
100
181
220
217
272
221
236
1
1
3
1
3
3
2
3
2
2
1
1
1
3
1
0
1
1
5
1
1
3
3
2
3
0
2
3
1
5
2
5
1
1
1
4
3
1
2
1
2
0
1
3
2
2
4
5
5
2
5
3
3
11
2
2
1
1
0
3
2
4
3
3
2
0
1
1
2
1
5
2
1
0
1
6
5
1
11
1
1
1
2
4
2
4
4
6
3
1
1
1
2
1
6
1
1
1
3
4
5
1
6
1
1
1
3
3
2
3
1
3
1
2
2
4
1
3
4
0
2
0
1
2
4
2
1
2
2
1
4
5
7
1
23
1
1
0
2
1
3
4
3
2
2
0
3
4
6
2
4
1
3
1
2
2
0
0
0
1
0
2
1
1
1
0
1
1
1
1
1
1
2
7
3
3
3
3
7
3
3
1
1
1
3
3
3
3
1
1
0
3
2
1
2
3
10
2
7
4
3
7
2
3
3
1
1
4
1
1
4
1
3
1
0
0
1
1
1
1
3
1
1
1
2
2
1
2
1
1
0
11
1
4
2
7
4
0
4
1
4
2
1
2
0
1
1
4
1
4
2
3
1
1
1
2
2
2
1
1
2
1
3
2
2
2
2
3
1
1
2
1
6
2
5
1
3
3
1
2
5
4
2
2
1
0
1
8
10
0
1
2
2
1
1
3
2
4
3
19
1
5
0
2
5
1
2
1
1
1
2
3
4
3
1
3
4
0
0
1
3
2
16
6
4
5
3
3
3
0
7
1
1
11
3
2
2
1
6
5
0
1
1
1
4
4
7
11
1
1
3
3
2
0
2
0
3
1
2
1
8
2
4
2
2
1
2
3
2
4
2
1
1
1
1
15
1
1
4
2
1
4
1
1
7
1
5
1
5
2
2
1
3
1
3
2
2
4
4
1
2
2
0
1
2
0
3
5
1
1
2
3
1
3
2
1
1
2
0
2
4
3
2
1
0
28
2
2
0
2
2
1
5
3
1
8
1
1
3
1
5
10
1
1
1
1
2
1
2
2
3
6
1
1
2
1
0
5
2
4
3
3
1
2
1
1
2
5
1
2
18
2
12
1
2
1
6
21
1
1
1
3
2
1
3
3
7
2
3
3
1
3
12
3
14
1
2
1
3
5
4
4
1
1
1
2
1
4
3
5
1
0
1
1
2
4
15
2
3
1
2
1
0
3
2
2
1
1
2
1
1
6
4
6
4
2
1
2
0
4
1
2
1
4
2
0
2
3
3
1
2
1
2
2
5
1
5
1
1
8
1
3
0
2
3
3
1
1
2
3
1
2
14
4
0
1
1
3
0
2
1
1
3
1
0
3
2
4
19
6
5
1
6
2
1
3
1
2
1
1
1
2
1
1
0
0
0
3
3
1
1
1
1
1
3
2
0
4
4
7
2
1
1
5
2
1
3
2
4
2
2
1
2
9
2
2
2
1
1
3
5
3
2
5
2
0
1
4
2
2
2
2
1
1
3
1
1
1
1
3
1
1
1
1
12
5
2
1
1
1
2
2
5
1
3
1
0
1
1
4
5
3
4
1
1
2
2
2
6
1
3
1
3
1
2
2
1
2
1
5
0
1
1
2
7
4
1
2
2
0
1
1
2
3
1
2
5
9
1
2
2
2
2
3
13
1
0
1
5
2
6
1
3
3
1
1
4
10
4
5
9
0
1
1
1
2
2
1
1
1
1
2
2
1
1
1
2
2
1
1
2
1
2
1
1
1
4
1
2
1
2
1
3
4
1
1
1
2
4
1
1
1
1
1
2
2
2
1
2
4
3
1
2
1
1
1
2
1
1
2
2
4
1
1
1
1
1
2
3
2
9
2
2
2
2
1
1
3
1
1
1
2
1
1
4
1
1
1
2
1
2
2
1
2
0
3
1
1
1
1
1
2
0
2
0
0
3
1
0
2
1
1
1
0
3
0
1
1
2
0
4
1
1
4
2
0
2
5
3
3
1
5
2
1
2
1
1
1
2
1
1
1
2
2
1
4
2
1
4
4
2
3
2
0
1
2
4
4
1
3
6
1
1
2
1
0
2
3
13
2
1
2
1
4
3
1
7
2
4
1
0
1
1
1
1
5
1
1
1
1
2
5
46
9
2
2
2
2
1
1
4
2
5
1
0
1
2
2
5
0
2
1
1
1
3
6
4
1
1
2
1
1
2
8
2
2
4
2
1
1
1
2
3
1
3
1
0
2
1
3
2
0
2
2
1
4
1
1
2
0
1
4
1
2
3
2
2
8
4
5
1
1
2
2
2
2
5
4
7
2
9
10
6
2
1
2
1
1
2
2
5
1
2
3
4
2
1
3
2
1
4
2
1
1
2
3
5
1
4
4
2
3
1
3
6
2
3
6
2
2
4
12
2
3
1
3
4
5
6
7
12
1
3
3
2
1
6
1
6
1
1
3
7
1
9
2
4
1
1
1
2
2
3
5
4
2
5
3
1
2
3
4
6
1
2
2
1
2
13
5
2
1
1
2
4
4
6
6
5
2
1
6
1
1
4
1
2
1
2
3
1
1
7
2
4
2
2
3
3
5
9
3
8
1
2
6
1
1
4
2
2
3
3
2
0
2
3
2
1
3
8
3
2
4
3
4
1
3
5
5
2
3
10
6
3
4
1
5
1
6
3
2
2
2
1
0
1
6
4
5
1
3
1
0
3
4
2
2
6
4
4
2
1
3
1
1
1
4
5
1
0
1
2
2
2
5
2
1
2
4
2
1
3
5
5
1
2
1
1
8
2
2
2
1
1
2
1
7
0
3
3
1
1
2
4
3
2
1
0
1
0
4
4
1
6
1
2
1
0
2
3
4
1
2
2
1
1
4
6
7
4
9
1
0
0
1
12
2
2
2
1
1
2
3
1
1
3
4
1
1
1
2
3
1
3
1
1
0
2
4
2
3
4
3
1
1
1
3
1
3
2
4
1
0
1
1
2
5
2
3
1
1
2
4
25
1
0
1
3
1
4
1
3
2
1
2
0
0
1
1
1
4
0
3
1
1
6
4
6
2
1
2
0
1
1
5
2
2
1
1
1
1
2
2
1
3
1
2
1
1
2
4
14
2
1
3
2
1
0
1
9
2
2
4
1
5
0
1
3
1
2
1
4
1
5
3
1
2
1
4
2
13
1
6
7
1
1
3
2
4
2
1
5
1
0
1
1
2
3
4
3
3
1
2
2
4
12
5
2
2
7
1
1
1
12
4
7
2
1
2
10
3
2
1
1
1
0
4
0
9
8
1
4
0
1
1
0
2
1
4
1
2
2
1
0
17
1
1
1
7
1
6
9
7
1
3
2
3
0
1
1
2
1
1
3
1
1
1
1
6
0
2
1
3
1
0
3
1
0
2
0
7
1
0
0
1
2
1
2
5
0
1
9
0
4
1
2
1
3
2
1
10
2
2
1
1
0
0
11
0
0
1
1
3
4
6
2
0
1
3
0
1
0
2
4
1
2
2
2
0
1
1
1
0
1
1
1
2
5
13
0
0
3
2
0
2
2
4
1
1
1
2
1
0
4
3
0
0
2
1
1
3
1
4
1
1
0
1
3
3
1
4
2
0
2
1
2
1
1
2
1
1
1
1
1
1
1
13
6
2
15
6
1
1
15
4
1
1
1
1
4
1
1
2
3
2
1
1
1
2
1
2
3
1
1
1
7
1
1
2
7
1
3
3
3
3
1
2
2
1
12
6
16
2
2
2
2
0
1
1
6
1
2
1
2
1
1
6
0
0
1
2
2
6
9
2
0
1
1
2
1
5
2
4
1
1
1
2
1
1
2
1
0
0
1
1
3
2
1
5
2
1
2
2
2
7
6
1
2
1
2
1
0
10
2
1
1
3
1
2
3
1
1
1
3
2
1
3
0
2
1
2
1
2
2
1
0
4
1
7
0
0
1
2
2
2
0
0
2
3
1
3
0
0
1
2
1
4
0
6
3
2
2
1
2
1
1
8
10
3
2
1
1
0
6
4
3
3
0
2
2
1
3
1
2
2
2
1
1
2
1
3
6
4
1
1
1
1
1
3
3
1
0
1
1
1
2
7
2
4
3
1
1
2
2
1
3
1
1
0
2
1
1
7
4
1
0
0
2
4
2
2
3
1
1
1
1
1
4
2
3
3
1
1
1
1
6
2
3
2
1
5
2
3
0
2
9
6
1
0
3
3
3
3
1
5
1
1
1
1
4
7
1
2
2
2
1
3
3
1
1
1
3
2
2
2
0
2
4
3
2
4
2
2
1
1
1
3
4
6
1
1
2
2
1
2
2
3
1
1
2
1
2
2
13
2
2
2
1
3
1
2
1
3
2
1
1
1
3
1
2
2
2
2
1
2
1
1
2
1
1
1
2
1
1
3
4
1
1
0
0
2
2
5
10
1
1
1
3
0
1
1
3
3
2
2
1
0
4
5
4
2
2
3
1
1
3
2
7
2
5
2
1
2
2
2
5
1
1
1
2
0
3
1
2
1
2
2
1
1
2
4
2
0
2
1
2
0
2
3
2
3
0
1
0
1
1
4
4
31
1
3
3
9
5
6
25
15
1
2
17
1
2
3
4
2
2
0
4
3
1
1
7
2
1
2
2
2
1
1
9
2
1
1
1
1
4
4
1
3
1
7
1
2
2
3
8
13
4
0
0
1
2
3
1
1
2
4
7
1
2
1
16
4
2
4
1
1
1
2
8
1
3
3
2
1
2
1
4
1
0
0
1
0
2
2
5
3
3
1
3
2
1
3
7
1
3
6
1
1
10
3
5
3
1
3
1
1
2
1
2
1
4
2
1
1
1
2
3
2
2
1
1
0
4
2
10
1
4
0
1
2
1
2
2
4
4
7
2
2
15
9
4
2
1
2
2
1
0
4
4
1
1
1
2
2
0
1
4
1
2
1
7
0
1
5
2
1
2
1
1
0
2
2
1
1
6
2
1
1
4
3
7
2
0
1
2
2
0
2
1
1
1
8
1
0
2
20
1
1
5
1
4
0
1
4
1
1
1
1
1
3
3
1
1
0
2
2
2
1
1
1
1
3
3
2
4
5
3
2
3
3
8
1
8
3
3
4
2
1
2
2
0
6
2
5
3
2
2
1
1
1
1
1
1
3
2
1
0
1
1
4
0
1
0
2
1
0
1
3
1
2
1
1
1
0
2
4
3
1
1
0
0
2
2
2
2
4
3
0
2
2
1
1
0
4
10
0
4
2
2
1
2
3
2
1
1
1
1
1
2
4
1
1
1
3
1
3
1
1
2
2
0
1
8
3
2
2
0
1
1
1
3
1
1
1
1
1
3
4
1
1
2
1
1
3
1
2
3
2
3
4
1
1
2
0
2
2
1
2
0
1
5
5
2
2
3
1
1
1
0
1
1
2
2
1
0
1
3
2
2
3
3
1
3
1
1
2
2
2
2
3
1
0
4
1
3
3
2
4
1
1
0
1
10
10
1
11
20
34
1
2
1
3
2
2
2
5
2
1
1
3
2
1
3
2
2
0
2
4
1
1
3
1
3
3
3
2
3
2
1
6
6
8
4
3
1
2
1
1
1
1
3
5
2
2
8
2
2
1
16
1
2
1
1
3
6
6
2
1
1
5
3
3
4
3
5
1
1
2
2
2
1
1
2
1
1
2
4
6
3
6
10
5
2
2
3
2
1
8
1
1
2
1
3
1
8
1
22
2
4
5
2
1
6
1
1
1
1
1
3
1
7
4
4
1
2
4
5
2
3
1
1
1
1
2
1
13
1
2
19
41
1
2
1
5
1
2
3
2
2
2
1
2
2
2
2
3
0
2
2
4
2
4
3
2
4
2
2
2
2
2
1
3
1
4
3
3
1
2
3
3
2
2
6
9
1
2
2
2
1
3
5
1
2
1
3
5
4
8
4
0
1
2
2
1
1
4
5
2
2
1
2
1
2
2
3
1
1
5
2
5
2
13
2
0
2
4
2
5
2
9
4
3
2
1
4
1
18
2
2
0
1
7
2
5
5
5
2
5
2
4
3
1
5
2
5
3
2
2
4
2
1
3
2
3
1
2
2
2
3
23
9
2
2
1
2
1
2
3
1
3
3
3
4
2
1
6
2
1
3
1
3
1
2
3
3
2
1
3
4
1
1
2
2
3
2
3
3
1
0
2
1
1
1
4
5
2
1
4
2
4
3
8
1
1
2
2
2
3
2
2
0
2
2
1
1
1
3
2
1
2
1
3
1
2
2
3
1
1
0
1
1
5
8
3
2
7
4
3
1
2
4
2
1
0
1
1
0
5
1
3
0
2
2
4
1
2
4
2
1
2
1
5
1
3
3
2
0
2
1
1
1
4
3
6
1
1
1
2
12
4
2
1
0
2
1
7
3
2
2
1
0
1
2
0
12
2
0
1
1
1
1
2
3
1
1
1
2
2
3
1
1
2
3
0
1
1
2
3
1
2
2
2
1
0
1
1
1
2
1
0
0
1
2
2
3
2
0
1
3
5
1
1
1
1
0
0
0
1
1
4
0
1
1
1
0
2
1
0
1
2
1
1
1
2
2
1
1
4
1
2
2
0
2
8
2
2
0
0
1
1
2
5
9
8
3
2
1
1
2
1
2
3
3
0
1
2
2
2
5
1
1
3
1
2
2
0
1
1
18
20
1
1
4
3
2
8
3
2
1
1
2
1
3
4
8
2
1
2
3
1
1
2
3
1
4
1
2
1
2
1
1
3
1
0
1
0
5
4
6
1
3
1
6
2
3
1
7
1
2
0
1
1
1
4
1
2
6
3
1
2
1
1
3
0
1
1
1
1
1
3
1
2
1
2
2
0
4
2
1
1
1
2
3
1
4
3
3
1
5
2
1
2
2
6
8
1
4
1
3
1
1
13
3
1
1
1
4
1
1
1
2
0
2
2
2
0
2
2
3
1
4
1
1
0
2
1
2
10
2
3
0
1
1
2
8
12
1
2
2
2
0
1
4
3
1
3
2
1
1
2
6
3
3
3
1
2
2
2
7
6
5
9
2
2
0
12
3
2
1
3
1
1
1
2
5
1
1
6
4
1
1
1
19
0
3
15
5
1
1
1
6
1
0
1
2
1
1
1
3
0
1
2
3
0
1
3
6
0
2
3
2
2
0
2
4
1
7
7
1
1
5
9
6
1
1
2
3
0
0
3
6
3
2
3
3
2
1
4
4
1
2
3
3
0
4
2
9
0
1
1
1
3
2
1
2
2
3
1
1
1
0
2
4
1
0
1
1
2
5
4
2
2
1
2
2
1
2
1
3
3
0
1
1
1
3
1
3
3
2
4
0
2
1
7
3
3
2
2
0
1
1
2
1
3
1
3
0
2
2
19
1
4
3
2
2
4
1
5
1
5
1
1
0
4
3
1
1
2
1
1
1
3
1
2
1
3
1
3
3
8
5
3
1
3
2
2
0
3
3
3
1
4
1
2
0
3
1
2
1
1
2
6
1
3
2
1
1
2
0
3
0
3
3
3
3
1
1
1
2
1
3
2
2
5
2
1
2
2
1
10
3
2
4
5
2
2
1
3
4
1
20
1
1
1
1
2
5
3
3
4
1
1
1
0
2
2
2
1
1
4
1
4
1
2
4
1
1
0
9
2
6
3
0
1
1
3
13
4
1
9
0
2
2
3
2
4
2
4
1
2
1
1
3
4
8
2
1
1
0
0
6
4
3
3
1
1
2
5
4
3
2
2
0
1
0
1
9
3
1
2
1
1
2
1
1
5
5
8
1
1
4
3
4
3
4
3
0
1
5
2
4
4
3
1
1
1
2
3
9
7
2
4
2
2
2
7
4
2
4
1
2
1
1
1
4
5
2
2
8
4
10
5
10
14
2
6
2
4
3
3
2
1
2
2
8
1
3
3
6
2
1
1
1
6
3
11
4
2
1
1
2
2
1
2
2
3
2
1
1
3
2
1
2
1
2
2
6
3
1
5
4
3
0
1
5
4
3
6
2
3
6
1
1
2
1
2
1
1
2
1
1
2
1
3
3
3
0
1
4
1
0
5
3
2
2
2
1
3
3
4
3
3
5
1
1
3
3
4
5
4
2
4
1
27
2
2
2
2
5
1
6
2
1
1
1
3
5
5
4
13
3
3
2
3
3
4
27
4
2
1
1
2
1
2
1
2
1
2
4
2
5
2
2
3
1
1
3
5
1
1
3
3
1
1
1
5
2
8
2
0
2
1
3
1
5
2
2
1
4
0
1
3
1
4
2
1
3
2
2
2
3
2
2
2
3
1
1
2
1
1
5
1
1
1
3
2
6
2
1
1
2
2
1
0
3
16
0
1
3
1
4
2
2
2
4
2
3
1
1
5
12
8
1
2
2
2
1
1
14
3
1
4
18
6
4
1
1
5
3
1
18
13
6
2
4
1
0
1
5
7
4
1
1
0
1
0
2
2
8
1
1
0
1
6
1
2
5
0
1
5
4
2
10
5
2
1
1
1
0
2
10
15
1
2
3
1
1
1
3
2
1
0
0
1
2
3
8
3
3
2
2
1
0
2
3
1
4
1
3
2
2
3
4
5
3
9
1
1
1
3
7
2
0
3
1
2
3
2
12
5
2
3
2
1
2
4
2
2
2
1
0
3
2
4
10
4
5
0
5
3
3
4
3
0
0
1
0
3
6
3
3
1
3
1
2
8
4
8
1
1
3
3
3
3
6
4
2
0
1
1
2
17
9
11
6
3
3
1
1
12
3
3
2
2
1
1
11
4
4
3
1
26
0
2
5
5
2
3
1
2
1
0
4
15
2
4
1
2
1
2
7
2
4
2
2
0
2
2
4
8
3
5
2
6
1
2
12
4
2
1
2
4
0
1
11
4
10
2
1
1
0
1
4
8
3
4
5
2
1
2
7
10
1
0
1
1
1
1
4
2
3
6
5
1
6
1
2
1
1
4
6
3
3
9
2
5
0
3
4
1
3
0
2
1
2
0
4
4
1
4
1
1
2
21
7
2
4
0
0
3
2
4
5
1
1
2
2
2
2
2
4
3
1
1
1
3
3
3
1
2
2
2
2
1
6
3
11
2
1
5
1
1
2
1
2
3
2
2
0
1
4
5
10
0
10
5
2
22
2
3
10
1
1
3
0
1
12
3
4
0
2
2
1
3
4
4
2
1
2
3
2
0
3
2
6
5
8
1
1
5
2
1
4
4
3
3
1
11
8
2
17
9
1
1
0
4
2
2
4
8
1
3
3
4
3
3
10
8
3
4
1
3
2
2
2
4
3
3
2
4
6
2
4
3
1
2
3
3
5
7
4
1
1
3
2
16
12
8
4
3
1
2
2
2
3
9
5
2
3
1
3
1
2
6
2
1
3
2
2
15
3
3
3
1
2
1
2
2
4
3
4
1
2
6
1
2
3
3
3
2
6
4
1
4
9
14
6
1
2
1
1
3
8
2
3
2
1
2
3
2
6
6
3
4
1
1
1
3
9
4
4
1
1
2
2
1
7
19
5
3
2
6
1
2
5
3
7
2
4
4
1
2
10
3
7
2
2
2
0
1
5
4
1
3
1
1
2
3
10
3
1
1
2
2
1
9
11
3
1
1
1
1
4
3
8
12
1
1
1
4
1
4
10
12
1
1
2
3
4
3
14
5
1
1
7
5
2
1
19
19
1
5
6
2
7
1
2
4
1
2
1
2
2
4
6
1
4
1
8
2
2
1
13
5
2
1
0
2
2
4
4
3
14
2
12
2
1
1
2
1
11
1
7
1
4
1
2
1
19
8
2
2
2
3
0
6
3
1
4
1
2
3
1
13
2
2
2
1
0
1
11
2
2
5
2
2
3
1
2
1
4
1
2
3
1
2
4
4
3
3
1
2
4
3
8
3
3
2
3
2
1
0
3
5
3
2
2
3
3
3
5
3
7
6
1
1
2
2
2
1
3
2
4
4
1
4
3
5
5
1
0
1
3
1
3
1
4
3
2
2
1
2
6
13
5
1
4
1
1
3
18
8
0
1
3
1
1
16
2
5
1
3
2
2
3
3
7
1
3
0
1
3
2
8
4
5
1
2
3
3
4
11
3
9
1
1
1
3
4
2
2
1
1
0
2
1
5
5
2
2
1
1
0
2
2
7
3
0
1
1
2
6
4
3
3
0
1
3
1
7
2
2
4
3
6
0
2
3
2
13
3
2
1
2
2
1
6
2
4
2
8
2
3
4
2
4
3
2
2
2
2
7
7
2
7
1
1
1
0
3
10
6
2
2
11
1
4
27
1
8
1
0
1
16
4
12
1
4
2
1
8
1
2
3
2
2
2
3
1
1
4
2
1
3
3
2
3
0
1
6
2
0
2
5
1
4
1
2
1
1
1
1
2
2
3
1
3
2
1
1
1
1
7
3
3
2
2
4
2
3
5
2
1
3
2
2
1
2
2
1
4
9
2
1
2
5
4
1
1
1
1
0
4
1
1
0
8
3
0
2
2
2
4
3
2
2
2
2
13
5
3
2
1
1
0
2
7
4
1
1
1
1
1
1
1
6
7
1
10
13
6
1
13
3
2
4
3
2
8
3
3
2
2
1
2
22
3
3
4
4
2
1
1
3
8
0
3
6
8
1
4
4
1
1
1
1
6
2
2
3
5
4
1
4
2
0
5
4
0
3
2
3
1
3
3
5
1
1
9
3
2
5
4
5
4
2
2
2
3
1
2
2
3
2
1
4
1
4
5
4
2
4
4
1
4
1
2
2
3
0
2
5
3
4
6
6
1
2
2
1
2
9
1
6
2
3
1
2
7
1
7
1
1
2
2
5
1
2
2
4
2
2
4
3
6
4
3
0
2
1
1
20
6
2
3
1
8
1
1
13
2
5
2
2
0
1
5
7
7
0
1
1
2
3
4
5
3
3
6
1
3
2
2
5
4
1
3
1
0
0
2
2
12
1
5
1
1
3
5
13
4
3
1
1
1
1
2
1
1
1
2
1
1
1
2
4
10
2
6
4
1
2
11
13
10
3
2
3
0
2
3
6
1
0
11
3
1
2
3
4
3
7
9
16
2
2
2
1
2
5
2
5
1
1
2
2
2
4
1
5
2
1
1
0
2
2
7
5
1
6
0
3
11
5
4
1
1
2
2
3
1
2
6
1
1
1
1
3
3
3
2
3
0
0
3
2
3
3
5
2
1
2
0
1
2
4
3
2
2
3
2
0
1
8
4
1
6
2
2
5
3
3
2
2
1
1
2
1
3
3
6
1
4
1
4
1
7
5
4
1
3
1
1
2
7
8
4
2
1
2
2
1
4
4
0
7
1
1
2
4
1
1
4
6
1
2
1
1
2
2
9
10
1
2
1
1
1
2
3
7
3
5
1
1
5
4
3
3
1
2
1
1
1
6
19
1
1
2
1
0
4
2
5
1
0
2
0
4
1
5
7
2
1
1
0
2
0
9
3
2
2
2
2
5
1
1
6
1
1
2
3
2
1
1
7
1
1
2
1
1
1
1
1
1
5
3
3
8
15
9
6
0
4
3
2
2
2
1
1
2
3
1
1
8
7
6
3
1
1
1
2
1
3
15
6
7
3
3
2
1
2
2
2
2
2
1
2
4
1
3
2
3
4
3
2
0
7
11
2
2
3
5
1
4
6
4
2
1
2
3
2
2
5
6
3
4
2
1
1
2
2
2
2
1
1
2
0
3
1
5
3
1
3
2
3
5
4
5
2
1
5
1
5
2
6
3
4
4
4
3
1
2
3
3
3
1
4
2
4
2
4
1
1
1
2
2
2
3
6
2
4
1
2
2
4
5
4
3
2
2
3
1
1
0
3
2
1
1
6
4
1
4
1
1
1
0
8
3
0
1
1
3
2
2
2
1
0
0
5
3
2
0
0
1
1
1
10
1
1
2
8
0
1
0
11
3
1
4
1
1
2
1
5
2
1
3
4
0
1
0
6
2
3
3
1
1
1
1
4
7
2
1
1
1
1
1
9
1
1
1
1
1
1
2
1
1
2
4
2
0
2
2
6
1
2
1
3
3
1
0
5
2
1
2
2
3
1
0
2
18
2
4
3
5
4
5
9
1
1
3
1
7
2
3
1
6
0
0
4
2
5
1
3
2
0
1
1
5
3
12
5
1
3
0
2
3
1
2
2
0
1
1
1
3
3
1
9
2
0
0
1
2
7
9
6
0
3
2
0
2
2
3
3
2
1
3
1
3
3
2
1
2
4
4
1
1
10
12
3
4
2
4
1
4
3
5
1
2
2
2
1
7
3
3
4
0
1
2
1
2
3
2
2
4
1
2
1
9
2
3
2
1
4
2
2
2
1
2
1
3
0
1
2
2
1
3
12
4
3
2
8
5
1
0
8
9
1
2
2
1
1
1
3
6
0
6
1
0
3
4
0
2
1
4
26
1
2
4
0
13
3
2
5
1
1
1
2
3
5
4
4
3
4
2
3
2
1
1
7
1
1
1
1
2
4
2
1
1
2
2
3
6
2
6
9
2
3
2
2
2
2
1
1
2
0
1
1
4
2
19
6
3
1
2
2
1
3
1
4
1
3
2
5
5
3
2
5
1
6
8
3
2
8
3
1
6
2
4
7
1
2
5
8
3
8
7
0
3
1
0
2
3
3
3
2
5
1
1
3
6
8
3
1
1
1
1
4
5
5
3
3
1
4
2
2
10
1
5
3
1
6
1
1
2
4
13
2
4
2
1
2
25
3
4
2
3
5
1
3
2
5
3
1
1
4
1
3
3
3
4
1
1
1
2
3
17
17
3
4
1
3
2
4
2
1
5
3
2
7
7
3
1
2
1
1
3
3
2
3
1
4
2
5
0
1
3
1
1
3
2
1
1
16
5
1
0
1
2
1
1
16
4
3
4
1
1
1
0
27
2
2
2
0
2
1
0
9
2
1
0
3
1
1
1
8
5
1
2
1
1
0
1
10
10
3
2
1
4
1
1
2
2
3
1
3
1
0
2
6
6
5
3
3
1
0
0
14
4
0
0
3
5
0
2
12
1
2
2
3
3
6
1
2
1
0
2
1
4
2
2
0
1
2
2
5
9
5
1
1
3
3
2
1
5
1
0
4
5
1
3
3
2
4
1
1
3
1
1
2
3
2
4
4
3
2
1
3
5
3
3
1
1
1
4
0
4
4
2
2
1
3
3
4
3
5
2
1
3
2
1
1
1
6
2
2
1
8
1
4
2
2
2
1
0
5
1
3
1
2
1
3
1
9
2
1
3
4
1
5
3
2
1
1
5
2
3
2
2
2
3
5
2
2
4
0
2
2
8
9
8
1
2
1
1
7
2
3
1
1
1
1
5
2
11
7
1
7
9
2
2
3
3
2
1
8
2
4
3
7
5
5
1
1
2
2
21
23
2
9
0
2
2
4
7
4
30
7
1
1
4
2
6
4
13
4
2
3
3
2
1
22
7
1
1
6
6
3
6
8
7
3
0
1
1
1
8
4
3
1
1
2
1
1
1
2
4
2
3
1
1
3
2
3
2
3
1
1
1
2
2
1
2
1
1
4
1
1
0
5
4
1
3
1
1
5
2
7
3
1
1
1
1
1
6
8
5
1
1
3
0
1
3
4
4
3
1
1
0
0
3
4
15
2
1
1
3
2
5
7
7
1
1
2
1
1
4
3
2
2
2
1
1
1
3
1
2
1
3
2
1
1
3
5
2
1
2
1
1
3
3
5
3
4
1
3
0
3
12
5
3
8
3
2
5
6
5
5
5
0
1
1
4
1
13
5
10
3
0
1
2
1
2
4
5
1
0
0
5
1
4
13
3
1
3
2
4
2
3
11
7
2
1
1
3
6
5
7
5
3
3
4
2
2
1
18
3
1
3
1
5
7
10
5
5
1
2
1
1
3
5
10
1
0
1
2
1
6
4
2
5
7
4
2
4
3
4
13
1
0
1
2
1
6
2
10
2
2
0
5
8
4
3
16
5
4
2
2
2
3
3
1
2
3
2
3
0
23
3
10
0
1
1
1
3
7
16
1
0
2
1
1
2
3
2
1
4
2
7
1
2
3
5
13
1
2
3
1
11
7
7
2
3
1
3
1
3
4
3
1
3
4
2
4
5
5
4
1
1
5
1
3
3
4
2
3
1
2
1
5
5
2
5
1
2
2
3
2
5
1
1
1
3
4
1
2
6
4
2
1
3
2
2
1
17
2
3
1
2
2
3
4
1
3
2
4
2
5
2
2
2
1
1
0
7
8
3
3
2
3
2
1
5
2
2
5
1
2
2
4
0
6
4
6
1
4
1
1
6
3
5
2
2
2
2
0
3
2
2
3
3
2
3
2
2
3
3
4
2
3
1
3
3
2
5
2
2
3
1
1
2
2
4
2
2
1
3
1
4
1
3
1
4
3
3
1
2
9
6
4
5
2
1
4
2
2
4
5
2
2
1
8
0
2
1
2
7
1
1
5
1
2
0
3
3
6
2
1
2
0
0
7
2
2
6
1
2
1
1
10
1
1
2
5
2
1
2
2
1
3
3
1
5
1
2
5
1
0
2
1
1
1
1
3
2
3
6
1
3
2
1
2
1
2
2
0
3
2
1
1
2
9
13
1
1
4
2
2
3
0
6
3
2
0
0
4
4
6
3
4
2
1
3
8
4
6
1
0
1
2
1
5
1
3
3
3
1
4
5
5
2
1
4
2
1
4
3
2
1
2
1
1
3
8
2
2
1
1
2
1
2
3
1
1
2
1
1
0
1
11
2
1
0
2
3
1
1
3
1
2
2
1
1
2
1
2
1
1
0
2
2
1
3
3
5
10
3
3
2
1
8
10
5
5
4
3
2
1
2
8
2
3
2
1
4
2
1
6
2
2
2
18
4
2
2
2
1
1
1
2
2
3
6
2
1
10
1
2
1
2
2
1
4
4
1
2
1
2
0
2
10
6
4
3
1
4
1
4
3
3
3
4
0
2
1
1
2
5
4
4
2
3
2
4
2
3
2
3
1
8
2
3
1
2
3
4
1
2
0
4
8
8
2
2
1
3
1
6
6
9
3
3
1
1
2
3
1
6
2
3
3
3
1
3
2
2
2
4
10
3
2
1
1
2
2
4
3
5
3
1
1
9
1
4
3
2
2
1
1
6
3
3
3
1
3
2
2
4
4
6
2
1
1
2
2
2
3
4
2
1
1
1
2
2
2
3
1
2
2
3
3
6
4
3
1
3
2
2
3
5
2
1
0
7
2
2
1
6
1
4
1
3
2
1
3
5
12
6
1
1
1
7
9
3
2
5
2
5
1
0
1
2
1
2
1
3
8
1
2
6
6
4
2
3
4
1
6
9
3
2
4
3
2
4
4
12
2
1
1
6
4
1
8
7
5
1
2
5
2
2
5
7
3
0
1
8
2
5
1
7
4
1
3
6
6
5
10
7
4
4
0
7
3
1
5
11
2
1
2
3
3
2
5
3
3
2
3
2
5
5
5
11
2
1
3
9
7
2
6
9
2
2
1
2
2
2
3
7
9
7
5
1
1
8
1
5
5
1
5
2
1
1
1
2
3
1
4
2
0
5
0
3
8
4
20
2
5
1
2
4
6
3
1
3
2
2
4
2
2
3
3
1
2
2
0
3
6
7
10
2
1
2
2
6
19
3
3
1
1
7
6
3
2
3
5
0
4
8
3
4
2
3
1
1
0
2
1
14
2
3
3
1
1
0
1
4
1
3
3
1
1
1
9
9
2
3
1
6
7
1
2
3
1
3
1
1
1
8
1
6
2
3
1
11
4
36
11
2
1
2
2
3
4
8
7
3
1
3
2
19
4
2
3
1
2
2
2
3
5
5
6
1
0
9
1
3
8
29
32
2
0
7
10
3
4
11
2
4
2
10
2
2
19
2
1
1
0
3
1
1
1
3
4
1
2
4
1
2
1
1
1
4
2
6
3
4
2
0
4
13
7
2
1
4
4
1
1
3
2
1
4
15
5
2
1
2
2
17
8
5
2
2
1
1
1
2
8
22
1
3
0
3
1
1
3
6
1
1
2
3
3
12
7
3
2
2
1
1
7
5
19
3
3
5
3
1
1
6
13
10
1
2
1
0
12
4
5
5
1
1
2
2
1
3
6
2
2
3
1
1
1
5
4
5
1
1
4
2
2
1
2
5
1
1
9
3
1
3
2
2
1
1
2
1
1
2
1
6
16
10
16
0
2
2
1
5
1
5
8
1
1
1
2
3
3
4
3
0
1
0
2
1
1
1
5
2
1
6
1
10
9
2
3
4
1
1
3
2
6
3
3
0
9
2
5
7
1
5
1
1
4
1
1
1
3
2
3
1
4
4
14
2
2
1
3
1
1
3
1
5
15
6
2
1
0
2
3
2
1
0
2
1
1
1
9
1
1
4
6
3
3
7
3
2
1
0
2
6
3
1
19
2
5
0
2
2
2
2
13
2
1
1
1
1
2
2
4
1
3
3
1
3
2
4
8
2
1
2
2
3
2
2
7
6
3
1
1
2
2
3
4
8
10
5
2
1
4
2
1
1
1
2
1
2
2
2
0
2
2
7
3
2
0
6
0
1
1
2
1
3
1
10
9
2
1
1
0
38
5
4
2
3
7
1
1
2
2
2
5
9
11
22
2
2
9
0
7
0
3
3
1
6
2
5
8
8
6
8
2
4
1
5
3
16
3
5
1
3
3
2
1
11
2
3
3
2
1
1
0
6
3
2
1
4
1
3
3
2
5
1
1
3
3
2
3
2
2
9
5
2
2
2
4
5
5
0
4
2
1
5
3
3
8
3
8
8
11
4
2
2
9
2
2
5
3
5
4
4
4
4
3
2
1
5
8
8
7
7
2
5
1
1
2
2
7
3
1
1
2
5
5
8
7
9
2
8
4
3
1
5
5
2
9
1
2
3
1
7
12
2
1
3
5
3
4
6
3
17
1
3
1
3
4
2
4
4
3
1
3
1
4
3
4
2
1
1
2
5
2
9
11
3
3
1
0
2
3
10
9
2
0
1
7
2
5
7
4
0
1
1
2
2
11
11
6
1
1
3
2
6
5
19
6
0
1
1
1
12
15
10
6
0
1
2
2
2
9
1
7
0
1
2
3
2
5
4
6
1
2
3
5
1
3
1
4
1
2
1
3
3
2
2
6
5
2
1
1
1
1
2
8
7
3
1
3
1
2
3
1
2
2
4
0
1
2
1
11
1
1
1
2
2
2
6
9
8
4
2
0
1
5
1
7
1
9
1
2
1
3
3
5
2
11
1
4
1
3
4
8
4
3
1
4
2
3
1
6
4
1
2
1
2
3
4
8
2
3
4
0
2
4
2
11
1
2
3
2
1
1
1
1
2
2
1
3
1
0
1
8
3
1
1
2
3
1
0
4
8
10
1
9
3
2
1
2
4
4
1
4
2
1
1
7
1
8
2
5
1
1
1
4
3
2
9
1
1
3
1
1
1
2
1
1
2
2
4
1
3
8
4
0
1
1
2
3
12
4
2
2
1
3
1
3
5
1
1
1
2
1
1
2
7
6
2
5
0
1
1
9
1
10
3
1
1
1
1
14
4
14
7
0
1
2
2
2
2
35
7
1
2
1
1
6
2
2
6
1
0
2
0
2
23
8
1
1
3
4
3
20
14
6
6
0
1
1
0
2
23
5
1
1
3
3
1
8
3
2
3
1
1
3
3
1
7
2
3
1
2
2
1
1
1
2
4
1
1
0
2
1
2
2
3
3
6
10
1
0
0
2
1
3
14
3
3
1
1
1
1
1
2
7
0
0
2
2
1
1
7
9
0
0
1
2
2
3
5
5
3
0
1
2
3
2
2
5
1
1
1
3
1
2
1
6
1
1
1
1
2
1
5
4
1
2
0
2
2
2
3
7
0
1
1
1
2
1
3
24
6
1
0
3
18
2
1
0
2
5
4
7
3
1
1
1
0
1
2
4
4
1
1
1
1
2
1
1
1
3
0
0
2
0
1
1
5
2
1
3
3
1
2
1
3
11
1
2
1
0
3
2
1
1
0
3
1
1
1
2
0
4
2
1
2
1
2
8
1
4
1
1
0
1
2
13
2
3
1
2
1
1
2
2
1
2
17
1
3
2
1
0
0
13
1
1
1
2
1
1
5
2
7
1
0
1
0
0
1
2
4
1
2
1
0
0
2
1
2
2
1
1
3
1
5
5
4
1
1
1
2
5
2
3
2
0
1
0
1
2
1
1
1
2
6
2
1
1
3
2
4
1
1
4
0
1
2
1
2
5
2
1
2
2
1
2
2
3
1
2
2
1
4
3
2
1
4
2
1
1
2
1
2
2
2
2
1
4
2
1
2
2
1
2
1
2
1
2
1
1
2
2
4
1
8
16
4
3
1
2
1
1
1
2
3
2
1
3
0
0
1
1
2
1
3
2
2
3
1
3
5
1
2
2
1
1
3
5
1
1
1
0
0
1
1
1
1
4
1
6
0
0
1
3
4
2
2
1
1
1
1
0
2
2
2
3
2
2
1
1
6
1
5
5
0
0
3
1
4
3
4
1
2
2
4
4
2
1
3
4
0
1
1
1
7
2
3
1
2
2
2
1
2
5
5
7
0
1
3
3
2
2
2
3
2
3
5
2
3
5
4
1
2
1
1
1
5
2
1
3
1
0
4
2
4
4
0
1
3
2
3
5
2
0
1
1
5
2
3
6
7
2
1
2
1
1
6
1
2
4
1
3
4
2
1
4
3
1
1
0
2
2
4
2
5
4
1
1
2
1
2
3
6
3
1
1
2
1
3
3
1
5
1
4
1
1
2
18
5
2
2
3
2
0
2
0
2
3
2
1
1
5
1
1
2
2
4
1
3
1
2
1
2
0
3
4
2
12
3
2
2
2
0
3
3
6
1
1
2
2
1
1
3
1
2
1
1
0
2
1
2
10
2
2
3
0
3
6
2
3
5
4
1
1
1
4
4
0
2
2
1
0
2
3
5
3
4
2
1
1
1
1
1
1
6
23
12
21
9
0
2
3
6
3
1
17
6
1
2
1
1
7
3
4
4
1
1
4
1
4
6
1
3
3
2
2
3
4
13
12
1
1
4
3
3
3
8
7
1
0
2
3
1
15
3
2
2
1
2
5
4
2
5
6
4
1
0
1
1
5
2
2
1
2
1
1
2
1
1
1
1
1
2
1
4
7
3
2
1
2
1
1
8
5
2
9
2
1
2
1
6
9
3
1
1
0
2
1
10
3
1
3
3
1
1
2
5
10
1
1
1
1
0
1
11
6
1
2
2
3
1
1
4
5
3
8
1
1
2
1
2
2
1
1
1
0
2
1
4
1
2
2
5
3
1
5
1
5
5
1
4
5
1
3
3
3
2
2
6
2
1
1
2
0
1
3
8
0
2
2
2
2
2
2
4
4
2
1
1
2
8
1
5
3
3
1
0
1
2
2
11
2
12
3
3
3
1
14
5
14
3
3
1
2
6
11
14
1
2
4
0
2
4
10
6
4
0
1
1
2
2
4
3
23
2
1
1
1
1
3
1
26
4
1
2
1
0
2
1
11
4
2
1
1
1
2
3
4
5
0
5
3
1
4
2
3
6
2
3
1
3
1
1
3
2
2
1
0
1
5
25
12
3
2
1
1
1
2
9
5
4
2
0
1
0
2
21
3
1
3
1
2
2
3
1
2
8
1
0
1
2
2
1
2
13
2
1
3
1
2
1
2
13
3
1
2
5
3
1
6
5
1
3
3
2
4
14
11
2
2
1
1
5
0
3
4
4
2
2
2
1
1
4
2
4
1
1
2
2
1
3
0
3
0
3
0
1
4
2
2
13
7
3
3
1
2
4
2
22
3
5
2
1
4
3
3
2
7
1
4
0
4
3
0
3
19
2
6
4
9
2
2
8
1
2
2
2
3
3
1
4
9
4
7
1
2
6
4
25
3
2
3
1
2
3
2
5
2
1
5
2
2
3
1
5
3
1
15
3
1
2
4
20
4
4
2
2
4
12
4
6
8
1
3
2
3
3
3
2
2
3
1
5
2
1
13
10
5
1
16
2
5
6
18
19
1
0
9
15
6
1
7
2
6
1
1
2
5
10
3
2
1
1
4
2
1
5
2
3
3
1
2
2
2
3
1
1
11
2
1
3
3
3
4
4
2
2
5
7
31
17
3
2
1
4
2
1
5
5
3
1
1
2
3
7
10
2
3
10
1
3
6
12
43
5
2
29
6
3
1
14
4
16
2
5
4
4
8
1
7
2
3
1
3
1
1
10
4
2
3
3
0
1
2
1
1
6
2
3
2
3
1
1
2
4
4
2
8
5
1
4
2
2
4
1
1
9
1
2
1
2
1
18
5
2
3
2
3
2
14
7
9
2
2
5
6
3
0
9
5
2
1
3
2
1
10
11
3
2
2
4
4
2
1
3
2
1
1
1
1
3
2
7
4
7
3
0
3
4
7
2
1
3
1
3
2
4
3
4
4
3
0
1
3
9
5
16
2
2
1
1
6
4
5
4
3
1
1
3
2
3
1
1
1
1
0
1
2
1
9
3
5
1
1
2
2
7
4
3
2
3
0
2
2
7
13
2
1
3
1
0
2
4
1
5
3
11
18
1
1
2
1
2
3
9
2
1
1
1
1
8
2
17
10
6
1
1
4
2
4
4
6
2
3
1
2
3
3
4
4
1
1
1
1
2
5
6
5
2
3
1
3
1
10
9
3
2
1
1
2
4
4
2
1
3
2
2
2
5
5
7
7
4
2
0
2
2
4
8
10
9
1
1
1
0
3
4
23
5
4
5
3
1
1
2
5
4
0
9
3
1
5
3
6
3
1
3
1
5
1
2
2
2
1
1
3
1
1
6
13
8
1
1
1
1
4
1
11
2
1
11
3
0
7
3
14
3
0
0
7
9
2
6
5
6
2
3
1
2
2
5
8
3
1
2
5
3
1
1
3
4
3
7
6
2
2
9
4
31
4
1
2
3
3
5
10
3
3
1
1
2
1
3
5
6
2
1
1
2
1
3
2
1
3
0
0
1
2
2
14
7
6
3
1
2
4
3
4
4
7
3
1
3
4
2
4
7
7
2
2
9
3
1
1
4
4
1
2
1
1
3
1
3
26
1
7
1
2
2
1
7
3
6
2
3
2
2
2
4
2
2
0
3
1
3
2
4
3
4
2
2
10
2
3
5
1
5
4
4
10
11
13
1
1
5
1
1
0
6
1
1
1
1
1
1
1
7
3
1
2
1
3
7
2
2
6
1
1
1
1
5
2
11
3
1
1
1
3
9
2
7
15
0
0
3
2
0
1
24
1
8
4
3
2
2
0
19
1
2
1
2
11
6
3
3
2
0
2
1
5
18
3
3
2
9
3
2
2
16
22
6
1
1
11
5
2
11
1
9
3
2
2
4
8
2
2
1
2
1
4
1
2
4
1
4
3
1
0
0
8
3
2
3
2
9
2
4
3
8
3
1
5
7
1
2
2
0
3
1
5
9
4
9
3
18
1
2
10
4
12
14
14
1
3
2
3
17
6
2
6
1
6
1
6
2
14
3
2
0
3
3
3
7
4
2
3
2
1
2
1
3
2
10
3
1
1
3
4
2
4
0
1
1
1
4
1
3
1
1
1
1
2
7
1
2
2
4
5
1
2
8
1
1
1
2
1
0
2
4
3
7
1
1
2
3
2
3
3
4
4
1
0
1
2
3
2
1
0
1
2
1
1
4
1
3
2
4
3
1
1
4
2
2
9
6
6
3
2
4
2
6
4
4
4
1
1
1
1
3
3
4
6
2
4
0
1
1
9
5
6
3
2
3
2
5
2
11
1
2
1
1
2
2
4
1
2
3
2
1
1
2
4
2
7
6
1
1
2
2
5
2
5
3
2
5
2
2
3
1
4
2
1
7
1
1
3
2
7
2
1
3
1
3
4
5
2
1
1
2
2
2
4
3
6
1
2
1
2
1
3
2
8
0
0
4
1
2
6
7
10
8
2
10
5
1
4
4
4
10
3
2
1
2
12
8
2
17
2
2
2
6
5
2
8
12
3
2
1
6
2
5
6
3
3
8
1
0
2
3
5
4
1
2
1
2
3
6
2
1
2
1
3
1
4
4
2
5
4
9
1
1
5
1
0
3
5
5
2
4
11
1
6
1
1
2
1
3
3
1
3
6
4
2
3
1
4
4
1
6
4
10
3
1
3
3
1
3
3
1
1
1
3
2
1
2
3
6
2
1
9
2
4
4
4
4
1
2
1
5
2
2
4
1
1
1
1
27
2
4
3
1
1
4
2
5
4
4
5
2
1
2
1
6
7
3
2
2
1
2
0
6
6
1
5
2
0
1
2
9
4
2
6
3
0
1
1
6
0
1
2
0
6
2
4
3
1
2
2
1
1
4
2
1
1
1
1
1
3
3
5
3
2
4
2
1
5
3
7
5
1
1
2
1
19
2
1
4
1
5
2
2
2
2
1
2
2
2
3
1
0
1
2
1
1
6
3
3
2
3
1
4
2
9
4
4
1
1
2
1
1
2
2
2
0
0
9
1
4
2
7
1
1
1
1
1
2
3
1
1
2
1
2
2
1
4
2
3
1
1
1
1
12
5
3
4
1
0
2
8
1
3
3
1
1
1
1
8
1
1
3
1
1
2
2
9
7
3
1
0
2
3
1
2
6
13
3
3
1
1
0
5
4
1
1
2
0
1
2
7
2
5
5
5
3
4
1
1
1
7
4
4
4
2
1
4
2
4
9
3
3
2
1
4
1
1
11
8
2
4
1
0
4
6
21
2
1
3
1
1
1
5
3
1
1
2
2
2
7
2
2
3
2
5
9
2
3
1
2
5
6
3
0
2
9
2
3
0
3
2
2
3
1
13
4
10
3
4
1
5
4
2
2
8
9
6
3
2
3
3
1
2
10
6
3
1
3
0
4
7
4
5
1
1
1
6
3
1
2
7
1
1
2
3
1
6
31
4
1
2
1
4
1
3
3
9
1
1
2
2
2
2
5
4
1
0
1
2
2
1
0
2
2
1
0
4
2
2
2
6
13
3
6
7
8
4
3
1
1
8
6
3
2
2
3
13
4
3
1
1
20
4
1
4
4
3
2
6
3
4
0
7
5
1
2
3
4
1
1
5
1
1
3
2
4
1
2
1
5
0
1
2
3
7
29
3
3
1
1
2
2
8
3
2
1
3
2
3
11
4
5
3
1
2
2
4
5
4
3
1
2
1
1
1
3
6
1
2
2
2
1
2
2
4
1
5
7
3
8
14
11
1
2
5
1
4
2
20
20
30
1
8
0
2
2
2
5
3
4
1
3
1
4
7
3
20
1
4
4
2
1
4
4
4
5
2
1
1
1
13
2
2
2
2
3
1
5
4
1
2
4
8
23
1
1
5
7
4
4
7
2
1
1
1
2
4
2
5
1
4
2
2
1
2
1
4
1
4
2
1
3
4
4
2
2
4
2
2
2
2
3
1
4
2
1
0
4
1
9
5
3
2
1
2
1
8
5
4
2
2
0
2
1
10
3
0
0
5
1
2
1
3
1
3
2
6
6
3
4
4
2
4
4
7
4
1
4
1
1
1
5
6
23
5
3
3
2
2
5
3
3
2
1
3
1
9
7
0
11
2
2
3
1
5
1
2
4
7
0
3
2
2
4
2
5
5
3
3
2
1
2
8
3
2
1
5
1
1
1
1
1
1
1
1
4
3
0
1
7
4
2
1
2
3
4
1
11
3
1
3
2
4
6
6
4
4
2
6
2
3
2
7
2
4
2
7
5
3
1
6
4
6
2
3
1
4
9
6
4
4
2
5
2
2
4
4
2
3
7
4
2
1
5
6
1
1
10
11
3
2
6
3
11
4
2
3
3
1
4
5
1
3
2
1
1
3
2
0
3
4
0
1
9
2
2
2
3
13
2
6
24
4
2
4
10
5
4
4
4
4
3
11
3
2
0
8
1
2
1
8
1
6
4
8
1
1
3
4
3
0
4
7
2
3
3
5
2
22
7
2
2
21
5
17
1
5
1
4
2
2
5
1
2
1
1
2
2
7
7
5
3
3
1
2
2
5
2
7
3
1
1
5
2
9
2
2
1
5
3
0
1
4
3
3
5
2
5
2
1
1
3
1
1
5
4
1
1
4
2
1
2
5
6
2
2
1
1
2
7
6
4
1
1
1
1
2
11
2
3
2
5
2
1
5
4
1
3
1
1
1
1
2
3
0
1
1
1
1
0
2
1
2
4
11
5
1
6
1
3
4
10
2
19
2
1
1
0
8
3
11
3
2
1
2
6
2
6
1
3
1
3
2
7
1
2
1
2
30
2
2
1
4
1
1
4
1
1
2
5
2
1
2
4
2
0
1
5
2
2
3
4
2
3
5
1
1
2
5
4
12
1
2
1
3
1
6
6
3
11
2
1
2
2
3
6
6
3
1
1
1
1
4
1
1
1
1
1
1
4
3
7
18
2
4
6
0
2
1
1
6
6
6
1
2
3
9
1
3
1
4
0
2
2
5
0
2
2
2
5
1
1
4
1
8
9
1
6
1
7
5
3
5
1
2
1
1
6
4
3
2
3
2
1
2
1
1
2
7
14
1
2
1
4
9
3
7
3
4
4
6
5
5
2
1
2
0
2
5
7
1
1
6
0
1
2
2
3
3
2
2
1
5
2
5
2
2
24
4
11
0
3
1
2
2
4
3
2
1
2
4
1
1
3
1
5
4
4
0
3
3
4
3
2
0
2
1
1
4
6
2
5
1
0
1
1
1
3
1
3
1
1
1
0
1
1
1
3
14
5
4
0
2
2
2
7
2
5
3
3
1
2
12
6
2
4
2
5
2
3
3
2
3
7
7
1
3
3
4
1
4
1
10
5
5
2
3
1
0
1
2
5
2
2
6
2
4
2
1
1
2
4
2
1
3
8
2
2
2
2
2
3
2
2
2
1
1
2
1
4
2
1
6
9
4
4
1
3
1
0
16
5
2
4
1
3
0
0
6
2
0
3
1
1
0
4
9
5
1
2
1
4
2
5
7
5
4
2
2
2
1
13
3
4
5
1
7
2
6
1
2
3
5
4
11
1
4
3
14
0
1
2
12
2
6
4
2
3
3
2
1
5
1
1
2
1
5
1
1
1
2
2
2
4
1
4
4
3
1
5
7
8
1
1
1
5
3
8
3
1
3
2
1
1
4
5
7
3
15
15
4
2
1
3
6
4
10
2
2
4
6
1
1
7
6
1
11
1
3
5
2
1
8
6
1
7
3
4
1
10
14
5
3
4
1
3
3
5
10
2
1
2
2
3
1
7
2
3
6
2
3
1
4
1
2
1
5
2
2
4
2
1
2
2
1
8
1
4
0
1
2
1
2
4
1
2
4
2
14
3
0
2
1
2
2
1
4
1
1
3
1
1
2
4
3
1
5
5
3
3
3
1
0
5
2
0
4
1
2
2
2
1
3
3
9
5
5
3
2
3
2
3
2
2
2
1
0
4
1
3
1
6
1
0
0
0
2
4
1
2
5
3
1
2
2
3
4
6
15
4
1
3
4
2
2
5
1
2
1
2
1
2
1
9
8
4
8
6
2
