131
36
72
68
115
61
58
80
122
129
183
103
144
172
136
5
18
2
1
12
11
10
13
1
1
5
4
5
6
5
1
3
4
10
11
8
5
3
4
3
4
1
2
1
13
0
7
6
2
2
0
3
1
3
1
8
3
3
5
6
6
22
0
16
10
10
1
4
3
6
2
5
1
3
3
2
4
2
2
1
3
1
2
0
3
5
0
0
2
2
2
3
1
6
2
1
0
9
2
3
2
1
2
7
1
4
9
4
0
2
2
1
6
2
6
0
2
0
1
1
1
6
1
2
2
1
1
2
0
8
4
1
1
5
2
1
1
2
1
4
2
2
6
5
2
3
2
3
4
1
2
4
1
7
2
4
2
1
1
3
5
3
2
2
2
2
5
5
2
148
72
74
119
104
88
38
122
135
21
89
115
47
34
125
11
5
2
8
10
25
5
0
10
6
7
10
6
3
4
6
11
19
5
8
6
11
17
17
6
4
9
2
11
19
4
6
3
3
11
4
2
5
2
8
13
12
6
3
13
12
0
21
16
9
3
2
14
9
6
2
5
6
8
9
3
1
3
1
3
10
4
6
9
3
6
8
6
7
3
2
8
4
2
3
2
7
8
5
6
3
4
3
3
8
3
7
4
1
2
6
6
2
2
1
2
7
4
6
3
3
2
8
4
4
1
7
2
11
17
6
5
1
9
8
3
4
5
5
7
4
7
4
4
5
5
5
5
2
2
6
4
9
2
3
5
2
3
8
1
2
4
4
5
7
4
3
6
60
67
71
67
86
95
126
123
101
108
116
113
134
104
147
4
11
13
15
18
11
7
7
18
9
6
17
3
2
3
11
22
8
8
10
9
17
15
11
2
4
7
17
9
3
12
4
9
3
5
2
5
2
20
7
10
10
5
4
18
0
18
21
14
3
4
10
15
5
3
5
5
15
6
5
3
4
1
3
4
7
6
8
5
10
3
7
3
3
4
3
2
7
6
2
19
13
8
12
2
2
7
3
7
11
4
3
3
3
9
6
6
2
4
3
4
7
6
6
11
4
3
1
2
3
6
3
15
8
7
4
2
4
5
5
5
6
10
12
3
12
4
2
7
9
3
5
4
4
7
5
5
8
3
4
7
4
3
7
6
4
4
6
5
8
3
3
9
125
174
144
9
6
4
9
164
125
119
90
141
48
72
4
11
3
12
12
9
8
2
5
3
7
9
3
4
7
13
1
12
0
15
6
6
2
1
3
0
4
5
2
4
0
3
2
3
2
1
3
5
12
19
10
10
4
8
0
14
11
7
5
2
9
4
12
3
4
3
5
3
1
3
4
2
2
2
1
0
3
3
6
1
7
0
3
1
6
1
3
1
1
6
2
1
1
5
2
4
10
1
10
1
1
2
3
6
3
1
4
1
1
3
2
1
2
1
1
2
1
0
2
1
2
5
1
1
1
5
3
4
3
3
4
2
4
6
1
0
4
2
4
3
1
4
4
3
8
2
2
5
2
4
1
1
6
1
1
2
2
6
4
2
1
45
100
62
21
59
77
65
22
52
73
42
84
12
26
74
31
7
11
13
8
3
13
3
3
5
3
3
3
6
4
17
4
6
5
9
7
4
8
12
5
7
13
9
8
2
4
6
1
3
2
8
10
6
4
9
5
7
9
0
5
6
5
5
2
11
9
5
2
2
2
7
4
3
3
4
4
2
2
3
1
3
7
7
2
3
2
2
5
1
8
4
3
1
3
2
2
3
2
3
3
9
3
8
2
1
4
5
2
6
2
1
5
5
3
12
1
2
3
5
1
4
2
6
1
3
7
3
1
7
7
15
8
10
2
3
4
5
5
11
4
5
4
2
2
2
1
5
4
6
3
6
2
6
3
2
2
2
1
5
3
1
4
10
4
2
40
34
23
19
30
22
20
14
34
12
13
19
8
20
15
15
6
11
5
13
13
3
6
12
4
3
7
21
20
23
11
13
21
15
12
5
13
5
7
15
0
5
12
4
3
6
6
2
1
2
13
6
3
9
11
10
9
0
10
27
10
20
4
7
11
14
18
6
4
10
3
4
7
4
2
1
2
3
4
6
7
4
3
4
3
4
2
1
2
4
5
1
6
6
2
3
3
6
6
5
3
6
4
4
7
10
5
15
2
1
3
4
7
7
3
1
4
3
3
3
2
5
3
3
3
7
1
3
8
4
9
15
4
3
4
9
8
6
5
3
12
3
2
2
5
1
10
5
3
1
3
8
4
9
2
5
8
3
5
5
11
10
11
3
25
47
234
52
144
116
31
121
36
81
104
59
45
167
33
8
10
4
9
9
2
4
4
1
1
5
6
15
3
19
8
10
10
6
2
4
2
2
13
10
5
8
1
4
5
3
1
4
3
17
4
7
3
10
8
16
0
11
11
23
16
8
5
7
5
3
2
6
9
4
1
2
3
1
1
4
4
4
7
6
6
4
2
3
2
1
1
5
1
4
4
5
4
5
8
10
4
4
2
11
8
2
3
1
2
6
6
7
2
2
3
3
2
5
4
3
3
3
3
1
1
2
2
14
5
3
1
2
5
2
3
4
8
5
5
5
10
2
6
3
3
3
4
5
4
5
3
7
1
6
4
3
3
2
3
7
6
2
3
16
6
5
1
93
50
96
36
80
66
91
55
53
77
68
25
49
72
22
15
6
7
8
6
9
8
8
4
9
7
18
13
6
0
15
14
6
4
4
8
8
17
7
4
12
5
1
5
4
7
7
5
13
9
7
6
14
11
17
0
11
0
15
0
3
15
15
2
4
6
4
10
3
2
4
3
4
4
2
4
4
15
5
5
1
3
5
8
5
4
3
9
6
8
16
9
4
7
4
2
5
9
6
3
10
6
3
6
4
3
11
3
6
7
2
5
9
6
6
3
4
5
5
4
3
3
6
9
6
4
9
4
4
4
7
2
4
10
4
2
9
6
9
4
2
5
14
16
6
6
2
6
12
9
4
3
4
4
5
7
5
3
2
3
7
9
77
31
104
86
84
29
80
91
83
31
39
40
95
84
96
7
7
4
4
7
9
6
11
3
12
18
12
11
8
13
13
22
10
2
9
5
20
22
1
15
8
4
7
10
1
8
9
8
8
20
4
4
8
6
0
20
0
5
7
3
17
17
4
7
11
8
15
12
3
2
9
4
7
8
3
9
18
5
5
11
8
9
7
2
8
11
2
7
7
8
9
13
5
7
15
4
3
7
8
16
6
5
12
9
5
7
10
4
4
8
3
6
8
6
15
3
4
3
8
6
8
19
4
7
16
4
12
11
5
11
11
7
5
9
2
5
13
5
6
7
3
5
12
4
10
9
4
5
10
3
6
9
4
5
11
3
10
10
2
11
9
189
183
274
191
309
146
175
140
200
211
184
211
181
274
208
6
7
0
0
2
4
3
5
1
5
10
7
6
3
12
3
3
16
1
1
3
4
8
9
5
2
0
2
1
1
1
10
1
3
6
11
6
3
0
7
12
2
13
1
10
6
7
5
4
1
1
1
0
5
9
1
0
1
2
0
5
4
1
1
2
1
3
0
1
2
3
1
4
2
1
0
3
3
2
2
1
0
2
1
0
2
1
1
2
3
2
1
1
1
4
0
1
0
0
0
1
1
1
1
1
2
1
1
2
3
1
3
3
1
4
1
1
3
1
2
15
2
3
3
1
5
4
2
2
2
0
2
1
1
2
1
7
2
3
1
2
1
6
3
1
39
33
22
15
14
76
26
13
66
83
28
72
4
92
12
12
4
4
3
5
17
3
6
8
11
5
8
9
8
13
2
3
5
2
15
8
6
9
6
3
7
7
2
6
5
4
6
3
4
12
15
6
0
6
13
4
4
1
7
4
3
10
8
3
5
3
3
3
3
3
7
3
3
2
9
7
5
4
2
3
1
1
8
4
1
3
1
3
6
5
2
4
5
4
5
1
5
4
2
1
10
7
5
1
6
2
13
11
3
4
2
2
2
3
2
4
4
3
5
6
1
5
5
4
16
9
8
4
5
2
4
1
5
2
10
3
7
5
3
7
7
3
6
2
1
6
3
8
2
3
3
2
2
2
8
5
5
6
6
63
75
54
89
63
90
72
94
105
47
94
88
82
90
101
1
3
5
2
6
13
5
6
6
22
13
8
16
6
4
2
3
3
10
0
5
13
22
2
9
4
4
3
4
6
5
7
5
4
9
6
0
4
4
6
5
1
7
2
7
1
5
2
4
2
3
3
4
7
1
1
2
4
6
2
1
4
3
2
2
1
3
3
3
2
2
8
5
1
5
6
3
8
4
2
3
2
4
4
11
6
9
3
4
3
5
3
3
6
2
2
7
2
2
6
1
2
3
4
4
2
5
7
10
8
24
1
3
3
5
3
3
2
5
4
5
4
3
2
1
4
4
6
4
2
6
1
3
3
3
1
3
4
3
5
5
5
4
177
128
181
131
219
128
177
153
205
121
151
127
146
214
162
3
4
0
6
1
3
4
6
1
5
1
5
5
1
2
1
2
7
7
1
4
3
3
3
6
1
2
1
6
1
3
1
4
2
2
23
5
2
5
1
5
1
2
1
1
2
6
5
3
8
2
1
1
4
8
3
3
2
2
2
0
0
3
1
8
1
3
1
1
1
5
10
6
4
3
3
0
4
0
2
1
1
1
2
1
2
3
1
3
3
1
2
1
1
9
5
1
1
0
1
1
1
6
4
1
3
1
2
3
3
1
9
1
5
1
0
2
4
2
4
3
4
2
4
2
3
7
4
2
2
0
1
1
1
6
1
6
2
5
2
5
3
126
133
127
78
134
143
128
80
135
128
89
175
68
149
62
20
1
2
4
1
9
2
7
7
6
11
10
7
1
4
2
8
6
2
4
2
1
22
5
1
1
3
5
4
4
4
3
4
11
0
6
0
4
3
2
3
3
0
4
1
3
2
2
3
3
1
1
5
1
9
5
7
4
6
2
5
3
13
4
8
1
4
3
3
3
11
2
3
0
4
3
2
1
4
1
1
1
3
3
5
1
7
6
5
2
4
1
3
3
5
4
2
0
2
2
3
2
6
3
6
1
1
3
5
1
12
2
3
2
4
1
4
4
9
2
3
1
3
3
4
8
6
1
3
2
2
1
2
13
14
5
13
1
1
1
6
46
13
59
10
80
26
31
12
83
30
48
35
23
82
25
3
3
6
8
6
7
3
8
14
10
8
7
2
5
7
12
18
1
11
4
10
11
3
2
6
2
14
4
5
3
8
8
8
0
20
5
4
0
7
7
9
1
2
2
2
3
2
3
4
9
4
5
2
3
11
9
4
1
5
2
2
3
7
3
6
4
4
7
7
9
4
6
2
4
4
6
3
2
2
4
8
5
5
3
4
5
4
5
6
2
5
8
2
7
4
4
2
3
3
4
4
15
4
7
1
3
4
8
1
4
2
5
1
4
3
2
4
7
5
5
3
2
6
22
10
3
2
8
4
2
2
5
4
2
6
10
3
8
4
5
236
103
242
184
193
98
251
197
178
113
89
84
180
170
139
16
5
3
5
3
2
10
9
5
8
1
7
3
3
5
2
1
9
6
2
5
1
2
6
1
2
1
2
13
13
7
9
0
10
3
7
2
2
1
3
3
2
2
3
1
1
1
3
6
10
2
1
1
1
1
4
1
1
2
1
1
2
1
11
7
4
1
2
1
4
2
3
14
10
3
1
2
0
2
6
1
1
3
0
2
3
1
1
1
0
4
2
1
3
1
5
5
1
2
2
3
1
3
5
7
1
4
1
3
2
1
2
3
2
3
3
0
2
4
2
7
4
1
2
1
2
2
2
2
0
1
3
2
3
2
2
2
1
5
255
204
264
292
238
231
263
252
263
210
201
269
259
230
221
5
0
6
2
6
5
2
3
8
4
2
5
4
3
8
1
10
7
1
4
3
3
14
11
2
1
3
3
2
29
3
0
6
4
8
6
1
4
3
1
3
12
1
1
5
3
9
3
1
8
2
1
2
7
2
4
1
3
1
2
5
1
6
11
15
4
1
2
4
3
2
5
4
1
1
2
2
6
2
5
1
4
4
2
3
1
6
6
1
7
1
3
3
1
4
7
2
3
2
3
4
1
4
10
4
4
1
3
2
3
1
3
5
1
3
1
2
5
10
7
7
5
5
4
7
2
5
1
3
2
3
2
2
3
14
3
4
4
73
91
113
92
119
104
60
80
46
91
99
44
89
87
59
2
13
14
5
10
3
3
8
4
1
8
4
9
0
2
6
5
0
4
1
2
3
2
5
6
4
11
3
7
5
0
14
8
5
10
0
5
3
2
11
3
2
6
3
1
1
7
4
1
4
2
1
5
5
1
4
4
1
2
1
1
6
2
1
2
1
3
3
5
2
5
5
3
4
2
1
1
5
3
6
2
3
1
2
2
3
3
2
2
1
4
3
2
4
4
4
1
3
2
2
2
3
8
5
17
1
5
1
3
1
3
5
6
4
4
6
6
0
3
6
1
2
3
2
7
5
2
2
8
2
4
2
4
5
3
6
7
102
179
191
207
227
126
123
104
112
238
232
218
225
207
255
23
15
11
17
5
22
9
3
3
4
1
10
8
3
10
3
1
4
3
1
2
8
10
11
4
7
10
7
9
0
34
9
18
24
3
7
9
9
3
16
5
9
2
2
2
7
1
2
6
3
5
5
9
2
0
4
2
5
2
6
6
3
1
3
3
6
4
2
4
4
6
1
1
10
6
8
3
5
2
9
7
2
1
5
1
2
2
3
2
3
3
1
1
2
1
1
7
7
1
2
1
3
3
5
12
6
3
2
1
1
2
8
6
3
3
3
3
4
3
4
1
5
1
6
4
5
3
1
11
6
1
4
6
2
5
3
62
45
77
77
30
104
117
109
90
115
108
108
122
119
91
15
22
0
11
11
17
5
7
5
3
15
0
6
17
2
12
5
9
2
6
2
15
16
11
16
7
5
22
0
35
15
21
21
6
14
15
4
3
4
6
10
3
5
5
3
4
3
8
6
3
4
4
5
5
5
9
1
2
6
5
4
8
2
9
11
4
8
9
4
7
4
7
13
6
1
6
11
4
6
9
1
4
8
2
4
9
2
7
5
4
8
2
2
6
3
14
3
5
7
9
8
7
5
12
11
2
5
5
9
7
4
8
6
11
9
6
5
10
10
4
2
12
2
4
4
1
9
14
2
3
9
3
5
7
3
51
107
117
116
100
35
58
48
44
107
134
126
130
120
142
5
20
15
19
16
10
3
7
6
12
14
8
5
5
7
7
7
7
4
2
7
9
10
20
10
8
14
0
31
19
12
10
3
7
12
6
5
7
2
10
3
7
1
5
2
5
4
8
8
10
4
7
2
3
4
3
4
4
3
5
0
1
7
8
4
15
5
9
6
10
6
7
1
5
5
5
4
4
2
2
2
4
5
6
2
10
3
6
10
6
0
3
2
1
17
4
1
2
5
5
7
18
8
8
6
5
3
8
5
6
6
6
8
7
1
8
5
10
4
4
4
3
4
4
5
4
8
6
4
4
14
12
3
7
171
115
91
197
145
98
124
153
131
93
118
189
89
101
149
23
9
22
12
4
18
5
4
13
18
4
13
3
2
5
5
3
2
3
8
15
11
4
22
5
14
0
15
17
14
20
1
10
17
15
4
3
3
9
4
2
9
5
3
5
9
13
2
13
8
6
2
2
3
3
1
4
5
2
2
3
4
7
7
2
3
6
9
8
11
8
6
3
3
7
9
4
1
2
1
5
6
4
2
2
1
3
4
5
1
1
1
2
10
2
3
2
7
7
12
9
5
3
1
4
16
14
6
4
6
3
12
7
3
5
4
6
3
1
3
1
2
5
5
5
5
3
5
4
16
8
14
2
87
77
0
75
132
77
0
59
88
0
277
91
0
0
96
24
20
0
7
13
5
5
13
0
9
7
8
8
5
0
4
5
7
9
7
0
15
15
16
9
0
0
29
21
14
5
11
0
7
3
11
6
7
0
5
9
14
4
4
0
7
6
9
7
7
0
10
2
4
2
5
0
6
8
5
6
5
0
9
11
7
10
6
0
7
3
1
7
7
0
3
4
5
4
3
0
3
4
6
2
4
0
7
2
3
4
1
0
8
2
4
6
7
0
6
2
12
4
8
0
10
4
3
10
3
0
11
16
4
6
8
0
5
2
7
3
4
0
4
6
9
5
5
0
7
6
8
75
80
49
74
120
39
141
41
122
29
37
66
26
97
77
13
12
6
8
5
2
7
12
3
14
4
2
5
4
5
11
4
7
9
5
8
20
13
7
0
16
12
29
22
1
11
8
5
8
7
1
12
3
2
10
10
1
3
6
2
16
14
4
7
3
4
8
2
2
4
4
3
5
3
2
4
3
3
7
15
3
4
5
9
9
1
2
7
3
6
3
3
1
6
6
1
5
1
2
5
1
1
3
1
6
6
8
5
6
3
6
4
8
3
10
5
3
5
24
4
16
2
4
7
7
9
9
8
5
2
1
2
13
7
1
3
1
9
6
4
1
6
12
8
7
6
79
70
74
86
111
25
92
91
84
19
49
80
98
90
89
16
9
4
15
4
18
13
7
13
7
5
9
7
7
7
6
15
23
6
11
7
11
20
0
22
27
21
7
6
8
9
7
5
11
5
13
7
9
3
7
2
4
9
9
5
20
8
6
1
12
8
7
4
8
3
6
5
9
9
9
6
8
3
6
7
9
10
10
10
8
4
7
4
12
6
6
3
4
4
9
6
10
5
4
3
4
3
5
5
2
12
9
4
8
9
4
5
13
6
12
5
6
1
15
5
11
9
13
5
8
4
16
7
4
5
14
8
18
2
6
2
9
10
8
6
9
9
21
5
12
88
94
34
54
104
103
23
89
74
23
60
87
27
35
43
20
1
8
16
22
13
3
6
7
13
6
8
7
4
7
11
13
16
10
5
17
15
0
19
10
14
7
8
13
13
8
4
13
11
11
10
7
3
9
6
8
5
7
10
12
9
3
6
15
6
11
9
6
7
6
3
8
11
12
5
10
4
9
12
5
3
19
16
2
6
8
5
6
9
8
10
6
3
7
6
11
13
6
5
6
2
6
10
2
9
10
8
6
6
7
11
13
5
10
18
7
3
7
3
8
14
8
7
13
4
6
13
4
8
8
4
16
8
8
8
13
4
15
14
8
16
9
10
6
71
75
75
97
85
65
71
78
80
20
44
32
81
97
91
0
5
4
21
6
1
10
2
1
6
4
3
2
3
4
4
7
3
9
7
4
10
7
4
11
4
3
5
9
5
18
3
3
4
4
2
5
1
1
1
3
5
12
9
1
2
4
5
5
3
8
7
2
2
5
4
3
6
3
4
2
5
2
1
3
8
5
4
1
2
1
7
2
1
6
3
1
2
5
3
1
3
4
6
2
2
4
3
5
6
6
2
1
3
2
3
1
4
1
9
1
7
2
4
4
4
2
3
4
12
3
2
3
3
4
7
2
2
3
5
3
4
4
7
4
10
3
4
260
167
124
52
185
167
146
52
179
194
33
184
27
177
43
2
3
4
0
1
2
0
3
2
4
1
3
1
8
6
2
6
9
3
2
0
6
0
6
10
1
4
7
6
2
3
1
2
1
1
3
2
1
9
2
2
0
1
2
2
1
1
0
0
4
0
3
1
0
1
2
1
0
1
0
2
5
7
1
4
6
0
3
4
1
3
3
1
3
2
5
2
2
1
1
1
1
0
3
0
4
1
3
2
2
1
6
6
7
3
5
3
2
4
10
1
4
5
6
1
3
2
4
5
7
3
3
1
3
3
2
1
1
3
2
0
3
1
9
4
3
6
77
83
82
69
86
87
94
78
114
74
52
83
87
172
86
20
5
6
4
5
6
1
2
2
2
6
4
3
3
6
7
5
3
4
0
6
11
11
4
4
3
5
5
9
4
2
3
5
4
3
5
5
12
2
5
6
4
9
16
8
8
4
4
2
4
15
7
5
4
2
2
2
4
1
7
6
3
5
6
4
1
4
7
2
2
1
2
2
0
3
10
4
4
3
1
3
5
3
7
3
3
4
4
3
2
6
2
9
3
2
3
3
3
3
10
6
5
4
5
3
4
2
18
9
4
3
4
3
4
2
3
3
6
2
4
1
5
11
6
3
12
78
76
79
125
108
80
106
99
104
140
85
79
92
89
109
7
4
3
9
9
0
1
1
2
3
9
1
8
2
1
9
4
2
0
6
5
3
2
1
2
4
1
3
7
1
3
4
2
3
2
7
5
5
4
2
14
2
11
7
10
2
3
6
3
6
5
4
8
1
3
1
4
2
11
5
6
1
4
2
0
4
5
6
4
1
2
2
1
2
8
6
8
2
3
2
2
3
3
7
1
3
2
4
8
2
4
2
6
2
1
5
2
1
6
2
4
1
2
1
1
2
18
7
8
3
3
5
2
11
3
2
3
3
7
5
2
6
5
5
3
40
38
26
33
32
64
51
80
78
55
62
78
58
50
85
19
5
8
7
9
3
8
4
4
8
12
19
9
12
11
17
10
0
12
14
16
11
4
6
11
7
11
4
9
12
8
9
4
7
4
4
12
11
17
14
8
5
7
4
12
6
6
6
6
9
11
4
7
9
9
8
6
12
8
4
4
12
14
6
11
8
4
4
18
10
3
9
4
10
8
6
4
6
6
5
4
4
5
3
7
15
22
10
6
8
10
8
8
18
10
5
3
6
4
8
7
6
11
10
3
9
4
8
16
9
9
9
1
4
5
6
8
8
6
9
9
5
7
6
30
0
32
24
17
0
92
86
47
0
0
0
90
35
76
12
22
10
5
9
0
6
7
3
12
9
0
6
13
5
11
0
0
17
17
0
7
8
0
6
9
11
7
8
0
7
7
4
4
5
0
11
9
9
8
4
0
8
7
3
10
5
0
11
9
6
6
9
0
8
7
5
13
3
0
7
12
6
9
12
0
4
9
5
6
5
0
5
9
8
5
8
0
12
3
1
6
2
0
15
14
18
12
4
0
10
5
3
7
7
0
4
8
4
9
9
0
13
6
5
12
3
0
9
9
7
7
5
0
15
6
5
8
6
0
6
9
5
130
173
92
108
161
183
90
155
185
103
167
226
82
103
172
13
7
1
2
2
2
3
1
6
2
3
4
5
3
12
0
12
2
8
1
2
1
4
2
4
2
2
3
1
1
1
5
3
1
1
1
2
3
4
2
4
3
3
1
0
2
4
5
3
7
3
2
3
1
2
8
4
3
4
6
4
1
2
22
2
6
5
0
1
2
2
4
3
2
0
1
3
3
4
1
1
2
1
1
2
3
2
3
6
3
3
1
3
5
5
3
10
1
4
1
5
2
5
4
3
3
2
2
6
1
0
7
2
2
5
4
2
4
4
3
3
1
62
80
32
76
43
83
84
86
92
73
126
79
46
92
74
22
6
6
2
4
4
7
8
7
4
11
24
21
15
0
8
0
11
10
6
14
6
7
4
8
4
9
2
2
8
20
5
7
3
5
6
10
13
8
6
5
5
5
2
6
4
4
5
10
7
6
4
2
5
7
15
13
4
6
12
4
5
14
7
7
10
4
4
7
4
4
5
5
2
5
3
3
4
4
5
2
5
3
5
11
5
9
13
16
8
7
5
4
6
8
12
7
14
10
3
2
4
6
9
12
3
2
4
10
3
8
8
5
6
6
8
6
5
13
6
11
93
82
93
86
92
95
134
77
106
111
103
139
84
126
105
2
1
3
2
3
2
8
2
4
3
6
12
5
0
7
6
3
5
3
5
5
3
1
5
4
2
2
3
1
4
8
3
8
3
5
4
4
3
3
11
1
1
2
0
4
6
3
2
2
4
2
2
1
3
1
4
2
4
1
1
6
6
11
5
2
2
3
4
6
15
3
1
4
4
3
3
4
6
6
4
5
2
3
5
4
1
5
11
1
1
4
4
1
6
4
12
7
3
2
8
5
5
5
4
4
2
4
9
3
10
7
7
1
5
3
2
5
5
8
8
165
186
246
271
148
161
149
157
170
217
171
134
228
138
133
0
2
1
1
0
1
5
1
3
1
5
6
0
10
3
5
0
6
1
3
1
2
3
1
5
2
3
1
1
1
0
5
1
2
2
1
1
0
2
0
4
1
1
1
1
1
2
1
1
1
2
0
3
1
1
1
2
2
1
1
2
1
2
4
1
1
1
0
2
1
2
2
2
2
1
2
0
1
1
16
1
3
2
1
2
1
7
1
3
2
2
1
1
2
3
2
2
2
5
1
1
1
0
3
3
2
2
0
1
1
4
1
2
1
3
1
5
2
2
158
129
116
153
178
109
123
231
155
142
106
141
119
126
161
1
1
3
5
6
5
4
5
7
7
5
0
7
12
6
0
4
7
1
3
3
3
1
2
4
5
1
2
2
8
2
3
2
2
3
1
2
1
7
6
2
9
3
2
4
2
2
10
8
2
1
1
7
8
1
0
2
1
4
4
5
7
3
2
7
6
2
1
2
3
4
4
2
1
0
2
4
2
2
3
4
3
0
2
1
4
0
2
2
2
1
1
1
3
5
6
5
3
3
3
4
4
4
3
4
4
3
3
1
1
1
3
7
4
4
3
8
7
201
149
122
146
214
114
115
101
176
129
141
144
105
135
135
1
2
1
4
4
9
3
3
5
8
0
9
2
3
0
7
8
1
0
1
2
2
6
4
3
2
1
0
4
2
3
4
3
3
2
1
1
2
2
1
2
2
3
2
0
3
5
2
2
1
2
2
1
2
6
3
3
2
3
1
4
4
0
1
2
1
1
4
1
7
3
1
2
0
1
1
1
5
4
2
9
1
4
2
3
2
6
10
6
2
3
3
3
2
1
2
4
3
3
1
12
1
4
3
4
2
2
2
2
3
1
4
4
1
3
3
2
190
183
189
287
237
171
245
189
207
277
206
196
206
233
230
1
1
3
1
2
1
3
1
1
0
11
2
3
2
1
1
6
2
1
1
0
2
1
3
1
1
0
2
1
2
1
3
2
2
2
2
3
2
2
2
4
2
1
3
2
2
1
2
0
4
2
2
1
2
2
2
2
1
0
1
1
0
1
1
3
2
3
2
3
2
3
2
1
1
1
2
2
2
3
2
1
1
2
6
1
1
3
3
2
2
1
2
2
1
3
2
1
1
2
2
2
1
2
0
0
2
0
3
0
2
3
4
1
1
2
4
231
213
173
225
224
220
210
206
235
201
211
234
185
184
212
1
7
4
2
1
2
5
8
0
5
4
3
8
1
3
2
3
6
2
1
3
2
5
0
4
2
13
1
4
2
3
5
1
2
5
5
4
1
3
5
3
3
2
2
4
6
2
2
3
4
3
2
7
2
1
1
0
1
2
2
2
3
3
2
3
3
4
2
2
2
3
1
1
6
1
2
2
6
2
1
4
2
5
1
2
5
5
1
1
2
1
3
3
8
17
3
2
2
3
2
4
1
2
7
2
3
4
1
1
4
3
2
3
3
4
146
308
201
247
206
141
155
151
148
191
214
182
167
162
249
5
1
2
3
4
5
4
0
4
6
3
13
4
2
2
3
1
2
2
3
2
2
1
2
2
3
2
3
3
3
2
2
2
2
5
2
0
2
14
13
5
5
2
3
3
3
1
4
1
6
2
1
1
1
1
3
1
6
2
1
1
1
2
6
5
5
1
2
1
4
6
3
2
8
2
2
1
3
3
2
5
5
1
2
2
4
1
3
4
3
2
1
4
4
1
4
5
7
2
6
0
2
2
3
3
3
1
4
1
1
9
5
6
7
22
86
79
76
41
31
22
31
30
29
74
62
44
55
86
22
11
4
9
5
15
0
16
0
18
0
8
6
6
14
2
4
10
10
2
4
5
4
2
2
11
4
2
8
5
3
0
8
3
1
1
4
2
2
4
1
7
9
2
5
4
6
5
4
6
10
4
7
8
4
2
3
14
1
2
2
1
5
4
2
2
4
1
3
2
1
2
2
11
8
2
3
4
2
6
5
11
8
4
7
7
6
5
3
16
2
3
3
10
5
6
5
4
7
5
8
3
2
5
7
5
5
3
5
8
7
3
6
120
125
53
93
86
109
39
118
104
53
105
92
15
17
163
11
5
5
5
6
0
23
0
17
3
3
6
10
3
3
4
2
7
4
9
2
1
0
3
8
8
2
3
2
2
3
5
4
4
2
3
3
5
2
2
1
3
5
7
2
2
2
1
5
5
5
3
3
3
17
5
5
2
1
1
5
8
5
3
2
1
4
3
1
1
1
1
13
11
5
2
1
2
8
7
4
6
7
3
3
4
2
7
4
6
15
9
2
3
2
3
5
4
7
2
2
3
2
12
3
2
6
4
2
9
5
3
174
157
96
93
136
140
129
101
132
97
80
135
117
144
98
3
8
3
5
0
18
6
7
16
5
5
8
5
7
8
9
4
4
3
1
3
0
2
5
8
3
5
2
1
2
6
8
1
3
4
2
2
5
3
6
8
4
6
3
5
1
2
2
7
6
2
1
6
2
8
4
5
5
2
1
1
5
3
3
5
2
2
1
3
2
3
7
12
10
5
3
2
5
4
4
5
9
7
2
3
2
3
6
5
7
3
2
4
1
4
4
4
3
4
1
1
2
2
3
2
5
12
3
3
4
7
60
93
133
104
104
84
111
103
110
137
138
97
151
123
113
18
8
6
11
13
10
16
11
1
2
4
5
5
6
2
12
2
1
7
7
3
3
6
2
2
6
6
5
8
3
2
4
0
4
2
5
2
4
5
3
1
2
3
5
3
8
5
6
2
1
6
9
3
3
2
2
1
3
4
2
3
2
2
2
2
2
1
0
1
0
5
1
3
1
5
4
6
2
4
4
1
4
10
5
12
6
3
2
2
3
2
9
3
5
0
1
3
5
2
1
1
1
4
2
2
3
7
12
14
5
108
81
58
40
75
88
89
44
96
75
31
74
48
150
52
12
10
0
15
0
12
0
2
8
12
8
10
7
2
7
8
1
7
9
4
8
10
2
9
5
5
4
6
5
6
2
1
1
8
6
8
7
6
8
2
1
8
4
13
4
2
2
1
3
9
11
6
1
2
5
5
4
8
5
2
2
1
5
4
2
4
4
2
3
7
1
4
7
5
13
24
6
5
5
2
15
5
2
3
7
3
10
5
3
7
5
9
5
3
0
4
3
3
2
9
4
5
6
2
6
10
5
9
8
114
16
114
75
114
30
101
44
106
82
35
36
84
131
81
9
0
16
16
6
4
5
3
3
9
16
6
4
9
3
3
2
7
4
5
5
3
3
6
10
2
2
4
2
1
2
2
7
2
3
2
4
4
3
3
6
6
9
4
8
5
3
2
5
4
8
16
5
5
3
7
7
5
3
2
2
1
4
4
1
2
9
2
9
8
2
5
8
6
15
21
3
2
5
7
5
22
3
3
8
2
7
4
4
5
8
4
1
6
6
2
2
2
8
5
2
0
7
1
9
5
8
5
54
24
40
50
40
74
28
115
64
17
52
53
22
29
82
0
18
11
22
17
5
11
4
14
9
14
11
7
2
4
3
6
2
4
7
6
5
10
5
3
3
3
11
1
3
6
3
3
3
1
11
8
2
4
6
6
5
4
5
6
6
1
8
6
4
7
2
1
3
6
2
4
11
1
8
2
2
3
1
2
7
2
15
5
3
1
16
7
2
3
6
8
6
6
5
10
6
4
18
5
3
3
7
4
7
14
2
4
3
3
7
1
1
3
11
4
6
8
7
5
9
4
0
0
0
0
0
0
0
0
0
0
0
0
0
0
0
31
0
0
0
0
0
18
0
0
0
0
0
7
0
0
0
0
0
18
0
0
0
0
0
7
0
0
0
0
0
8
0
0
0
0
0
5
0
0
0
0
0
8
0
0
0
0
0
8
0
0
0
0
0
6
0
0
0
0
0
9
0
0
0
0
0
17
0
0
0
0
0
12
0
0
0
0
0
8
0
0
0
0
0
14
0
0
0
0
0
9
0
0
0
0
0
9
0
0
0
0
0
8
0
0
0
82
70
80
79
66
95
150
93
109
89
51
52
94
107
84
19
28
19
13
12
16
9
9
11
11
16
6
10
9
8
7
5
7
9
5
6
6
5
4
7
8
4
11
5
16
16
6
8
11
13
6
12
10
13
10
5
8
14
7
7
7
9
10
9
8
4
7
2
4
12
9
6
8
2
7
9
1
4
9
4
9
11
9
6
5
5
8
5
9
15
12
13
4
14
8
7
15
11
17
13
5
10
12
6
3
6
8
11
6
2
8
9
12
8
13
6
8
10
10
6
107
99
100
0
27
119
108
0
27
155
0
31
0
36
0
0
18
12
5
19
15
0
16
10
4
4
2
0
9
5
1
13
4
0
21
15
1
2
12
0
2
3
2
3
9
0
2
10
1
3
10
0
3
14
2
5
8
0
0
11
9
3
5
0
5
6
6
4
8
0
3
7
2
5
8
0
1
7
5
16
5
0
1
12
4
5
15
0
5
6
3
12
6
0
5
13
2
8
9
0
13
21
6
4
3
0
2
5
2
5
4
0
8
13
5
8
21
0
9
110
88
136
119
116
103
127
136
160
111
104
111
161
174
138
16
3
9
8
5
2
13
4
8
2
5
4
5
1
7
6
8
0
11
6
5
1
8
1
3
1
4
10
5
3
4
7
8
4
6
1
4
5
5
9
6
2
1
4
12
3
5
1
1
2
2
3
2
4
3
7
4
3
5
1
2
2
3
12
4
1
2
9
8
7
12
2
7
7
2
7
8
4
5
8
3
9
8
8
10
12
4
7
2
4
3
2
3
4
2
4
4
8
12
12
6
6
4
87
134
120
0
116
103
110
0
116
166
0
175
0
138
0
10
0
7
6
10
19
1
0
7
4
6
10
1
0
7
8
5
16
3
0
1
10
2
9
1
0
8
8
4
3
6
0
2
7
3
8
6
0
2
7
2
2
4
0
1
7
3
2
3
0
2
3
2
5
2
0
1
5
2
6
2
0
6
9
1
9
5
0
2
10
1
9
3
0
6
14
3
9
5
0
7
8
8
11
8
0
1
2
2
7
1
0
1
4
4
9
2
0
6
7
2
21
149
14
238
251
165
55
184
167
178
19
23
33
244
179
166
3
2
1
0
2
6
4
2
3
2
1
1
1
6
2
2
3
2
1
1
1
2
3
3
1
3
1
4
1
3
11
2
3
2
4
2
1
1
7
3
4
0
1
0
3
2
3
1
2
1
1
3
1
4
2
2
3
1
1
0
0
8
7
8
3
1
0
5
4
2
4
4
5
7
3
2
1
5
2
6
2
1
2
2
2
4
1
6
4
1
1
1
5
10
6
2
2
2
2
4
1
59
31
76
97
66
69
76
89
74
82
55
52
108
102
97
17
3
6
8
2
9
6
4
4
4
1
2
3
9
7
12
6
2
3
6
4
3
3
3
1
3
3
2
4
9
3
8
3
4
3
3
2
4
3
4
2
4
3
5
2
2
2
1
4
6
5
5
10
1
8
3
2
2
6
1
8
8
2
6
5
1
3
9
2
6
3
4
3
3
5
5
3
2
4
6
2
5
6
3
2
1
3
7
1
4
3
10
4
5
2
6
5
7
8
4
99
63
41
75
72
16
18
55
35
150
94
142
96
115
108
12
3
7
9
5
2
6
1
4
1
1
3
5
4
5
6
4
2
7
1
1
2
2
1
4
6
2
11
2
3
6
2
3
3
3
4
4
4
1
7
3
4
5
1
4
6
2
2
8
2
3
2
2
1
2
1
4
2
2
9
10
1
4
8
3
5
2
1
8
10
10
3
14
6
7
7
2
3
9
3
9
8
4
1
1
3
10
3
1
3
6
7
11
3
4
6
12
4
6
116
142
131
118
25
133
111
126
43
238
195
94
170
96
77
9
5
0
3
0
1
3
7
2
0
6
1
2
5
4
2
2
2
1
1
0
1
2
3
3
1
3
1
1
1
7
3
5
2
0
2
6
1
4
1
1
1
6
3
3
1
1
2
2
3
1
1
1
3
2
1
2
1
4
1
2
2
15
2
1
3
5
4
1
1
4
2
3
7
6
1
1
0
3
3
4
2
1
0
10
2
2
1
1
3
3
4
3
1
1
6
3
4
76
102
10
5
6
27
106
75
86
3
24
2
11
160
1
2
5
6
2
2
3
4
2
2
3
2
1
2
4
2
1
3
4
2
2
5
1
3
9
0
10
5
2
3
2
2
18
4
1
4
2
3
3
4
5
15
2
2
3
2
1
1
2
2
3
1
1
2
5
5
6
2
2
2
2
2
1
3
2
3
2
2
3
2
1
5
2
3
2
2
1
4
2
3
9
1
2
1
7
1
4
1
3
4
3
0
4
4
2
2
5
6
149
182
112
81
118
110
142
94
96
86
54
100
78
95
48
9
2
0
2
3
3
1
10
1
3
2
6
4
1
1
2
3
2
1
0
1
3
4
2
4
5
1
6
3
3
2
1
4
9
5
2
2
3
2
1
3
3
6
1
1
4
3
3
2
1
2
2
2
0
2
1
9
3
2
5
1
2
2
6
8
7
4
1
9
1
3
7
10
2
2
3
9
2
5
3
2
2
5
3
1
1
5
1
2
7
4
1
3
5
7
6
294
254
258
328
317
314
7
7
3
1
1
0
2
7
3
2
3
2
1
0
1
3
2
4
2
3
4
2
2
6
7
2
1
1
3
2
1
7
5
5
5
1
2
2
2
4
2
1
1
0
1
5
2
2
1
4
1
1
1
0
0
6
6
6
4
1
2
4
1
6
5
5
8
2
1
3
3
3
3
2
2
1
3
2
2
3
5
3
2
0
1
2
1
5
1
1
6
2
2
1
1
195
150
218
156
184
164
13
6
3
4
1
3
7
4
3
2
3
1
1
3
4
2
1
4
4
5
2
3
6
4
6
6
3
4
3
4
4
4
3
5
9
2
6
4
4
1
1
3
2
3
2
2
5
2
3
1
2
2
5
2
18
8
2
8
5
6
2
5
8
6
6
13
2
4
3
3
4
3
1
10
8
6
3
6
2
2
8
8
1
4
4
4
5
5
2
12
5
5
6
3
213
212
193
170
201
164
3
1
0
2
2
4
4
3
3
1
2
1
2
4
3
6
4
1
1
3
1
5
10
2
5
1
3
2
2
0
4
3
6
5
2
3
7
3
4
2
5
1
3
2
2
4
3
7
2
1
2
2
2
8
3
12
9
2
3
1
5
1
5
3
3
1
1
2
1
3
2
4
6
3
2
3
4
4
4
2
3
1
1
1
5
3
4
3
4
2
2
1
3
234
155
221
159
197
175
0
1
2
2
1
2
2
5
2
2
1
3
2
4
1
1
0
4
3
2
1
4
4
2
1
2
4
3
2
4
3
7
1
2
1
1
2
5
3
3
2
3
3
2
3
3
2
3
1
3
4
2
4
5
2
4
1
2
2
2
2
6
3
4
1
2
2
3
2
13
3
6
1
1
3
5
3
3
3
3
1
3
2
5
8
10
2
3
3
3
2
2
274
277
262
326
341
322
6
2
3
5
1
0
3
6
0
2
1
1
2
1
0
3
23
2
1
2
0
1
3
1
3
2
1
0
1
3
1
12
3
1
2
1
4
1
1
5
3
3
4
1
1
1
1
2
1
1
1
2
0
1
1
5
2
4
1
0
1
2
3
6
1
3
1
2
2
3
2
1
5
5
2
0
0
2
2
1
1
1
2
3
1
2
2
3
5
3
2
256
265
301
212
251
273
4
2
2
2
3
5
1
1
2
8
1
2
0
2
3
1
1
2
1
3
1
3
4
5
8
1
2
4
0
3
3
4
2
3
2
3
1
2
3
3
2
1
1
1
2
2
3
0
1
0
2
3
0
1
4
2
7
4
1
1
1
2
4
10
2
2
7
1
2
3
4
5
4
2
1
2
4
2
6
1
1
1
2
1
4
1
4
7
3
4
160
183
164
222
235
188
1
2
2
2
1
5
2
2
2
2
2
4
1
7
5
4
3
3
1
4
1
1
3
4
3
1
1
2
2
5
10
10
7
2
1
1
3
2
4
2
2
1
3
1
3
3
2
2
6
1
2
2
11
1
13
10
5
0
1
1
2
1
1
3
7
1
2
1
1
1
2
3
2
8
3
3
8
7
2
2
3
0
1
1
2
1
11
4
5
160
194
156
216
270
232
2
1
1
3
1
8
1
6
5
2
3
3
5
3
13
5
2
2
6
3
1
8
1
6
0
3
3
7
1
3
1
3
2
3
2
1
1
5
2
6
1
3
3
2
3
4
3
2
5
3
1
1
1
2
4
4
2
3
2
3
1
9
3
3
8
10
3
6
2
2
6
5
1
2
1
3
1
2
1
3
4
1
6
3
3
3
2
9
90
57
100
95
154
106
2
3
5
3
1
2
8
3
1
1
2
3
2
1
2
2
4
5
1
1
3
8
4
3
3
4
4
1
4
3
6
3
2
2
2
2
4
3
4
3
2
2
2
2
4
2
0
4
6
2
7
2
2
4
6
4
8
3
6
0
1
2
2
3
3
1
5
1
3
6
5
4
3
2
2
0
2
2
1
7
5
1
7
1
6
2
3
141
112
77
104
74
90
10
13
3
6
5
3
5
7
3
5
1
5
3
5
2
12
2
3
2
7
2
2
2
4
3
6
1
2
1
4
2
2
15
10
2
2
2
6
2
21
6
2
3
2
3
1
4
6
13
13
1
4
4
11
1
5
7
10
1
1
5
2
3
16
13
12
1
6
4
2
6
6
3
7
1
3
2
9
2
5
11
10
0
6
3
3
113
26
68
85
88
82
23
2
6
6
4
5
4
21
6
1
8
2
3
4
4
1
3
2
3
1
4
2
5
2
1
3
5
5
3
2
3
5
9
3
7
4
5
6
5
20
11
1
3
7
4
4
5
5
6
1
3
3
4
1
6
3
3
1
3
4
4
3
4
19
10
2
6
2
9
2
5
9
8
2
2
2
18
4
8
4
23
1
4
3
5
108
126
88
91
83
102
6
16
6
7
1
8
12
8
3
5
6
15
5
5
3
6
4
5
7
5
3
5
8
2
4
11
3
4
3
5
13
8
2
4
7
6
2
8
7
6
1
7
2
3
3
11
3
5
6
4
6
8
3
8
8
3
1
6
7
4
6
4
6
4
6
8
10
4
7
11
11
11
4
3
3
5
4
14
9
7
4
6
4
4
31
33
38
145
96
97
2
3
3
2
1
3
3
5
4
3
2
2
2
3
1
2
6
14
9
1
1
5
2
10
6
6
2
3
3
4
2
4
2
2
2
3
0
3
1
2
2
4
2
5
1
2
2
3
3
14
10
4
5
6
2
9
2
4
4
1
1
6
2
1
4
3
2
1
5
4
8
3
1
7
3
2
1
3
2
8
5
3
7
108
93
80
141
116
157
5
11
1
3
5
1
7
7
6
3
3
1
1
4
2
1
7
2
1
4
5
1
1
4
2
4
1
1
2
2
2
3
2
6
1
3
2
1
2
4
4
10
5
2
2
2
3
3
2
5
2
3
1
3
0
10
7
3
2
5
1
2
1
10
6
8
1
1
3
5
2
3
3
2
2
4
2
2
6
8
3
8
106
158
172
90
112
164
16
1
1
3
2
1
2
3
15
2
2
1
3
1
2
4
3
1
1
1
2
3
1
1
3
1
1
2
4
2
3
1
8
1
4
4
2
4
3
7
1
1
1
3
2
1
2
4
5
0
1
6
3
1
1
6
5
3
1
2
2
1
2
3
8
1
1
2
6
4
9
1
6
1
4
2
2
2
4
6
7
79
94
70
82
60
52
2
4
3
2
3
6
3
2
2
5
2
3
4
12
3
4
1
6
1
2
3
3
2
3
1
2
2
3
2
4
3
4
2
8
3
5
3
3
6
4
2
2
1
3
1
5
4
3
2
8
3
3
2
2
5
11
3
3
1
3
2
7
6
7
2
4
1
9
7
4
5
7
1
6
2
4
3
18
4
5
61
31
10
101
98
111
3
7
1
1
3
1
1
4
14
3
4
3
5
3
2
1
1
3
3
1
1
4
3
1
2
3
1
0
2
2
1
2
1
4
4
1
1
2
1
6
3
3
5
0
2
6
2
2
9
4
4
0
2
2
1
2
3
9
4
1
7
3
1
7
5
2
3
2
2
2
1
9
5
1
9
2
3
3
3
144
118
161
112
158
165
5
2
0
10
4
6
2
4
2
6
1
3
5
2
1
1
6
3
1
4
2
4
1
6
7
5
2
2
6
2
1
5
4
2
1
2
2
2
5
3
7
3
3
2
2
4
5
6
7
3
1
3
4
3
4
10
4
1
2
2
3
3
1
3
5
3
1
1
2
2
1
16
6
10
5
2
3
6
121
123
119
122
149
125
17
5
19
3
3
1
24
1
2
1
3
1
2
0
3
1
6
1
3
1
3
2
3
4
19
0
3
2
6
6
19
5
3
2
4
2
2
1
3
5
6
1
2
1
4
0
4
3
4
0
1
1
3
2
7
1
2
2
3
2
1
7
7
4
7
2
2
2
2
3
13
17
5
2
2
1
3
76
101
101
75
58
89
2
1
4
5
2
4
1
2
4
2
3
4
2
2
2
7
2
2
1
8
2
5
5
5
3
2
4
3
2
5
9
16
2
2
4
9
2
7
14
5
2
4
7
2
2
7
9
11
0
4
3
2
4
2
4
1
1
1
3
4
8
10
4
7
5
3
3
8
2
2
6
5
5
3
4
2
114
97
98
101
100
101
9
6
5
3
4
2
2
1
13
6
8
2
1
5
1
2
2
1
2
0
2
2
1
1
2
2
2
2
1
2
1
2
3
4
4
4
0
2
1
2
2
6
6
0
1
1
2
2
1
4
5
2
1
2
3
5
11
15
3
2
1
2
1
1
3
2
4
2
3
4
2
3
2
6
4
129
112
101
113
101
135
8
15
1
3
1
1
3
9
3
1
1
2
6
1
10
6
2
1
2
5
4
1
1
8
4
4
1
9
2
2
5
3
4
2
1
3
3
3
5
3
3
12
0
6
2
11
1
4
3
2
2
12
7
5
6
18
3
4
2
3
4
5
3
3
1
1
2
1
4
3
13
5
10
9
95
123
105
120
148
128
9
1
4
6
4
0
4
7
11
1
5
1
1
3
3
3
7
3
4
3
4
2
10
3
17
1
12
3
2
4
9
5
4
1
1
2
4
1
5
3
6
1
4
3
4
2
4
3
3
2
6
3
5
1
7
3
13
1
2
3
6
2
4
2
8
1
3
6
5
2
4
6
20
91
103
106
106
93
134
2
3
2
2
2
8
2
1
5
3
5
1
5
7
2
1
2
1
7
2
2
5
2
7
1
4
4
3
3
5
6
10
1
1
2
1
2
5
2
3
0
2
6
5
0
2
5
4
4
2
2
3
3
4
7
12
6
3
1
5
1
7
2
3
6
3
13
2
3
5
5
22
183
234
180
177
159
186
6
4
2
3
4
1
3
2
2
4
4
2
6
1
2
3
2
1
1
3
2
3
2
3
1
2
1
2
2
1
0
11
6
4
4
3
1
3
1
8
7
2
3
1
1
2
2
3
1
2
3
7
2
2
2
3
3
5
3
1
1
2
2
5
2
5
3
3
3
4
2
130
152
158
142
153
151
8
13
0
4
3
2
1
6
3
3
2
2
3
5
4
3
6
5
2
3
3
3
11
7
6
4
1
3
4
2
11
5
8
10
2
3
7
7
2
5
6
11
0
14
1
2
7
10
2
3
3
1
5
4
8
7
7
2
3
2
2
1
8
10
9
9
4
3
5
6
196
248
213
210
252
245
2
2
2
3
7
0
2
3
3
1
2
0
3
4
2
3
3
2
3
1
2
1
2
3
2
2
1
2
3
5
7
4
18
1
0
7
3
5
5
3
1
0
2
1
1
4
3
3
1
2
2
1
4
4
5
4
5
3
1
1
0
12
3
7
9
4
2
3
5
183
210
233
194
230
229
1
4
2
2
1
1
5
3
3
2
2
2
6
1
4
3
1
3
2
1
5
2
1
4
1
1
2
1
8
5
3
5
1
1
2
5
1
4
7
1
3
1
1
5
8
17
2
3
4
3
2
4
2
2
2
3
1
3
3
1
5
1
7
5
3
2
2
3
219
228
218
182
285
183
1
5
1
1
1
3
1
2
5
1
2
1
2
2
1
4
1
0
1
4
1
1
0
3
0
2
1
5
1
2
1
4
1
5
6
3
2
4
3
1
1
1
4
1
1
0
0
3
1
3
2
1
1
2
3
3
1
3
3
2
1
2
1
4
3
2
1
235
123
231
120
196
113
9
6
3
3
8
3
2
2
1
1
1
1
4
6
4
5
5
3
1
4
3
3
3
3
5
4
9
3
2
2
2
4
2
5
4
2
2
1
2
3
16
2
7
4
3
4
7
5
8
10
3
3
2
6
3
2
3
1
1
2
5
6
3
5
5
14
155
170
119
129
182
104
7
3
6
1
1
6
9
3
5
1
1
2
5
3
5
1
2
0
3
2
2
2
3
3
4
1
2
1
9
3
8
8
14
4
7
5
3
2
8
2
7
3
3
2
9
3
3
8
8
2
5
1
3
3
3
4
3
1
2
3
0
7
6
4
6
80
123
180
113
80
94
1
1
1
1
6
3
3
7
3
2
3
1
5
2
1
5
1
2
1
1
8
1
3
3
2
5
1
3
4
3
6
8
1
2
2
5
3
3
11
9
2
2
4
5
2
9
2
12
6
1
6
2
3
2
6
4
2
3
2
4
6
6
2
8
82
153
233
126
95
172
4
7
3
1
1
0
3
3
2
1
1
1
1
2
1
1
2
1
2
0
3
1
1
4
6
1
2
1
4
3
1
4
7
1
2
4
2
2
1
2
1
2
1
0
4
2
2
2
1
3
3
0
0
0
1
7
1
0
3
3
2
0
2
105
137
79
115
101
78
3
3
4
6
4
4
3
1
1
1
4
2
4
2
2
1
8
3
1
2
2
1
7
8
5
4
1
3
5
4
2
7
6
4
2
5
5
2
4
2
5
2
1
7
4
2
2
2
3
5
1
6
5
3
1
3
2
2
1
4
7
7
162
109
135
122
224
105
5
2
6
3
3
4
5
4
5
0
2
4
6
1
3
4
2
2
3
1
1
4
3
3
10
1
2
3
6
2
3
2
2
1
1
2
2
1
2
2
5
1
4
1
3
4
5
2
3
1
3
1
1
4
2
3
16
0
3
2
2
97
131
135
122
135
145
4
2
5
2
2
1
1
2
1
2
2
2
13
2
1
6
1
3
1
1
3
3
3
4
1
2
1
10
1
9
2
4
0
1
2
1
3
3
1
2
2
2
1
5
22
5
2
1
1
1
2
4
1
1
2
5
1
1
3
1
144
116
106
189
95
97
4
3
3
1
2
2
2
6
2
4
2
1
1
3
3
2
2
2
1
2
1
4
1
11
6
4
9
1
2
3
3
2
2
3
3
1
4
2
2
2
5
3
4
0
1
3
4
3
4
4
2
1
1
1
2
2
3
3
4
86
122
100
170
177
204
3
4
5
2
3
3
2
2
3
2
2
4
2
2
2
2
2
2
5
3
2
2
3
5
3
8
7
5
3
5
2
4
6
2
3
3
3
3
1
3
6
4
3
3
5
2
3
3
3
3
1
4
5
3
1
4
8
4
98
103
105
67
81
59
5
5
2
4
2
2
1
2
1
5
1
2
2
2
1
6
0
2
4
4
5
1
5
5
13
5
4
4
1
1
4
2
4
1
1
1
5
1
3
3
7
1
2
4
4
2
2
3
0
3
5
2
2
4
1
7
1
75
68
58
122
64
79
4
7
3
7
2
4
4
3
1
1
3
7
0
5
4
2
7
4
9
3
3
6
8
5
4
6
8
3
1
7
4
9
2
1
6
3
1
3
7
4
1
5
3
4
2
4
8
4
1
4
8
6
1
6
6
2
234
194
221
141
195
203
2
1
3
1
2
2
2
3
3
4
2
0
2
1
1
14
8
6
4
1
3
1
2
2
7
2
8
1
4
1
3
3
2
2
6
3
2
2
3
6
5
2
3
1
2
1
2
5
2
2
3
2
4
3
3
209
213
159
259
172
142
9
7
0
5
3
2
1
1
4
5
0
1
3
3
1
1
3
9
1
2
5
3
0
6
4
4
0
0
2
3
1
2
6
2
1
1
3
2
5
4
6
2
0
2
4
11
1
3
4
3
0
1
2
3
228
262
264
193
221
259
5
3
2
6
8
2
3
9
4
2
2
3
1
1
2
2
2
3
2
6
2
1
3
1
3
3
1
2
2
6
9
9
10
2
1
5
3
3
4
2
4
3
1
2
6
2
9
13
8
2
0
5
3
212
206
203
229
183
170
1
3
4
7
2
5
10
3
2
4
5
2
2
4
2
3
2
2
3
7
1
6
3
2
2
2
2
2
3
5
13
2
1
2
3
5
10
6
2
9
1
3
2
8
1
11
11
6
1
5
11
2
275
307
310
269
287
317
3
2
1
1
1
1
2
5
0
1
2
2
2
1
4
2
4
3
6
2
4
1
3
2
2
6
4
3
0
2
1
1
2
3
4
0
1
2
5
3
2
3
2
1
1
1
2
2
3
6
3
212
187
168
183
138
131
5
16
3
2
3
4
3
5
3
2
2
3
2
3
6
3
2
4
2
2
3
3
2
2
8
6
2
4
3
6
1
5
3
5
2
3
5
3
3
4
2
1
1
1
4
2
3
6
4
11
221
202
258
205
221
209
24
1
4
3
1
1
4
17
1
2
4
3
7
0
2
1
2
3
2
2
5
0
1
5
2
2
4
6
5
2
2
2
0
2
4
4
2
2
2
3
3
3
2
4
2
1
4
3
3
190
157
203
151
221
148
3
8
4
4
5
15
7
6
4
3
3
1
1
2
3
3
1
5
7
7
2
2
6
3
1
2
10
4
3
5
2
6
3
3
4
7
2
4
6
6
3
4
5
8
3
5
8
7
82
105
58
174
78
86
10
4
7
2
5
1
2
3
7
5
8
3
3
1
1
0
3
4
7
0
1
0
2
1
4
3
2
0
2
2
3
6
5
2
7
1
1
2
1
1
4
2
6
1
2
4
2
109
106
82
135
102
98
8
6
2
3
6
3
3
3
4
2
1
1
3
3
1
5
2
4
1
0
2
3
8
10
4
3
0
1
1
2
2
12
3
5
3
3
2
4
3
3
5
5
1
5
2
2
95
61
81
57
101
73
15
1
3
8
12
6
3
4
8
3
4
3
3
1
4
5
5
1
1
1
3
4
4
2
3
1
2
2
3
6
14
13
6
2
1
2
8
5
9
11
5
7
2
4
2
104
104
96
104
100
114
2
2
9
4
4
2
8
7
0
3
4
4
1
4
3
3
1
1
2
2
3
1
3
8
1
1
5
5
2
8
11
12
3
3
2
11
1
2
4
7
1
1
4
4
47
89
97
110
77
91
5
3
3
1
0
3
3
3
3
3
1
1
1
2
0
1
1
2
3
2
1
2
2
2
1
3
2
1
5
1
2
2
1
2
1
1
1
2
2
3
2
1
4
135
79
142
85
150
86
20
2
2
5
2
5
2
1
1
7
0
1
2
5
1
2
2
3
2
1
1
2
2
2
2
4
8
3
6
6
2
5
4
4
1
6
3
5
2
2
5
5
104
114
91
106
86
96
7
3
1
3
2
1
1
3
2
1
2
1
2
3
1
2
4
2
2
1
3
4
5
3
1
3
2
3
6
1
9
8
5
2
2
2
3
5
4
2
6
112
127
88
125
114
92
2
1
5
8
1
1
3
2
0
1
2
1
0
1
3
5
2
3
1
1
1
2
2
2
2
2
8
6
1
4
5
9
0
3
3
2
1
1
3
7
75
80
100
77
115
71
10
4
9
3
2
2
4
8
8
4
8
2
1
5
3
2
2
4
6
3
6
6
5
4
6
3
6
0
2
5
3
6
1
5
6
4
6
6
5
95
133
124
106
96
110
9
6
2
2
2
6
1
9
4
1
1
2
1
2
6
4
2
4
3
2
2
6
6
4
2
4
2
2
3
3
5
2
3
9
3
4
1
4
124
129
154
104
130
137
22
0
2
2
4
2
7
5
2
2
4
1
3
3
3
3
6
1
3
3
3
5
15
6
6
1
2
5
5
1
2
9
4
2
2
1
2
106
130
67
143
77
54
1
3
11
15
3
10
19
10
0
6
3
1
5
9
7
5
0
6
3
4
5
8
7
6
1
2
5
2
2
9
8
8
2
3
5
3
13
90
122
10
74
110
4
3
8
3
2
2
1
5
1
3
3
3
1
2
2
3
5
2
3
0
1
2
4
6
1
1
3
4
1
1
2
13
6
2
3
119
158
107
100
113
84
8
16
4
3
2
4
3
2
1
5
3
3
2
1
1
6
7
2
1
2
4
5
10
9
6
2
2
2
1
1
6
4
4
5
93
149
144
89
98
169
4
2
5
4
4
4
17
1
5
3
3
2
7
1
10
4
7
1
3
2
6
5
6
3
3
2
4
2
5
3
4
2
5
82
109
56
80
84
81
4
12
5
9
1
3
5
6
2
3
2
8
1
19
7
5
4
4
4
11
3
8
2
4
1
4
2
5
2
5
5
16
125
90
105
94
113
153
5
0
3
0
2
1
1
2
1
0
2
2
4
5
2
6
2
1
2
0
2
1
1
6
4
1
2
7
4
3
2
84
78
83
98
114
104
15
9
2
8
2
9
3
4
3
7
2
4
3
6
3
4
10
6
1
2
3
2
5
6
3
5
6
2
5
3
76
88
93
89
102
109
5
1
5
3
3
2
2
5
5
2
4
4
1
10
8
9
6
1
1
2
4
6
3
8
2
2
2
5
3
114
97
81
58
82
81
2
1
9
7
4
9
3
11
3
1
5
3
2
7
3
8
3
1
2
3
6
5
2
4
2
4
3
7
79
146
103
54
130
109
1
3
4
2
1
1
2
2
2
1
4
1
1
2
2
0
1
2
2
1
0
1
0
4
2
1
4
88
122
146
87
86
123
4
16
3
3
4
5
2
11
13
10
2
3
1
11
3
3
1
5
2
2
1
9
1
3
6
9
99
132
127
114
127
174
4
4
4
3
5
4
18
16
6
1
0
3
3
3
2
1
3
3
1
16
1
6
4
3
15
100
141
49
99
47
43
2
4
3
3
1
5
5
11
3
6
4
6
5
7
2
3
3
1
4
3
7
4
7
13
32
6
19
9
11
45
4
10
3
3
2
5
5
2
3
4
5
3
2
3
3
11
6
4
6
4
2
4
5
107
92
125
101
110
86
8
3
1
1
5
3
3
2
1
4
1
1
1
1
6
19
8
3
1
1
5
4
43
93
92
28
60
86
7
3
2
7
4
3
2
3
5
2
1
3
1
10
8
16
10
7
3
5
5
46
40
7
51
29
14
2
5
1
5
7
5
7
7
2
2
3
3
4
3
8
15
3
4
6
4
120
123
142
87
95
123
4
10
3
2
1
2
2
0
3
1
2
1
5
5
1
3
3
5
6
95
90
97
118
104
106
24
6
4
2
1
9
4
3
2
2
5
2
2
1
16
6
3
8
74
120
102
78
86
123
7
4
2
3
6
1
2
1
3
4
7
2
8
2
4
2
11
83
114
100
75
76
84
3
4
4
8
2
4
5
10
7
2
2
4
4
8
5
28
80
107
65
82
89
74
6
4
4
1
1
1
5
4
4
16
12
2
2
4
2
83
81
89
104
110
101
7
13
2
2
3
2
4
3
11
4
1
3
1
3
87
74
43
66
41
103
31
4
4
5
14
4
5
3
6
4
3
4
5
86
91
82
69
66
47
1
8
5
11
2
3
5
2
4
7
2
7
95
149
103
79
84
93
3
14
2
2
2
1
1
1
3
11
6
77
70
78
57
59
144
9
6
1
2
2
2
2
3
8
6
80
101
128
79
86
91
9
1
2
2
1
1
8
4
4
89
102
80
95
42
85
1
6
5
1
5
7
2
3
164
170
170
283
303
321
5
3
4
6
1
2
4
127
210
208
127
133
220
15
7
5
2
2
3
211
225
252
216
251
232
9
5
3
4
4
233
108
241
126
255
129
4
2
2
4
155
290
149
160
250
146
6
3
16
37
56
114
175
46
59
6
2
77
87
100
147
122
146
10
250
284
192
274
236
221
