143
42
81
80
131
63
76
85
136
140
221
102
154
176
140
2
6
4
6
7
12
7
2
0
2
1
5
2
1
3
2
4
5
5
7
6
7
5
6
8
1
1
1
0
2
2
4
3
2
1
0
1
2
2
1
6
3
1
3
2
7
9
6
5
4
12
2
6
4
8
1
2
1
4
6
3
1
0
1
1
2
1
3
1
1
1
1
1
4
3
1
0
1
7
1
1
1
7
2
11
4
1
3
2
1
3
4
4
2
2
0
1
2
2
6
1
1
1
0
0
1
1
1
0
1
0
0
0
1
6
2
0
3
5
4
1
1
6
3
3
8
1
3
2
1
2
1
5
2
0
1
3
0
4
1
1
2
1
0
2
2
9
7
1
2
2
3
0
1
153
29
60
63
74
36
52
62
82
16
12
94
30
35
63
8
2
6
10
6
13
4
2
8
6
4
6
4
2
3
9
7
4
6
3
13
13
10
9
6
1
7
1
5
25
3
5
3
4
7
1
0
2
3
7
10
8
4
3
4
10
13
19
4
5
4
7
6
6
2
3
4
4
7
6
4
2
2
1
2
4
2
9
9
2
2
4
4
10
1
2
4
3
6
2
4
3
9
3
4
5
3
4
8
1
1
9
1
2
2
9
2
4
3
2
2
2
3
3
4
3
2
2
3
2
3
4
2
12
6
9
4
3
2
4
4
5
4
4
2
4
2
2
2
8
3
5
4
2
5
6
2
4
2
10
3
3
2
7
2
3
2
3
7
3
3
6
1
29
36
31
43
40
76
81
80
45
69
46
23
63
42
106
2
5
16
10
10
7
4
5
11
3
3
6
2
4
4
6
18
10
5
4
5
12
9
8
1
6
8
7
2
2
4
8
4
4
4
3
4
3
9
7
7
3
2
3
8
11
13
7
13
4
4
7
7
3
4
5
5
13
4
3
4
4
2
2
8
8
2
3
3
3
3
3
6
3
2
2
9
5
2
3
11
7
2
13
3
8
3
6
4
1
9
5
4
3
6
4
5
5
3
3
4
3
3
4
3
1
6
1
4
2
4
2
7
7
9
13
6
5
11
5
5
5
5
9
3
5
3
3
4
5
5
5
4
3
6
3
4
3
3
4
5
2
1
4
2
5
5
4
1
4
5
4
5
124
182
164
23
12
9
25
166
126
124
71
170
64
90
2
6
5
5
12
10
4
2
2
5
1
9
3
5
11
11
3
7
9
22
5
4
2
3
3
1
2
3
1
3
2
3
2
3
0
1
0
3
6
7
6
5
5
10
10
4
3
2
3
1
3
9
11
1
6
2
6
2
0
2
4
0
3
4
1
1
4
2
3
4
6
0
2
2
1
2
2
1
1
4
2
5
1
1
2
11
6
3
1
5
3
1
3
3
2
1
1
0
2
2
1
1
2
0
1
2
2
0
1
1
1
5
2
1
1
5
2
1
2
4
3
1
1
18
1
0
5
2
2
2
1
2
2
3
6
3
0
1
4
2
3
1
2
2
2
2
3
3
2
3
2
34
77
25
12
20
65
68
32
48
45
26
78
11
6
76
14
1
10
6
2
2
5
1
2
3
2
3
5
10
8
11
4
5
7
3
11
1
3
7
4
5
11
6
5
3
4
3
1
3
0
1
7
4
2
7
29
8
3
6
2
8
7
9
2
4
9
2
2
2
3
8
1
2
5
10
2
2
3
4
1
6
3
5
1
4
2
1
2
1
2
4
2
2
3
4
3
2
4
4
6
7
3
4
2
2
1
3
4
1
3
3
3
1
8
2
1
1
3
6
1
2
1
4
1
2
2
3
2
2
3
10
9
12
1
2
5
9
4
2
1
6
3
4
1
1
1
5
5
5
3
1
3
5
5
2
3
1
1
5
3
5
2
3
1
2
55
29
16
24
13
17
11
6
32
13
23
38
8
13
13
10
8
5
9
12
11
1
4
2
3
2
6
20
12
9
9
9
16
11
2
6
5
3
4
5
11
8
6
3
4
7
1
2
3
3
7
6
4
3
7
6
5
20
18
13
16
10
1
9
9
7
3
12
3
11
2
3
4
7
3
3
1
6
1
4
5
8
1
1
4
2
3
3
4
2
1
3
4
6
5
3
2
5
4
9
2
1
3
8
2
9
2
1
2
2
2
7
4
1
1
2
1
1
3
3
1
2
1
2
7
5
0
3
6
17
7
5
1
6
2
14
5
2
1
2
9
7
4
7
8
6
5
6
5
4
2
6
2
10
2
2
2
5
7
8
5
7
4
4
84
116
278
93
243
113
81
148
78
121
98
104
86
246
89
7
13
1
11
5
5
3
1
2
2
3
10
12
3
4
16
4
9
12
3
2
3
3
6
10
5
2
2
4
2
2
2
3
1
18
4
7
5
6
10
12
18
8
2
14
3
8
10
7
5
3
4
8
12
3
2
1
5
1
1
5
3
3
2
1
2
3
2
3
4
1
1
1
3
3
5
3
10
3
1
3
7
3
4
5
4
3
3
0
4
4
7
6
2
1
1
1
2
3
2
2
5
1
2
1
7
2
3
9
2
4
2
1
9
6
3
4
9
5
6
3
3
6
6
4
6
3
3
2
5
4
5
4
1
1
9
2
3
3
2
1
6
2
4
7
4
3
2
58
50
70
26
94
81
78
49
64
77
81
49
41
75
29
9
4
12
5
6
2
3
5
2
6
4
0
9
7
9
10
14
4
5
1
7
7
10
11
4
6
2
5
3
4
4
6
5
15
5
4
3
10
7
20
16
12
3
9
11
8
10
11
1
5
4
17
11
1
5
2
5
5
4
5
5
5
10
3
3
2
2
3
4
5
7
4
7
2
1
10
12
2
6
2
3
7
1
10
2
7
11
4
1
6
3
5
3
5
2
1
2
3
4
8
2
3
2
2
3
6
1
5
10
5
6
3
5
6
6
6
6
5
4
0
4
3
5
9
9
3
2
2
6
11
5
3
3
7
12
3
2
2
2
3
2
5
5
3
4
3
3
26
58
79
80
67
47
54
86
76
65
78
68
95
91
91
7
16
6
6
5
3
6
10
1
17
12
7
8
17
11
12
13
5
2
12
5
9
11
4
10
8
4
4
6
3
5
8
6
11
10
2
4
14
6
15
9
1
5
16
5
12
8
2
13
12
11
9
6
1
3
12
2
8
8
3
7
14
4
6
7
3
3
9
2
7
3
3
4
10
8
6
4
2
3
11
5
5
5
3
11
8
3
7
8
4
3
10
7
5
3
3
6
8
8
3
3
11
4
7
11
2
14
2
6
15
7
10
4
2
6
7
5
7
2
1
7
19
2
3
4
3
5
11
7
6
7
2
2
13
5
6
3
7
4
10
4
7
5
4
4
16
193
257
283
211
334
183
188
146
205
249
228
263
195
295
217
2
4
2
0
2
2
1
1
4
3
10
8
11
5
2
2
1
8
0
0
1
3
1
3
2
2
2
5
0
2
0
2
3
3
1
4
4
2
3
2
6
0
5
2
1
3
3
5
6
1
1
0
0
3
6
1
2
3
1
0
4
1
1
1
1
1
1
0
0
0
2
5
2
3
1
1
0
8
1
3
2
2
1
0
1
2
3
0
1
0
0
0
1
1
1
0
1
0
0
1
0
0
2
2
0
1
1
1
1
6
3
5
2
4
1
1
1
1
1
1
3
1
1
1
1
2
1
3
2
1
0
4
1
0
0
1
2
2
1
1
2
3
1
4
0
54
75
58
19
22
94
50
33
69
83
24
82
5
77
38
17
3
3
1
6
21
4
6
5
6
2
3
5
10
4
1
2
1
2
5
3
5
24
8
3
6
5
2
5
4
2
7
4
5
6
9
4
11
5
4
9
2
1
10
2
1
10
4
1
10
3
2
1
3
3
6
1
3
7
9
3
9
3
2
2
3
1
3
3
2
6
1
1
4
2
4
3
2
1
11
1
1
3
1
1
7
3
3
3
2
4
6
4
2
1
2
2
4
0
2
9
2
3
5
4
3
4
8
2
10
8
6
1
4
1
18
2
5
7
6
3
3
2
2
2
3
4
1
1
2
3
2
1
2
1
4
2
3
1
8
2
9
8
2
22
76
19
47
26
68
84
64
93
14
83
56
65
52
77
1
1
4
1
2
5
1
7
7
7
6
9
6
2
3
3
1
8
5
4
4
8
8
4
4
1
2
1
3
3
2
5
6
8
5
6
7
2
4
8
4
2
3
2
2
2
2
1
4
1
1
2
3
3
3
2
2
2
7
4
2
2
4
2
2
4
2
2
2
2
2
3
4
2
2
3
1
8
3
1
0
1
1
4
2
2
4
2
3
2
1
2
4
3
2
1
8
1
2
5
1
1
3
2
4
2
4
14
3
6
8
1
2
4
3
0
2
1
5
6
2
1
2
2
2
2
4
2
1
1
3
2
2
2
2
3
1
5
1
0
10
1
4
182
124
167
133
239
125
192
164
232
116
159
135
143
227
160
4
4
0
3
1
1
0
6
2
5
1
7
2
1
2
3
1
2
2
1
1
2
1
5
2
1
1
2
1
1
3
1
2
2
2
12
5
1
5
1
5
3
3
1
1
2
4
3
1
5
1
2
2
2
18
1
2
0
2
2
0
1
2
1
8
1
1
1
2
3
1
10
3
7
1
0
0
5
1
1
1
4
0
3
0
2
3
2
4
2
0
0
1
0
2
2
1
3
1
2
2
0
3
5
1
4
1
3
1
3
1
4
2
2
0
1
1
5
4
2
1
4
1
2
3
2
5
1
2
1
1
1
0
2
5
6
7
1
1
2
1
3
115
110
133
43
122
127
113
80
112
133
74
162
81
162
21
12
1
3
2
1
11
7
3
5
1
7
6
8
0
7
2
5
2
2
3
3
1
9
2
1
1
2
2
6
3
1
1
3
0
10
5
4
2
2
1
3
5
2
0
2
1
13
2
3
1
1
2
5
5
5
2
2
0
2
1
3
6
7
3
3
1
13
2
4
0
25
1
2
0
5
3
3
3
1
0
2
1
3
2
2
1
12
3
9
2
1
1
1
1
5
5
4
1
1
1
3
5
4
2
2
2
1
9
3
1
2
3
2
1
1
1
2
3
8
4
2
1
4
1
5
4
3
1
2
1
1
1
1
15
11
5
5
0
2
1
2
25
13
34
16
54
16
21
20
75
19
68
28
37
75
11
4
5
5
3
9
4
1
2
9
2
11
5
1
8
3
4
5
1
3
3
3
7
2
2
6
3
4
4
5
0
3
4
10
10
5
5
4
6
3
11
8
1
2
2
3
4
4
15
1
3
6
5
4
1
5
6
2
1
2
2
1
3
1
3
3
4
2
3
2
8
2
7
3
1
3
3
0
2
3
2
3
10
6
3
4
4
2
8
3
2
3
4
2
7
3
2
2
3
1
5
6
2
2
3
1
6
4
2
1
10
1
7
0
1
2
3
4
8
2
4
3
2
1
7
4
1
1
6
3
4
3
3
2
4
3
10
5
4
3
2
281
100
261
189
205
111
283
212
189
131
87
84
194
180
144
18
3
2
4
5
1
7
6
1
1
3
8
1
1
2
1
2
6
3
1
5
1
9
2
1
2
2
3
4
13
3
4
2
3
7
8
8
1
2
1
1
2
7
2
1
1
1
7
2
1
3
1
1
1
2
1
2
0
1
1
5
2
1
6
6
2
2
1
2
3
7
5
5
9
3
1
2
1
0
2
1
0
2
0
2
2
1
1
1
1
1
1
1
1
1
2
2
1
1
1
1
1
1
2
8
2
2
0
0
3
1
2
2
2
4
3
1
1
3
5
5
2
2
1
0
1
3
1
1
0
1
3
1
3
2
1
1
2
4
273
229
296
306
249
257
295
262
277
249
218
321
271
268
238
3
2
5
5
2
7
3
4
3
4
2
4
7
2
3
3
11
6
1
9
1
6
9
7
2
3
2
4
3
10
2
4
2
3
12
4
0
2
2
0
8
8
3
1
1
1
4
4
1
18
1
3
4
3
2
5
2
4
1
1
8
1
5
8
5
2
1
2
1
4
2
7
2
2
0
2
2
5
3
3
1
1
2
1
3
1
4
6
5
3
1
2
1
0
2
3
2
2
3
2
1
1
2
7
6
7
1
1
2
0
2
2
3
1
3
1
4
7
13
8
13
2
1
0
4
5
1
1
1
4
4
2
3
3
2
2
3
8
74
77
89
91
107
88
29
91
47
67
113
18
81
26
48
3
6
4
1
10
5
4
5
4
0
1
5
3
2
4
6
3
1
4
2
3
1
4
2
2
5
4
5
2
1
5
2
5
1
7
1
4
3
3
2
1
0
2
1
2
2
4
3
1
3
4
3
7
2
2
1
3
1
3
1
1
2
7
7
2
1
3
1
2
4
1
9
11
1
1
6
1
2
8
3
1
1
3
1
2
5
4
1
1
1
1
1
2
3
2
4
5
1
5
2
3
2
6
15
16
0
2
1
3
0
2
8
4
2
3
4
4
0
6
2
1
2
5
3
5
1
3
2
6
1
2
1
2
2
3
2
2
89
197
211
238
251
123
132
111
114
261
246
220
243
227
293
17
9
9
17
7
12
3
4
1
5
1
6
6
8
2
3
1
5
2
1
2
2
8
6
3
2
7
3
18
15
19
10
7
13
5
4
5
8
1
5
6
6
2
3
1
8
2
3
5
3
3
1
4
2
0
1
5
5
2
2
4
4
2
4
3
2
3
5
4
2
1
1
11
9
3
2
7
2
4
1
2
1
1
1
1
2
3
1
2
5
2
1
0
2
1
0
4
11
2
1
2
5
7
3
7
7
1
2
0
4
3
2
12
2
2
3
2
10
2
2
1
3
3
2
1
2
0
3
12
5
2
4
1
4
3
7
45
47
77
68
0
84
87
95
0
88
102
0
111
0
0
17
11
12
10
0
14
2
7
5
4
0
10
5
6
2
3
0
2
1
3
3
20
0
11
7
6
8
18
0
19
14
13
24
5
0
13
8
4
7
5
0
4
5
2
3
3
0
7
1
2
7
5
0
4
3
8
5
3
0
5
3
8
2
7
0
2
6
6
13
6
0
9
3
6
2
2
0
2
15
6
2
3
0
4
3
3
2
4
0
3
2
1
1
2
0
10
1
2
4
7
0
10
3
7
5
2
0
7
3
12
4
14
0
3
3
3
5
7
0
2
3
7
4
3
0
1
7
10
5
5
0
5
4
8
3
39
106
124
129
106
24
21
30
22
112
142
137
137
148
151
8
26
10
21
10
10
3
10
5
11
9
4
1
5
9
5
9
13
1
3
10
11
11
11
2
10
14
13
19
21
6
14
2
6
13
7
4
9
5
9
3
2
1
8
2
3
5
12
2
9
5
3
2
5
2
3
3
4
4
5
2
4
9
21
2
12
3
4
7
5
3
3
1
9
6
7
3
2
4
3
2
6
2
2
2
4
2
2
2
7
1
4
1
1
15
3
3
4
5
4
8
12
2
8
3
3
1
8
2
4
7
6
9
3
2
9
3
9
6
4
3
4
4
4
2
4
5
10
4
10
6
4
3
2
171
114
96
212
176
120
122
168
153
106
130
206
105
109
173
15
7
8
2
6
13
3
2
4
6
2
6
3
3
1
1
1
1
2
6
7
4
6
14
3
7
12
5
11
6
12
2
7
5
5
6
3
1
6
0
1
4
5
2
2
4
3
1
8
3
3
0
1
2
2
0
1
3
4
4
4
2
4
2
5
13
1
7
3
3
3
4
3
3
5
2
2
3
2
1
1
2
6
5
1
1
1
1
5
1
1
1
0
2
3
3
2
3
3
3
4
11
4
0
4
3
5
9
3
4
2
1
5
3
5
2
3
1
1
4
4
0
1
1
10
3
2
1
1
6
3
5
6
93
103
50
92
170
82
79
75
99
45
283
75
50
36
80
17
14
7
2
10
7
3
6
13
9
6
8
3
3
4
1
2
7
9
9
5
9
12
13
11
19
13
17
14
15
3
10
6
13
4
17
6
10
1
2
4
15
3
4
2
3
2
12
6
6
2
6
3
7
2
4
3
4
2
4
6
5
5
4
6
6
7
6
3
2
1
2
5
6
4
2
2
7
3
6
4
2
3
4
3
3
2
3
1
3
2
1
5
4
0
8
10
16
3
4
4
4
3
5
5
1
3
11
15
5
8
7
7
7
14
9
4
3
1
13
3
5
6
2
7
11
5
2
4
6
5
5
49
81
38
93
133
30
136
51
100
31
57
80
55
102
85
4
4
4
8
4
3
5
11
5
7
1
3
3
2
1
4
3
7
9
2
5
23
7
14
11
6
12
30
20
2
6
5
9
11
4
2
5
1
1
4
3
2
1
5
2
6
5
6
10
1
3
5
4
0
2
3
3
4
3
1
2
1
3
5
10
4
3
3
1
3
0
3
6
2
1
6
1
2
2
7
2
6
1
2
1
1
2
1
1
1
2
4
2
1
2
4
3
2
5
7
3
2
6
4
2
10
3
5
3
3
4
4
5
8
1
5
2
5
6
0
1
0
3
6
2
1
2
7
6
6
3
84
89
93
103
124
42
115
114
82
69
82
97
137
95
107
9
7
3
5
6
6
6
3
4
7
7
2
3
7
2
2
11
13
8
3
3
8
15
10
14
15
10
3
7
10
7
8
4
7
4
9
5
2
1
3
2
4
4
2
3
8
5
4
1
3
7
3
7
12
6
5
2
7
6
7
5
5
3
6
5
1
9
7
11
6
6
6
1
12
6
3
3
5
1
4
7
5
3
2
2
3
2
3
4
2
7
8
3
3
4
2
6
7
7
8
10
7
3
10
5
7
7
9
3
6
4
7
6
4
2
5
4
12
3
1
2
3
13
5
6
4
5
5
1
4
99
78
20
93
87
103
13
128
40
20
87
78
21
23
28
6
1
8
5
18
7
3
3
5
5
3
5
4
2
8
6
8
6
4
4
7
5
12
12
5
3
14
5
5
7
3
4
8
3
10
5
4
1
7
2
4
2
5
4
9
5
4
6
4
2
6
2
8
2
5
3
7
6
9
5
8
1
8
9
3
2
4
6
3
2
6
3
7
2
7
5
6
1
3
3
5
1
5
4
3
2
4
4
3
5
4
4
4
3
2
2
5
1
6
4
4
2
7
1
6
9
3
6
5
1
7
7
2
3
5
5
15
3
2
3
13
4
8
6
5
4
3
2
5
95
89
68
119
96
70
50
82
53
65
81
76
83
108
100
4
3
6
4
3
2
7
1
0
3
3
2
2
3
2
1
1
3
4
6
1
4
2
6
6
2
1
3
8
4
5
2
4
2
2
3
1
1
1
1
1
4
4
13
0
2
1
3
3
2
2
5
2
1
4
2
1
1
1
6
0
3
3
1
1
4
2
3
0
2
2
3
3
3
2
1
1
1
2
3
2
1
7
3
1
0
2
2
4
2
1
3
2
1
2
3
0
7
2
3
1
2
2
3
4
2
1
2
4
1
1
1
1
3
4
7
0
1
1
3
2
2
3
2
1
2
3
3
264
182
128
89
202
184
146
91
197
193
69
191
51
179
81
8
3
1
2
3
5
2
3
1
2
2
1
1
4
6
3
10
7
1
1
5
7
10
5
10
0
4
6
5
3
4
1
3
0
2
3
2
1
4
7
2
0
3
3
1
1
0
1
1
1
1
4
5
1
2
1
1
1
1
0
2
4
3
2
1
8
0
2
1
1
0
2
2
1
1
3
2
2
0
0
0
0
1
3
1
2
0
3
3
0
0
3
4
6
5
4
1
1
3
2
1
6
2
4
1
3
2
5
3
4
1
2
1
0
2
0
1
1
1
1
2
1
0
3
2
2
1
40
35
42
34
47
78
85
70
87
48
19
38
82
155
87
5
5
2
2
3
2
2
0
2
6
3
3
3
5
4
2
4
2
1
5
6
1
5
5
1
3
1
1
8
2
3
5
1
2
3
2
6
5
4
2
3
5
1
23
6
6
2
2
2
4
9
9
3
4
2
1
4
7
1
11
2
2
1
3
1
2
5
2
2
2
1
2
1
1
3
8
1
3
0
1
2
2
2
1
2
2
1
1
1
0
2
1
13
4
1
5
2
5
2
1
7
4
2
2
12
1
4
10
15
2
0
2
2
4
1
2
0
3
4
2
3
1
5
1
4
13
88
75
81
121
100
72
94
110
92
160
60
26
82
73
97
3
1
2
7
4
1
2
2
1
1
5
1
5
3
2
3
4
1
6
2
3
3
5
1
4
1
2
1
1
3
1
1
2
1
3
2
2
2
2
2
6
1
11
5
11
2
3
3
2
7
4
8
10
1
5
0
1
1
8
2
5
1
1
1
0
5
5
3
3
1
2
8
2
1
3
2
3
1
1
2
2
3
4
10
1
1
1
2
6
1
3
4
3
1
8
5
2
5
4
2
7
6
8
1
2
4
7
9
6
1
2
3
4
5
1
3
2
0
5
3
1
4
3
3
7
118
90
89
106
110
99
98
136
117
104
105
123
91
92
111
10
1
4
2
4
3
4
3
1
2
5
5
5
2
3
4
11
9
5
5
6
9
7
2
6
3
5
9
4
5
2
3
1
3
2
1
3
2
7
6
2
4
1
2
4
1
2
5
1
4
2
4
5
2
5
2
3
2
2
1
3
5
7
3
1
2
1
1
14
3
1
2
2
2
6
3
2
2
2
2
1
4
2
3
3
14
5
6
2
2
16
4
2
4
2
3
1
1
2
5
2
2
2
3
3
3
2
1
3
8
5
5
2
2
3
2
3
10
3
3
2
2
5
2
35
12
35
30
16
102
103
99
76
71
74
57
120
61
47
7
10
2
4
8
4
2
3
3
10
5
9
7
5
2
8
11
12
7
7
7
4
6
6
7
6
2
4
8
4
3
2
1
3
3
4
9
5
3
1
3
3
3
5
2
1
5
4
6
2
3
4
5
2
3
4
4
4
2
4
3
3
1
2
2
3
3
4
4
3
3
1
4
6
3
5
5
2
8
2
1
5
1
3
3
4
4
8
2
5
6
5
3
5
3
3
2
5
3
3
1
6
5
5
2
4
3
4
4
8
8
1
1
5
9
4
0
7
1
3
5
2
1
129
168
30
100
179
194
29
192
218
28
180
222
15
38
189
7
11
2
1
0
2
1
3
10
5
1
3
3
2
8
6
4
2
4
5
2
1
4
2
5
2
2
5
1
1
1
3
2
0
1
1
5
2
2
2
2
2
3
6
2
2
3
3
3
4
4
2
1
0
2
2
6
2
5
1
1
1
2
2
1
1
1
4
2
1
2
2
2
1
1
1
1
1
3
1
1
1
0
2
1
1
1
1
6
4
5
2
2
2
2
1
3
7
2
4
1
3
1
2
4
2
2
1
1
3
1
7
2
2
1
3
1
2
1
2
4
1
87
58
91
88
86
98
106
104
121
77
124
98
81
105
102
8
2
2
1
5
2
1
1
2
2
6
13
7
3
12
3
13
5
7
1
5
1
6
4
7
3
5
1
2
2
3
2
4
1
2
1
3
2
3
1
5
1
1
2
3
6
4
4
4
2
4
1
2
5
9
2
11
1
1
4
3
2
5
3
6
2
2
2
2
3
6
2
2
1
2
0
2
5
1
1
0
2
1
3
5
1
7
6
5
2
3
2
2
2
2
6
4
2
3
5
1
1
3
3
6
1
2
2
3
0
4
2
3
3
2
2
1
3
5
3
4
81
92
95
87
100
115
166
55
101
117
101
123
80
137
84
1
2
1
4
2
8
5
5
4
1
6
13
4
4
5
2
2
1
2
2
1
2
3
3
2
4
2
2
1
2
2
3
2
3
2
1
3
4
3
2
1
3
2
3
2
6
3
3
4
3
2
1
2
4
3
0
1
4
3
0
1
2
5
5
2
3
3
4
2
2
2
2
4
2
2
2
4
9
1
1
1
1
3
1
3
3
10
3
1
5
1
2
0
0
7
4
3
2
1
4
1
6
2
1
4
3
1
8
2
3
3
3
1
2
2
1
1
3
4
6
176
211
289
319
170
188
170
167
208
240
199
174
275
170
157
1
4
1
2
1
2
2
1
3
2
3
2
3
11
1
3
5
5
2
1
1
1
5
2
2
3
3
0
1
2
0
4
2
1
0
0
1
0
1
1
2
1
2
1
2
0
3
0
2
1
1
1
3
1
0
1
2
2
1
0
1
1
1
1
5
0
1
1
2
2
1
2
1
1
1
0
1
0
0
4
1
0
2
0
2
3
3
2
2
2
3
2
0
2
3
3
2
1
2
1
2
1
1
2
1
1
2
0
0
0
4
1
2
1
0
2
2
1
2
168
135
124
210
205
106
114
267
161
151
114
172
116
135
180
3
2
2
6
1
2
1
2
7
2
2
8
2
4
1
5
3
4
0
3
3
3
2
1
2
6
1
1
5
4
1
2
1
2
1
4
1
1
9
2
6
9
2
3
7
3
3
4
10
3
2
3
5
3
1
1
1
2
2
1
0
13
3
2
5
4
1
2
2
3
1
1
0
2
1
2
2
2
2
1
4
4
1
2
1
3
1
1
2
1
0
3
2
1
4
8
4
2
2
1
2
2
2
1
7
4
2
1
2
2
1
4
9
2
1
3
2
10
214
147
128
137
227
105
117
104
175
151
156
130
133
129
117
0
3
1
3
5
3
4
3
2
2
5
6
2
6
3
2
4
2
0
2
6
3
2
2
1
1
1
1
2
1
1
1
1
1
1
0
1
2
2
2
2
1
2
1
1
5
2
3
3
1
3
0
2
2
2
5
1
1
2
3
5
4
1
0
1
1
3
4
1
5
1
2
0
0
0
1
2
2
1
9
4
1
1
1
0
2
17
1
6
3
3
3
5
1
4
1
1
1
2
1
7
2
3
6
2
0
2
1
1
1
1
1
5
1
1
1
0
236
206
208
311
272
218
270
224
256
324
215
212
207
248
253
1
3
1
2
2
2
1
2
1
3
3
1
3
1
2
2
6
0
1
0
1
2
1
4
2
2
1
2
3
2
1
2
1
2
1
2
1
2
1
1
2
1
1
1
1
1
2
2
0
7
4
2
1
1
1
3
1
1
1
0
2
2
1
1
3
1
2
4
2
2
1
3
1
2
1
1
2
1
3
2
2
2
2
1
1
3
1
1
0
1
2
2
3
1
3
1
0
2
2
1
1
2
3
1
1
2
1
3
0
1
1
2
1
1
2
4
240
223
203
245
241
231
237
237
268
226
211
270
204
225
239
0
3
1
1
0
1
5
2
6
1
1
2
5
2
5
2
1
6
2
1
3
1
5
0
2
2
14
3
2
0
3
1
1
1
4
4
2
2
2
2
3
7
2
3
1
1
2
1
2
2
1
1
2
1
1
1
2
1
1
1
3
1
2
2
1
2
9
1
1
1
4
1
2
0
1
2
3
6
2
3
2
2
1
0
3
4
1
0
1
0
1
2
1
1
2
2
4
1
2
1
2
2
2
18
3
1
1
0
2
1
5
1
6
2
3
139
349
234
270
201
139
156
144
129
211
250
197
188
164
261
2
1
1
2
4
4
1
8
2
1
2
7
2
3
2
1
4
2
0
2
1
1
1
2
1
2
1
2
5
2
1
2
4
3
6
2
0
1
7
9
12
8
2
4
1
1
2
1
1
8
1
0
1
1
0
1
4
13
2
1
1
3
4
5
2
2
0
1
2
3
4
6
3
6
1
2
2
3
1
2
5
7
1
2
1
3
1
1
5
5
1
3
1
2
1
2
1
5
1
1
3
5
1
1
3
2
2
2
1
2
1
2
4
3
24
78
77
93
77
39
17
21
43
61
75
85
63
72
115
7
6
7
8
7
23
9
17
6
10
12
2
1
6
13
3
12
2
7
2
2
2
3
0
0
3
2
2
10
1
3
0
1
2
1
2
2
2
3
2
2
4
3
2
3
3
2
2
4
2
10
1
2
1
4
2
0
3
1
1
2
5
1
2
2
2
2
2
1
1
1
1
1
6
2
3
2
2
1
6
2
8
3
3
8
2
1
2
3
7
4
2
1
1
2
2
2
8
1
3
6
1
1
4
7
4
1
2
2
2
3
3
2
130
113
27
83
72
118
15
101
89
52
107
91
12
13
171
4
1
6
4
4
8
15
8
15
3
6
4
5
2
2
8
2
10
3
3
1
1
1
4
3
2
2
2
1
3
2
3
3
1
3
6
2
2
2
1
1
3
3
2
3
5
5
4
4
4
3
2
1
2
6
1
3
5
5
3
1
1
8
2
4
1
2
1
0
1
1
1
7
4
6
2
4
1
5
1
4
7
5
5
5
4
3
2
4
3
7
4
3
3
2
1
7
3
3
3
1
1
1
6
6
3
3
3
3
6
2
2
179
169
130
94
156
169
138
95
147
108
84
141
147
186
108
1
5
2
11
13
9
2
5
4
5
4
5
3
4
4
7
4
4
5
1
2
2
4
4
3
3
2
4
1
5
3
3
2
5
3
3
5
3
3
4
2
2
2
2
3
8
2
2
3
13
2
2
1
2
1
5
5
4
7
4
2
5
4
2
2
4
4
1
3
4
1
7
7
7
2
1
1
8
2
1
5
8
5
4
1
8
2
3
6
9
1
2
3
4
2
1
3
7
4
2
5
3
1
5
3
13
6
2
2
5
1
97
160
167
143
102
111
133
120
122
146
127
101
168
126
119
16
5
4
3
4
11
16
6
2
2
2
5
1
4
1
4
2
1
6
1
1
1
3
3
1
6
4
0
1
2
1
2
0
0
2
2
3
3
7
3
3
1
8
2
3
14
5
2
2
1
2
4
2
2
0
5
2
1
7
2
1
2
1
0
0
1
0
0
0
0
3
2
2
3
10
2
4
2
3
3
5
1
15
5
3
6
3
1
2
2
1
7
4
1
1
1
4
7
2
2
1
1
7
2
1
1
4
5
3
3
107
58
69
43
77
77
84
22
100
79
19
74
32
151
32
13
7
14
6
7
10
18
1
5
5
9
4
6
2
7
2
2
2
8
8
3
9
2
5
6
1
5
3
1
2
3
1
2
10
2
0
2
3
5
4
0
4
6
4
4
3
1
1
1
8
4
1
3
1
2
2
4
4
1
1
2
1
2
6
1
2
1
2
1
7
1
1
5
1
9
13
7
0
5
1
10
2
1
3
2
5
2
3
1
3
4
4
3
4
1
4
3
3
5
2
6
2
2
2
6
4
1
5
2
127
12
116
98
125
14
137
88
153
111
39
25
91
148
80
7
4
10
8
5
3
2
2
6
1
7
2
2
4
3
1
5
7
6
2
3
3
2
4
3
2
1
4
3
1
2
1
6
5
2
2
1
5
3
1
2
3
11
2
1
1
1
1
6
3
1
23
2
2
2
2
5
3
2
1
1
1
1
3
1
1
1
2
2
3
3
2
4
6
19
7
6
2
1
9
4
7
5
4
6
3
1
4
3
2
2
2
1
3
2
2
2
1
1
2
1
3
2
2
4
5
8
3
78
57
68
74
48
104
56
182
102
22
100
73
75
77
134
4
13
9
10
17
5
5
9
11
2
21
1
5
1
1
2
6
2
3
4
3
1
5
2
1
2
3
7
1
0
3
2
1
1
3
4
1
3
5
3
6
9
1
7
2
1
1
5
4
3
4
1
5
1
3
1
3
5
3
2
0
0
2
0
0
1
0
2
2
1
3
8
3
2
2
4
3
1
0
1
3
3
2
9
1
2
6
2
9
4
3
1
4
1
5
2
0
0
3
2
2
1
0
6
6
3
5
106
103
101
121
93
74
75
80
48
80
115
65
99
54
86
19
15
14
25
2
7
8
5
13
13
3
5
3
2
5
9
2
4
12
8
12
23
3
5
3
3
3
9
6
7
5
7
7
7
3
16
8
8
4
19
4
3
2
5
6
3
4
3
3
2
9
9
7
7
4
6
4
6
1
7
2
7
2
2
5
3
6
5
10
7
2
2
9
3
7
15
6
6
3
6
13
9
18
15
6
5
5
20
7
4
1
2
4
8
0
5
4
1
5
16
8
8
3
8
10
6
111
103
88
137
87
131
142
122
125
125
109
99
104
115
103
10
20
11
9
4
19
4
5
6
6
15
11
4
3
4
2
2
16
6
1
3
3
2
2
3
8
3
3
2
7
19
3
1
6
8
8
15
6
9
4
5
8
2
9
4
2
6
2
5
8
1
3
2
6
5
5
1
4
2
5
5
0
2
3
1
9
5
3
6
5
3
5
6
3
7
3
6
4
4
2
7
7
8
13
11
5
5
11
4
5
2
2
7
2
0
6
6
7
8
12
5
2
3
6
7
142
129
140
78
61
180
224
114
77
230
117
78
136
78
79
3
7
1
5
9
8
3
6
2
6
2
4
3
5
3
3
7
3
9
9
8
2
1
2
7
3
1
1
4
2
1
1
1
2
1
2
8
9
2
3
6
4
1
0
2
1
3
2
1
4
1
1
4
2
3
1
0
1
1
1
1
1
1
1
5
1
6
2
3
4
4
3
2
8
1
1
5
6
10
3
5
1
2
3
3
5
4
2
1
1
3
4
0
1
3
1
7
5
4
1
4
3
1
4
84
79
105
76
79
67
145
98
116
81
89
75
141
104
89
31
2
5
8
9
4
12
8
5
3
2
2
8
5
3
5
3
1
7
6
6
1
3
3
3
2
2
8
9
4
6
3
3
5
9
1
11
3
2
6
1
1
2
1
6
2
1
1
1
2
1
4
1
1
6
4
2
2
2
1
2
2
1
6
2
0
4
6
2
5
2
1
11
3
2
7
4
3
5
6
1
5
4
2
6
3
4
2
0
2
6
3
1
4
3
2
13
5
3
10
2
2
7
34
89
90
68
91
68
61
108
79
149
99
140
92
124
78
4
7
13
2
10
18
2
4
4
3
4
6
0
3
5
6
4
10
5
7
2
1
1
4
1
3
13
3
3
3
6
6
6
4
1
8
5
6
5
11
2
2
2
8
1
2
4
2
5
5
4
0
0
3
2
1
1
2
1
1
1
2
9
6
1
3
2
2
4
2
2
7
2
7
3
7
8
10
3
9
6
4
5
12
12
10
1
0
1
8
2
2
3
1
3
4
3
4
8
1
4
5
180
72
254
273
173
81
194
189
189
65
75
88
255
183
180
3
1
2
2
3
4
5
3
1
1
0
0
2
7
1
2
1
0
1
3
0
2
1
0
4
1
1
2
1
1
5
9
2
1
1
0
1
1
3
2
1
0
1
1
1
3
3
1
1
1
1
0
1
1
1
0
2
0
0
1
0
3
5
7
1
1
4
16
4
1
8
3
4
2
3
0
1
8
3
2
3
1
2
4
2
6
0
1
4
0
4
1
3
5
5
2
2
2
1
1
1
62
17
63
89
47
96
82
66
63
82
42
68
109
119
92
3
5
3
3
1
4
3
2
2
2
1
1
6
4
3
5
3
4
3
3
3
2
2
2
2
3
1
5
5
11
6
3
3
3
4
4
12
7
3
4
1
3
1
2
1
6
5
3
6
1
3
5
4
2
6
1
1
1
3
1
5
3
4
1
2
1
5
3
1
5
3
4
1
1
2
2
6
1
5
3
4
3
4
3
2
3
3
8
3
2
3
7
2
2
2
4
2
2
3
8
35
13
16
20
36
23
11
8
35
159
35
115
54
130
81
1
3
3
5
2
3
1
3
3
1
1
3
1
4
7
10
6
4
3
2
4
0
1
2
4
2
3
2
1
2
3
2
7
3
1
1
3
6
1
1
3
2
1
1
6
2
1
2
1
1
4
4
2
3
1
1
2
2
0
6
5
1
2
3
3
3
2
1
7
10
3
5
3
4
5
5
1
7
2
2
7
3
2
2
1
2
5
0
1
5
2
4
5
3
1
5
2
1
7
148
194
180
172
79
149
141
171
86
301
280
128
253
118
108
1
2
2
3
1
0
3
9
3
2
2
1
2
3
6
3
2
2
1
1
0
5
1
0
1
2
4
2
2
3
5
2
4
2
12
2
2
4
4
0
2
1
4
1
2
0
1
1
1
0
1
1
1
1
1
1
3
0
1
1
1
2
8
2
5
4
4
4
0
1
2
2
2
4
1
1
1
0
2
3
1
1
1
1
3
1
1
1
2
2
2
1
1
1
1
2
3
1
74
128
31
9
21
7
129
25
99
5
10
4
5
169
2
4
2
5
2
2
1
8
0
3
3
0
3
6
1
5
5
2
2
3
1
2
2
1
6
1
3
4
4
4
2
7
6
2
2
2
3
2
3
4
1
3
2
3
1
2
1
7
2
1
1
1
0
1
5
1
4
0
2
1
4
1
2
5
12
5
1
7
1
2
1
3
4
1
2
5
1
3
5
1
7
2
2
2
5
2
3
3
1
4
2
2
3
5
1
4
3
3
90
172
92
79
108
70
103
81
45
60
77
99
43
80
34
3
1
5
2
4
2
1
9
1
2
2
3
2
2
2
1
5
2
1
1
1
2
3
3
1
3
1
3
4
3
4
1
4
6
4
4
2
2
3
1
2
2
4
1
2
3
3
4
2
2
2
3
1
1
1
0
2
0
3
1
2
2
3
2
3
3
1
3
1
1
6
2
7
2
2
5
7
4
5
4
2
2
4
7
2
1
3
1
2
2
1
2
1
3
2
8
369
316
329
327
355
325
6
2
3
1
2
1
2
6
1
3
2
3
1
0
1
3
1
2
5
1
2
1
1
2
5
3
3
1
3
0
1
6
5
3
5
0
1
1
4
5
1
2
2
1
1
2
1
1
1
1
2
0
1
1
0
11
4
4
2
1
0
1
1
4
3
6
8
1
2
4
2
9
2
2
3
1
0
5
1
7
2
2
3
0
1
2
1
6
1
0
5
2
1
1
1
225
149
253
223
214
148
7
5
4
2
4
2
5
2
3
2
4
2
1
3
3
1
2
8
2
4
2
5
7
3
6
3
4
4
3
2
7
4
4
4
1
3
1
3
5
2
2
3
3
2
4
4
4
2
1
1
2
1
3
0
6
3
4
7
7
2
2
5
10
6
5
8
2
3
2
6
2
4
8
2
3
3
3
4
3
5
5
5
1
1
1
3
5
7
4
3
3
2
3
1
273
232
224
180
234
182
2
1
1
1
2
2
2
1
5
1
1
1
2
9
4
3
7
1
3
0
2
2
4
2
3
1
5
0
1
1
3
5
7
0
3
1
5
3
3
1
2
2
2
5
2
3
4
9
7
0
1
2
1
2
2
8
3
4
1
2
0
4
3
5
8
0
0
1
1
2
7
4
7
2
2
2
3
1
5
6
3
0
2
1
2
0
3
2
6
0
2
1
1
298
231
295
207
252
251
1
1
1
5
4
4
1
3
2
1
1
3
8
4
1
0
1
5
1
2
0
3
7
2
0
2
1
2
1
1
1
3
1
2
2
1
1
4
1
4
1
2
1
2
4
1
1
1
1
0
1
1
1
2
1
3
1
2
2
2
1
6
2
4
1
1
1
4
3
5
1
5
1
1
1
2
2
1
1
3
1
1
1
4
5
5
2
3
2
1
1
1
317
337
302
376
350
361
4
1
4
2
1
0
2
1
2
1
1
1
1
0
1
2
13
1
0
1
2
0
1
1
4
4
1
2
0
1
2
5
1
2
3
0
1
1
0
3
1
1
2
1
0
0
1
3
2
0
1
1
2
0
0
2
2
9
2
0
1
0
4
8
2
4
8
3
0
2
1
1
2
4
3
1
0
1
1
0
0
1
1
4
1
1
0
1
3
1
2
273
299
324
211
282
236
3
1
1
2
4
4
3
3
1
2
1
1
0
1
3
2
0
1
1
3
2
1
1
2
6
2
1
2
0
1
4
5
2
1
2
1
2
1
3
1
1
1
1
2
0
1
2
1
0
0
1
1
0
3
10
2
5
5
1
2
1
1
2
2
2
2
2
2
1
1
2
4
7
1
2
1
1
3
1
0
2
1
1
1
1
1
4
7
3
2
207
251
224
240
266
254
1
2
3
1
3
9
3
4
3
1
2
0
2
3
1
2
2
1
1
7
0
2
2
4
1
0
0
1
3
8
1
5
4
1
1
1
1
4
2
0
4
2
1
1
1
2
1
0
1
1
1
0
2
1
5
8
4
0
1
1
1
1
1
11
2
1
1
2
0
0
4
1
4
2
1
1
2
8
1
2
1
0
1
1
2
1
4
7
2
183
247
179
234
307
235
1
1
1
2
2
5
1
4
2
5
6
3
3
2
10
2
2
3
2
3
1
18
2
4
0
2
2
2
2
2
4
2
1
3
1
2
1
2
4
7
0
1
1
4
1
7
2
1
4
3
1
1
1
2
2
3
0
1
0
1
0
1
4
2
3
14
5
3
3
3
3
3
2
2
2
3
1
3
1
3
2
0
7
2
4
2
2
6
120
105
114
128
184
120
5
1
4
5
1
1
6
2
5
1
1
2
9
1
1
2
5
2
1
3
2
1
6
4
2
2
6
1
0
1
3
3
1
1
2
0
5
2
1
4
3
1
1
1
1
1
1
3
4
0
2
1
3
8
4
4
5
7
4
2
2
1
4
4
3
3
1
1
5
3
7
2
2
0
4
1
1
3
2
3
5
1
4
0
1
1
2
144
153
99
141
82
109
10
6
1
2
4
2
3
3
4
5
1
4
2
2
1
7
2
1
1
7
6
0
0
1
1
7
1
2
2
0
5
2
11
5
1
2
3
2
2
5
6
1
1
3
2
1
1
8
10
2
0
2
4
1
1
7
5
5
0
1
2
2
2
14
14
10
1
3
4
3
4
4
4
5
1
1
3
3
1
8
5
6
1
4
2
1
131
37
86
100
96
101
11
0
4
2
3
2
1
15
5
1
3
3
5
1
2
1
2
1
6
3
3
0
1
2
2
0
5
2
5
2
2
4
4
1
3
3
8
3
5
8
9
0
1
5
3
1
3
4
2
2
2
4
3
0
4
5
1
1
1
1
3
2
5
8
2
1
4
3
4
3
4
3
4
1
3
5
7
2
10
8
9
1
3
3
3
127
125
93
107
102
107
5
14
2
4
2
3
6
6
3
2
6
27
3
4
3
4
2
11
1
1
4
4
7
3
6
4
2
3
3
10
7
5
2
3
4
7
1
8
9
9
0
3
6
3
2
2
4
4
3
2
4
4
1
11
4
5
2
2
5
4
3
9
6
3
3
9
5
2
4
5
6
9
3
7
3
3
3
6
6
6
2
3
2
5
59
59
89
163
127
125
4
1
3
0
1
2
1
3
1
1
3
1
2
1
1
1
4
2
4
1
2
3
0
11
3
2
7
1
1
2
2
3
3
1
1
2
2
0
2
4
1
3
1
2
0
0
1
1
7
6
5
1
3
4
0
2
1
3
2
1
1
2
1
1
6
4
3
0
1
2
2
1
1
1
1
3
2
1
1
7
3
1
2
122
105
92
177
139
162
21
12
1
2
6
4
8
4
13
10
2
5
3
2
2
1
2
4
0
2
5
1
7
2
1
7
2
2
1
2
4
4
2
3
1
5
4
1
2
1
4
9
4
3
1
3
1
10
2
2
1
7
4
2
2
11
26
1
3
7
2
1
1
9
7
11
1
2
1
9
5
3
2
2
3
3
3
2
2
10
4
11
115
157
177
111
129
168
14
1
2
8
3
5
3
2
7
0
4
0
2
1
1
1
2
0
0
1
1
1
1
2
8
1
1
1
2
3
2
2
7
0
5
2
2
5
3
15
8
2
2
2
2
2
1
2
3
1
2
2
5
0
0
3
2
1
0
2
3
1
2
3
13
1
2
4
6
5
15
2
7
1
4
3
1
1
5
4
3
92
123
84
85
89
106
2
6
2
4
2
6
5
3
2
6
3
2
1
5
2
4
1
1
1
1
1
2
1
1
2
3
2
3
2
2
2
5
0
7
2
3
1
3
4
7
1
1
3
3
1
4
6
2
0
2
1
8
1
1
2
6
2
3
2
2
2
6
4
5
1
2
3
6
4
3
6
8
2
3
4
1
1
5
2
3
94
84
33
158
135
180
5
2
3
4
9
1
1
3
21
3
5
0
2
1
1
1
1
2
1
1
2
5
2
2
2
3
1
1
2
4
4
3
1
1
2
0
1
2
1
4
2
1
8
1
1
4
1
1
13
7
2
1
2
4
1
2
6
3
5
1
5
3
1
11
4
3
1
0
1
4
1
9
6
2
4
1
3
1
3
179
139
185
166
223
215
3
3
2
15
5
5
1
2
2
7
0
3
2
1
4
1
4
0
0
3
2
10
3
7
5
4
1
2
2
1
2
2
1
2
1
1
1
2
3
1
5
3
1
3
1
1
1
5
0
4
1
6
2
1
3
14
7
1
1
2
7
1
1
2
5
4
1
2
1
2
5
18
19
4
3
3
1
0
126
139
115
124
172
138
10
0
5
5
5
1
10
1
2
0
1
2
1
0
0
2
7
1
1
1
3
1
3
7
14
1
1
3
8
3
9
6
3
1
3
3
5
1
3
13
9
0
1
1
2
0
4
4
3
0
1
1
2
1
9
4
5
0
3
0
1
10
7
1
6
1
1
2
4
6
8
20
4
1
1
2
4
72
118
115
84
78
124
5
2
5
1
2
4
1
1
2
3
0
1
2
2
3
10
1
1
1
3
4
4
3
4
2
2
1
1
1
4
4
9
2
2
2
9
2
5
8
7
1
2
4
3
1
6
2
10
0
1
2
1
3
3
1
2
0
2
2
1
3
8
5
7
2
4
3
5
1
2
6
5
1
3
2
1
152
104
122
121
109
89
10
7
3
2
1
5
4
1
37
5
12
3
1
3
2
4
2
1
3
2
4
2
2
4
2
2
1
1
0
1
0
3
5
2
2
4
0
1
2
0
1
2
1
1
2
1
4
8
2
6
3
2
3
3
1
3
9
3
3
1
1
1
1
2
1
2
1
2
3
1
3
4
2
1
6
150
118
106
126
116
150
9
3
2
4
3
2
2
9
4
4
2
1
4
3
2
3
2
4
2
2
2
2
2
4
11
4
2
3
1
2
2
4
1
3
3
2
1
1
9
3
4
11
1
3
3
12
0
2
3
1
2
20
2
1
4
7
3
2
0
2
2
1
2
2
2
1
1
2
5
2
9
4
4
7
117
127
106
138
170
134
16
1
15
2
7
1
3
5
3
2
2
2
1
3
2
2
7
2
1
3
1
1
2
3
17
1
2
2
1
2
4
3
4
1
2
1
2
1
1
2
3
0
4
3
3
1
3
3
2
2
4
2
3
1
9
2
9
1
0
2
6
2
5
2
3
1
10
3
1
1
3
4
9
127
128
129
112
119
138
1
2
1
3
1
3
1
1
3
3
2
0
2
1
3
7
1
1
3
1
1
3
5
4
0
2
2
7
3
6
5
4
2
3
1
1
1
2
2
1
0
2
2
5
1
1
6
6
12
2
4
3
3
6
6
8
2
2
3
4
3
5
2
4
2
1
4
4
2
3
3
19
213
312
223
243
170
205
4
2
2
1
1
1
1
2
1
1
2
1
2
1
2
2
3
1
3
0
3
0
3
2
2
1
1
0
1
1
0
4
5
2
3
1
1
3
3
3
5
1
3
1
1
2
3
1
2
1
3
2
2
1
1
3
3
3
4
1
1
1
1
1
0
1
0
2
1
3
3
139
162
191
154
197
171
3
9
2
3
1
1
4
2
2
3
2
2
2
2
3
3
6
3
2
1
3
2
3
3
3
5
1
2
2
6
9
11
3
2
6
2
5
4
2
3
4
6
0
2
2
2
9
5
2
4
2
2
2
4
12
1
3
3
4
2
3
2
14
13
9
9
2
2
4
4
238
278
238
249
296
286
4
0
5
3
1
1
1
2
2
0
2
1
1
3
1
2
0
1
3
1
1
2
1
1
1
2
2
1
2
3
4
4
5
0
2
4
4
3
6
2
5
0
1
2
2
4
5
6
3
2
2
2
1
8
2
4
3
1
1
3
1
1
5
2
4
0
5
1
1
246
261
295
237
293
263
1
3
1
5
1
1
2
1
1
1
3
4
3
2
3
2
2
2
1
4
2
2
2
3
1
3
1
2
4
5
2
2
3
2
4
1
2
3
3
3
1
1
4
1
7
8
3
9
4
2
3
5
2
1
2
3
3
1
2
2
1
1
6
5
1
1
3
2
241
260
270
206
314
210
1
2
3
2
0
2
1
1
2
2
2
1
0
0
2
1
2
1
2
4
0
0
1
1
0
1
0
1
2
2
0
2
1
2
2
1
3
2
1
4
0
2
1
2
0
2
1
2
4
2
3
0
0
2
2
2
1
1
1
1
1
1
1
1
1
1
1
252
159
264
153
221
154
3
3
4
4
8
2
1
7
3
1
3
3
3
5
2
7
3
4
1
5
2
3
1
1
2
1
3
2
4
2
2
3
4
3
1
3
2
5
3
2
15
1
5
1
9
2
9
4
7
9
3
1
1
3
2
2
1
2
1
2
4
8
1
4
4
12
181
196
162
144
233
138
4
1
2
3
2
5
2
4
6
3
1
2
3
2
3
2
1
2
1
3
1
1
1
3
1
1
3
0
3
2
5
1
8
1
2
4
2
3
1
2
4
2
1
1
3
3
6
9
2
1
2
2
1
7
2
1
2
1
1
4
2
3
2
4
2
105
139
239
161
92
125
0
2
2
3
2
3
1
5
2
1
2
2
4
1
3
1
1
1
3
0
4
1
3
2
4
2
3
1
1
5
6
2
1
2
1
2
3
2
12
5
3
0
1
7
2
4
2
6
2
1
1
1
2
2
2
2
1
2
1
1
1
2
5
3
93
154
262
140
108
179
3
2
2
1
2
1
2
2
0
1
1
0
0
3
1
2
1
3
1
0
0
4
2
2
4
3
1
3
2
1
2
4
5
1
7
3
1
2
1
1
3
2
2
0
4
1
1
1
1
2
3
0
2
0
1
5
2
2
5
2
1
2
2
142
173
135
140
131
131
2
3
2
2
4
0
4
0
1
1
0
1
1
1
1
0
1
1
0
1
1
0
1
2
1
3
1
1
6
1
1
3
4
4
1
2
3
2
1
1
4
1
0
2
3
2
1
1
1
4
1
2
1
1
1
3
1
1
1
1
1
2
196
145
196
140
246
142
2
0
1
1
1
2
1
2
2
2
1
2
4
1
1
5
1
0
1
3
0
6
1
2
5
0
2
3
3
1
2
2
1
0
1
2
3
3
2
2
2
1
2
1
2
3
2
1
2
1
1
1
2
1
3
1
6
1
1
5
1
106
149
133
149
164
163
0
1
4
1
3
1
1
3
1
2
1
6
3
2
0
2
0
1
1
2
3
3
2
1
3
1
4
3
0
4
2
1
0
0
1
4
4
1
1
2
5
0
4
4
8
3
1
2
1
1
1
1
1
1
1
3
1
0
3
2
215
222
175
354
166
169
3
4
5
1
1
1
2
3
3
1
1
1
1
1
1
1
1
1
1
0
1
0
2
6
1
2
2
0
1
1
1
2
1
3
3
2
1
2
2
1
2
3
5
0
1
1
3
7
1
1
1
1
0
1
0
1
5
2
1
99
132
120
221
180
217
2
3
1
2
2
2
1
2
3
1
1
3
1
1
2
2
3
1
1
3
1
1
2
3
4
3
1
4
2
3
2
4
4
3
4
2
2
3
1
3
4
1
1
2
4
2
2
3
1
2
2
2
1
1
4
3
2
2
144
136
131
139
136
97
3
1
3
2
1
2
2
1
1
2
0
1
1
1
0
2
1
1
3
3
3
0
3
2
13
0
3
2
4
1
1
3
1
1
2
2
3
0
11
1
2
0
0
1
4
1
3
1
1
1
4
0
1
1
1
3
2
134
140
128
200
164
161
4
6
1
3
2
6
3
2
0
3
1
2
3
3
1
6
4
8
2
3
1
6
4
3
1
3
1
8
1
1
0
3
3
1
1
2
1
3
1
6
1
5
1
4
0
1
8
4
1
3
2
5
1
2
4
2
253
242
298
174
217
272
2
2
2
0
1
2
1
2
2
5
2
0
0
1
1
10
3
1
4
1
1
3
1
1
4
1
5
1
2
3
3
1
3
2
3
2
4
1
2
4
5
1
4
1
2
2
2
1
2
4
2
0
4
1
2
223
226
161
272
171
158
7
9
0
1
3
1
2
3
3
3
0
1
1
7
1
3
4
6
0
2
1
2
2
2
4
3
1
1
2
2
1
2
3
1
0
1
3
4
5
2
4
6
1
4
3
2
0
7
15
3
1
0
1
1
303
345
353
277
282
316
5
2
1
9
6
0
4
7
5
0
1
1
1
1
2
1
1
1
1
3
2
0
2
2
4
5
0
2
1
1
6
15
5
1
3
1
1
2
2
1
5
2
3
3
3
1
10
14
7
1
1
2
1
304
250
236
246
228
182
3
5
5
4
1
4
3
3
2
4
5
4
2
2
4
1
1
1
4
6
1
9
2
3
1
2
3
1
4
7
7
2
1
3
2
6
6
2
2
7
4
4
4
6
2
13
7
1
2
2
0
3
310
365
345
297
319
323
1
0
1
1
1
1
2
3
2
1
3
3
3
0
4
2
7
7
3
1
1
0
2
8
2
2
3
1
1
1
1
2
4
1
4
1
2
1
5
1
1
0
4
0
0
1
1
11
4
1
1
235
208
177
231
164
162
2
3
1
5
1
3
1
2
3
1
1
3
2
1
6
5
3
4
0
3
1
5
0
9
8
10
2
3
1
2
1
10
2
7
0
1
1
7
2
3
3
2
1
4
1
1
3
6
2
7
272
211
332
244
266
237
15
0
1
5
2
1
1
12
0
1
1
1
2
1
1
2
3
2
3
3
4
0
1
6
4
1
1
3
3
1
6
3
4
1
1
3
6
1
1
1
2
1
3
3
1
0
1
1
6
246
178
275
178
263
149
2
5
4
1
4
11
5
4
4
3
1
3
1
1
2
2
0
5
5
2
0
1
2
3
2
2
3
3
2
1
2
2
1
1
5
4
1
3
2
5
1
3
8
3
0
1
3
5
106
114
89
176
87
87
5
1
6
1
3
1
2
5
3
1
2
1
1
1
1
1
2
1
3
0
2
0
0
3
1
2
2
0
1
1
2
4
3
1
5
0
1
1
1
1
4
1
2
0
1
1
1
124
116
86
124
100
110
6
6
3
3
5
3
1
1
3
2
1
0
4
1
0
3
3
1
0
1
3
1
5
6
2
1
1
1
3
1
2
11
4
3
2
3
3
5
4
2
5
1
0
1
1
6
156
78
96
74
109
85
11
2
3
10
6
1
1
8
3
1
1
1
2
2
2
4
5
1
0
1
2
1
5
1
2
1
3
1
1
4
3
23
11
0
3
4
8
4
7
5
3
2
2
3
1
113
115
117
136
113
136
1
1
10
9
2
1
5
4
1
1
5
2
0
1
3
2
1
2
2
2
3
1
1
4
1
1
4
1
2
4
7
5
1
2
7
16
1
1
7
4
1
1
3
1
70
88
120
121
85
107
6
2
2
0
1
1
2
1
2
4
1
0
0
1
3
0
1
1
1
2
1
0
1
1
2
2
4
0
1
1
3
2
1
2
0
1
0
0
1
0
1
1
2
173
96
197
90
200
108
20
5
1
1
1
4
1
0
1
2
0
1
0
1
0
0
6
2
0
2
0
2
1
1
1
3
3
1
2
3
1
1
2
3
1
4
1
2
1
2
2
7
134
133
85
124
104
82
3
1
0
1
1
1
2
1
3
4
3
1
0
0
1
2
2
2
4
2
1
3
3
1
1
2
3
3
3
2
4
5
5
1
2
1
1
1
2
1
3
132
128
104
144
123
113
1
1
4
2
1
2
3
2
1
1
1
1
1
1
4
2
1
1
1
2
1
2
3
1
2
3
4
2
3
2
4
7
1
1
2
1
1
1
1
1
78
106
129
87
141
89
4
2
4
3
4
4
5
5
1
2
3
3
2
1
4
2
1
1
3
3
3
2
4
2
2
2
8
1
2
1
4
7
2
3
6
1
2
3
1
144
156
135
144
88
118
6
5
3
1
4
4
1
4
3
1
0
4
2
1
4
5
1
2
5
1
1
6
2
2
2
3
2
2
1
2
1
3
1
12
3
3
2
3
129
138
157
116
129
161
17
1
1
0
1
0
5
1
2
1
2
2
2
1
3
1
4
0
1
1
1
2
13
5
3
1
2
1
3
1
4
2
6
0
1
1
1
153
139
108
172
104
91
1
7
1
1
2
6
7
3
0
1
4
1
4
4
29
7
1
4
3
0
4
8
6
4
1
1
2
1
2
3
5
8
3
3
2
1
69
90
104
39
87
138
4
5
2
1
2
2
2
3
4
1
1
2
3
1
3
1
13
1
2
2
1
1
3
7
1
1
2
6
1
1
1
8
2
0
1
145
218
160
129
179
131
9
8
1
3
2
2
1
2
2
4
2
4
4
1
1
9
3
1
2
3
2
5
6
1
1
1
1
1
2
0
5
5
4
2
93
195
207
94
114
186
6
0
4
2
2
2
14
5
3
3
2
3
3
1
6
8
6
2
3
2
8
5
3
1
2
2
1
3
7
2
4
6
5
94
138
110
95
118
99
2
2
2
5
2
4
2
5
7
2
1
7
3
9
11
2
2
3
6
7
4
1
1
3
2
2
2
2
3
6
2
3
217
112
158
139
188
218
7
3
1
1
4
1
1
5
2
0
1
0
2
3
0
2
1
1
2
0
1
0
2
2
1
0
1
1
1
5
0
105
92
102
124
149
133
8
8
1
8
2
6
5
4
10
2
3
4
3
4
5
2
9
4
3
2
3
3
5
6
7
5
1
4
3
2
120
136
138
119
139
133
3
1
3
3
3
1
4
1
7
1
4
1
3
2
4
4
4
0
1
1
2
6
5
2
0
4
4
2
3
95
110
89
95
95
100
0
2
3
3
0
6
1
12
0
3
2
4
3
5
2
8
1
5
0
4
9
5
3
5
1
3
6
3
158
199
159
138
169
161
1
2
4
2
0
0
1
1
2
2
2
0
0
0
1
1
0
2
1
1
1
0
0
9
1
1
1
121
167
180
125
142
187
1
5
2
8
1
2
11
3
11
5
0
0
1
6
2
1
1
2
2
1
1
2
0
1
1
2
121
141
140
138
151
203
5
4
5
10
0
2
10
14
4
1
1
2
2
2
3
1
1
2
2
8
1
4
5
3
8
104
155
86
106
82
83
4
6
1
1
0
11
1
12
2
1
4
3
2
5
2
4
2
2
2
2
2
5
6
8
31
38
76
30
24
94
2
7
4
5
3
4
3
2
1
4
3
2
3
1
1
7
7
3
3
1
3
2
4
130
106
130
118
121
101
6
2
0
1
2
4
1
2
3
4
3
2
1
4
5
23
12
9
7
2
1
5
41
99
98
26
44
98
8
3
7
3
1
1
1
3
3
1
0
0
2
3
6
20
5
2
2
3
6
74
39
7
76
14
16
3
4
3
3
6
2
9
5
3
1
1
3
2
3
8
8
0
1
1
2
120
128
139
92
109
146
1
4
2
7
0
2
1
0
1
0
2
2
6
3
1
2
2
1
4
85
87
93
128
113
123
16
4
6
1
1
7
2
2
0
2
6
6
2
2
10
11
5
18
91
137
139
93
106
147
7
1
2
2
3
2
1
2
1
4
20
5
3
4
2
2
4
85
113
113
88
77
86
1
2
4
3
1
2
4
3
2
3
3
3
5
7
7
12
87
130
91
92
84
86
4
2
7
1
1
1
6
4
2
8
19
1
1
0
1
77
108
85
99
109
101
4
15
3
5
2
8
2
2
7
5
0
1
0
1
119
84
55
88
71
118
46
2
3
2
8
1
1
2
2
1
2
3
3
89
86
84
53
94
49
4
12
5
9
2
2
4
5
1
7
1
4
113
166
95
101
98
99
1
1
1
0
1
0
1
1
5
3
5
95
91
97
80
66
175
7
3
1
2
1
1
1
2
10
7
93
113
168
92
98
109
9
0
1
3
1
1
4
1
2
103
108
78
95
60
88
1
3
2
1
1
2
2
1
224
225
218
309
322
345
18
4
3
2
2
2
1
144
220
254
143
143
277
9
6
17
1
3
1
260
252
291
285
291
271
15
1
2
2
3
278
148
260
160
246
157
4
7
4
3
175
310
191
174
297
176
5
2
2
59
75
162
233
63
77
12
3
88
98
113
195
154
178
3
282
320
277
346
309
284
