135
27
77
74
116
75
68
93
131
138
208
102
162
159
132
7
6
3
5
13
5
6
3
2
3
4
2
4
9
3
2
3
6
6
5
4
3
5
6
6
2
1
0
1
1
3
4
4
0
1
1
0
1
4
2
7
4
2
4
1
4
17
3
10
1
6
7
5
2
6
3
4
1
9
1
1
5
1
1
1
2
2
2
2
1
1
1
1
3
4
1
1
0
2
5
3
0
3
0
3
7
3
5
1
1
3
4
4
2
2
1
2
1
1
6
0
0
1
1
1
1
2
1
0
2
0
0
2
0
5
4
3
0
2
1
1
1
5
2
5
3
1
3
4
0
6
1
0
8
1
2
6
1
0
1
3
1
1
1
1
1
4
6
2
0
1
1
2
1
134
28
47
83
40
37
66
65
50
15
14
89
43
12
34
10
5
3
8
4
13
8
4
6
3
2
7
11
3
3
11
4
9
9
3
6
9
14
5
6
2
3
4
3
8
6
5
2
3
5
1
2
2
2
11
13
8
4
1
8
7
15
10
5
13
5
4
7
7
7
3
1
2
10
4
2
3
2
1
3
5
1
2
12
1
1
4
2
5
2
3
2
3
1
4
3
3
8
4
10
4
2
3
6
2
2
8
1
1
2
2
5
2
2
3
4
5
1
3
3
1
3
2
3
3
3
2
1
5
12
13
4
1
2
3
1
3
5
2
3
6
1
6
8
5
3
5
10
9
3
2
4
3
2
4
9
2
3
2
2
1
1
4
3
2
2
6
2
22
51
41
29
35
77
97
63
44
68
76
58
45
45
92
3
6
10
6
15
8
3
3
9
4
2
12
4
4
4
6
0
12
4
3
6
10
11
4
3
3
3
4
9
3
3
2
7
3
11
2
4
2
9
7
12
2
1
2
8
12
17
7
11
4
6
8
6
4
1
6
7
8
3
1
2
1
1
3
3
13
4
3
4
3
2
3
3
3
7
4
1
3
1
2
10
13
4
7
2
4
2
3
2
4
3
2
4
2
2
2
4
1
3
3
2
4
2
1
4
3
2
1
1
1
3
2
14
11
12
5
1
2
6
4
8
7
8
8
2
3
2
2
3
4
7
4
3
3
5
3
4
3
1
5
5
2
1
4
2
5
9
2
1
1
3
4
7
109
170
150
19
10
8
22
179
122
135
79
170
50
89
2
10
9
8
15
10
4
5
7
1
2
4
1
7
11
12
1
6
15
22
10
3
1
2
3
1
10
3
2
3
1
1
1
5
5
0
3
4
8
4
8
7
4
11
7
4
4
11
4
1
9
2
8
1
5
1
9
1
1
1
5
1
1
5
1
0
1
2
5
1
7
0
1
1
1
1
3
0
1
6
4
2
3
2
2
7
6
1
1
4
0
1
4
3
1
1
2
1
1
2
1
0
0
1
2
1
2
0
1
1
1
4
4
2
1
3
2
8
2
1
2
5
1
6
1
1
2
3
4
2
8
1
4
1
9
1
4
1
2
2
4
1
5
1
2
1
2
9
1
2
1
33
80
32
6
10
69
73
37
58
46
13
59
11
16
56
21
1
5
17
3
8
8
1
3
6
3
3
6
10
11
9
6
4
8
4
6
4
13
10
4
3
16
3
4
5
5
1
1
4
3
2
6
3
3
5
9
8
10
13
5
4
5
5
1
3
4
3
3
2
6
2
0
2
5
9
2
3
3
3
2
3
12
5
4
3
1
7
1
2
3
7
1
2
5
3
2
2
1
4
10
3
2
6
2
1
4
4
8
1
1
1
2
2
8
3
3
1
2
2
1
4
2
2
1
4
2
4
0
4
2
6
9
3
3
1
1
3
3
6
6
3
5
3
2
5
4
4
6
1
3
3
1
4
6
3
2
2
2
2
3
1
2
6
2
4
43
17
11
27
20
37
17
36
28
23
38
28
11
22
12
9
3
5
5
5
9
2
5
5
3
4
4
20
0
16
14
6
15
13
7
3
7
2
4
9
9
4
18
2
4
3
7
1
0
2
5
13
10
3
8
10
4
8
10
13
14
5
2
11
8
8
2
10
3
14
4
2
2
4
4
6
1
4
1
3
4
5
2
3
2
4
1
3
7
4
1
3
3
9
3
2
2
5
11
11
7
2
1
2
5
9
1
6
1
1
3
6
7
4
1
1
2
10
2
2
1
3
2
2
6
4
0
3
5
12
7
7
1
3
4
20
7
9
3
3
7
11
6
3
3
2
5
8
5
6
1
12
3
9
1
2
3
6
3
13
12
3
1
2
66
108
283
87
216
119
79
146
77
123
113
110
90
246
85
6
17
2
8
3
5
2
7
0
5
4
8
35
3
5
4
2
6
3
1
2
5
0
6
7
9
3
2
3
5
2
2
2
1
14
4
3
3
11
8
8
10
7
6
18
10
3
5
5
2
3
4
2
12
3
2
2
2
1
3
5
3
1
2
1
2
2
1
2
3
1
1
2
3
1
2
2
5
1
2
6
4
4
4
14
3
2
1
1
5
3
10
6
0
0
1
1
1
3
4
1
7
2
2
1
2
0
3
3
2
3
2
1
4
5
5
6
2
4
9
1
7
5
4
3
3
1
5
4
8
1
6
5
1
2
4
1
6
6
1
6
4
2
3
5
2
4
2
64
38
60
36
94
59
51
53
65
74
89
58
48
39
41
18
6
18
8
4
2
7
5
5
7
8
0
11
8
13
7
7
3
5
3
4
3
12
6
6
8
2
3
6
3
10
4
4
13
6
3
6
8
7
15
16
13
9
15
8
5
7
7
4
4
4
7
5
1
4
5
3
2
2
3
2
6
5
9
2
3
2
3
3
4
3
1
2
5
2
11
6
2
6
7
1
3
6
7
4
3
18
2
4
1
7
6
2
4
3
2
6
4
2
4
5
2
6
1
1
2
1
7
4
11
21
4
12
6
9
15
4
4
4
2
5
4
5
8
3
2
3
6
6
7
12
7
12
4
10
8
2
2
3
3
2
7
8
4
7
3
5
49
42
82
76
0
35
34
79
0
47
60
0
78
0
0
15
0
3
3
8
3
10
0
4
18
13
8
13
0
8
10
9
6
6
0
4
6
10
2
16
0
3
4
3
3
10
0
3
10
7
4
6
0
1
21
12
7
7
0
4
7
15
6
10
0
3
5
6
1
4
0
1
6
5
1
13
0
1
6
4
4
8
0
1
9
3
2
4
0
2
5
7
6
11
0
2
4
6
3
13
0
2
11
3
6
8
0
1
4
6
3
7
0
2
10
2
9
6
0
2
6
13
5
8
0
3
9
5
6
7
0
4
10
6
1
10
0
1
6
9
4
4
0
5
14
4
6
7
0
3
3
3
5
12
0
1
6
10
3
7
0
192
239
270
202
351
171
175
155
198
237
215
247
185
279
206
12
8
1
0
1
3
3
6
2
10
15
9
3
3
6
2
0
6
2
1
1
3
3
4
4
0
2
6
1
1
1
6
2
2
3
3
3
2
5
1
4
1
2
1
1
3
6
1
6
0
4
0
1
4
11
1
1
3
0
1
5
2
1
0
1
0
1
0
0
0
2
0
1
1
2
0
3
5
3
1
2
1
1
1
1
2
2
1
0
0
1
1
0
5
2
0
1
0
0
0
0
0
1
1
0
3
1
1
3
4
2
5
2
1
3
1
1
1
0
3
1
2
0
1
1
3
2
1
3
0
6
3
1
5
1
0
1
1
1
1
1
2
2
2
1
31
69
76
39
39
88
56
52
84
94
39
76
7
81
46
9
3
2
8
11
15
2
2
0
5
1
6
11
7
2
5
4
4
2
2
4
6
10
4
2
5
4
2
9
6
5
5
3
2
5
17
5
12
4
1
7
2
3
6
4
4
4
3
2
5
1
1
3
4
2
4
1
1
3
5
3
6
3
2
4
1
1
3
2
3
5
2
6
3
3
2
9
4
1
1
3
1
4
2
4
5
6
1
1
4
6
6
3
4
4
2
2
1
3
3
9
1
2
5
7
9
5
5
1
13
11
4
3
8
2
3
3
5
5
3
2
5
4
4
3
7
4
4
1
2
3
9
3
2
1
4
3
3
2
3
3
9
3
3
21
82
27
79
20
79
82
67
81
41
98
58
29
46
90
1
2
6
2
5
12
2
4
5
2
7
6
5
1
2
3
1
4
4
4
4
11
10
4
4
1
1
2
4
6
1
1
3
4
5
2
10
2
9
8
2
2
7
2
4
1
1
2
5
1
2
2
2
3
2
2
2
2
8
2
1
2
4
3
1
2
1
2
2
1
4
2
5
3
1
5
1
5
3
0
2
0
0
4
7
3
7
2
2
3
1
6
2
1
1
4
3
1
3
2
0
1
2
1
5
3
2
7
5
4
18
1
2
4
3
1
4
1
3
3
2
2
4
1
0
3
5
3
3
1
2
1
1
2
4
4
1
4
1
3
7
2
1
175
136
176
147
220
125
178
156
207
114
157
126
141
195
161
1
2
3
1
1
2
0
5
2
3
1
4
2
1
0
1
1
6
1
1
2
2
1
11
1
1
1
2
1
2
2
1
1
1
5
6
2
2
3
4
6
2
5
0
1
2
2
3
2
3
0
1
2
3
18
0
0
3
1
1
0
0
8
1
7
1
2
3
0
1
1
12
6
7
0
2
1
2
0
1
1
2
1
2
1
4
3
2
1
1
0
0
0
1
7
4
1
3
0
1
1
0
3
1
0
2
1
2
0
2
0
4
3
3
0
0
1
2
3
3
2
3
3
1
3
2
3
1
2
6
1
2
0
2
5
2
5
2
1
1
0
1
118
129
135
59
119
167
146
80
143
156
85
203
88
166
43
18
2
5
1
2
5
6
1
2
4
3
5
4
1
1
1
2
2
1
3
2
1
8
1
1
1
1
3
8
3
0
2
7
2
11
8
7
3
2
1
2
1
0
1
1
2
6
4
2
0
1
0
5
5
4
2
2
1
2
1
4
3
9
1
4
1
14
3
0
1
17
2
1
0
4
1
2
1
1
1
2
1
4
1
4
1
9
2
5
1
2
1
1
1
4
5
4
1
1
1
2
2
5
5
5
0
2
1
2
0
3
1
5
0
2
2
3
3
8
8
5
1
3
1
2
3
4
0
2
1
1
0
1
5
13
4
3
0
2
1
2
17
16
56
9
54
11
21
35
52
17
82
15
20
56
10
5
2
3
2
5
4
1
3
5
6
5
4
2
5
2
6
11
1
2
5
1
7
2
2
2
2
3
10
4
3
2
3
4
8
6
3
7
5
4
9
4
1
4
3
1
3
2
10
3
2
3
2
2
2
3
7
2
4
2
4
1
6
2
1
4
7
3
3
3
2
2
5
1
3
2
5
1
1
2
1
1
7
4
5
3
3
3
5
2
1
2
4
4
4
2
4
1
2
2
4
2
4
3
2
1
4
6
5
1
1
3
5
1
1
1
1
4
6
3
7
3
2
3
8
2
2
2
8
3
5
2
5
1
8
2
5
1
2
1
2
278
93
234
182
171
101
259
224
172
117
74
57
185
157
130
5
9
2
0
6
1
6
5
1
1
4
8
1
1
1
3
2
4
6
2
4
1
4
3
2
3
1
3
3
12
3
5
2
5
3
8
9
3
2
3
4
3
4
1
2
0
0
6
2
7
4
1
3
0
1
2
4
1
1
1
4
1
0
4
8
3
2
2
0
2
2
2
10
4
3
1
2
1
0
5
2
1
3
1
1
1
1
3
1
1
3
1
2
1
1
2
2
0
2
1
3
1
0
4
5
2
4
1
2
0
1
0
2
2
3
2
1
2
2
3
3
2
4
0
2
0
3
5
2
1
2
1
1
2
3
1
1
1
2
267
226
280
288
255
246
268
263
262
235
214
286
250
249
234
2
1
1
6
1
1
3
2
3
2
6
4
2
1
4
1
10
7
0
7
0
3
6
9
0
1
3
7
3
10
1
3
3
2
5
4
0
3
2
2
10
4
1
1
2
2
6
3
2
17
1
1
4
2
3
5
3
3
2
1
4
0
9
10
5
3
1
1
3
5
0
6
5
2
1
5
3
3
1
3
1
3
4
1
2
1
2
2
2
8
2
1
2
2
4
9
1
3
2
3
1
2
2
6
3
9
0
2
2
2
1
2
2
2
1
1
5
3
7
11
7
2
4
3
3
4
1
1
1
3
1
1
3
1
2
3
2
4
79
84
106
95
143
116
78
99
51
86
122
43
95
85
72
3
0
3
3
6
5
6
6
4
2
3
4
2
3
1
6
5
0
4
0
2
2
2
1
4
5
3
6
6
2
8
3
3
3
4
1
2
3
7
2
4
1
1
0
3
1
7
1
1
3
7
3
5
0
1
5
2
1
1
1
1
7
2
4
1
1
2
2
4
2
3
3
5
1
1
5
1
3
4
5
2
1
1
2
1
8
2
1
0
1
2
3
1
3
3
3
2
1
3
1
1
1
8
12
13
0
5
1
5
3
2
3
5
1
2
4
1
2
1
1
1
1
4
4
9
2
1
1
4
1
2
3
2
6
1
12
2
90
183
189
211
216
112
117
110
112
248
245
193
223
188
257
19
8
6
5
8
15
2
3
6
1
1
4
7
5
3
3
4
1
2
1
2
2
10
10
3
7
3
4
19
12
14
7
7
10
8
5
8
3
2
5
6
7
1
1
2
8
1
6
2
3
1
1
2
3
1
3
2
2
0
1
1
2
0
1
4
2
3
3
1
2
1
2
6
5
1
4
1
2
1
2
1
2
0
1
0
2
3
1
2
3
1
1
1
5
1
1
1
4
1
1
7
6
1
6
4
4
2
3
2
8
3
2
9
3
1
2
2
5
1
2
1
3
1
2
2
2
4
1
9
4
2
3
1
3
1
1
38
19
0
42
0
89
0
96
0
0
97
0
0
0
0
11
11
15
0
0
19
5
6
4
0
0
12
8
5
6
0
0
4
2
2
1
0
0
9
7
5
5
0
0
17
11
18
13
0
0
10
4
8
5
0
0
3
1
4
8
0
0
6
5
2
5
0
0
4
5
3
2
0
0
4
4
2
2
0
0
3
8
6
3
0
0
6
6
6
3
0
0
1
9
5
1
0
0
4
2
2
2
0
0
1
4
1
1
0
0
7
3
2
2
0
0
7
3
10
3
0
0
6
8
5
4
0
0
4
3
3
5
0
0
1
6
6
5
0
0
2
5
10
2
0
0
3
5
9
3
37
97
120
124
107
21
32
26
27
111
144
156
135
139
141
6
19
12
22
10
5
1
5
3
9
8
4
1
5
5
3
10
3
2
4
9
11
8
5
2
10
15
14
7
12
6
17
2
5
10
7
6
14
5
9
1
2
1
5
3
5
4
10
3
6
8
9
3
9
2
4
3
4
4
6
1
2
10
12
2
5
1
7
3
3
10
4
2
3
4
9
3
3
1
3
2
3
2
3
10
3
8
3
3
3
0
2
4
1
3
5
1
4
9
6
5
9
6
3
2
4
6
4
1
4
11
7
6
10
3
9
6
5
2
2
4
5
6
3
2
8
3
4
4
5
3
8
4
3
181
128
103
195
152
129
141
156
144
106
135
214
106
116
157
10
3
8
4
2
5
1
1
6
6
2
5
3
1
4
2
3
2
1
2
5
2
5
6
2
4
17
9
6
7
10
1
7
5
10
3
3
1
9
0
0
8
4
0
2
2
1
3
7
2
5
0
2
1
1
0
3
2
1
2
2
1
4
2
4
7
4
4
4
4
7
4
3
1
7
3
3
2
2
0
1
2
1
3
1
1
1
1
4
0
1
0
1
3
1
3
0
2
6
2
5
3
1
1
10
3
7
6
2
1
1
3
3
5
3
0
4
1
1
2
3
0
2
0
6
1
3
1
2
4
2
3
3
102
91
48
93
210
105
57
98
99
40
264
88
34
41
95
8
10
8
3
9
8
2
4
10
8
3
4
1
1
3
1
2
2
3
5
6
17
11
6
3
15
8
15
15
18
1
2
7
19
2
16
2
8
3
1
7
12
1
1
7
2
1
12
2
3
4
4
1
4
1
2
8
3
2
3
5
3
6
2
7
6
3
4
2
3
3
2
3
7
3
1
2
3
1
2
5
2
3
1
1
2
4
1
0
2
1
0
3
1
1
5
6
4
9
7
8
6
2
3
7
2
7
5
3
2
6
5
5
6
5
2
3
2
1
9
2
1
13
2
4
10
3
3
7
5
3
2
55
95
63
87
131
38
149
54
105
38
80
86
53
101
77
9
4
2
10
1
1
2
7
2
8
2
3
3
1
2
5
2
5
4
4
4
29
15
17
9
12
12
23
12
4
15
4
13
10
7
3
5
1
1
5
3
1
1
5
3
6
3
4
2
4
1
10
1
2
1
2
1
3
2
2
7
0
2
4
7
10
5
1
2
2
3
2
3
1
4
4
1
2
2
7
3
4
2
1
2
1
1
3
2
1
2
2
1
3
1
2
8
5
4
6
2
2
7
9
3
7
4
3
3
4
5
6
2
6
2
1
1
2
4
1
2
1
5
3
1
3
2
7
5
8
3
83
86
90
101
129
39
123
125
82
73
79
111
148
91
99
8
10
8
3
3
4
4
7
6
3
3
7
4
4
2
2
7
9
6
5
4
5
14
11
18
9
13
5
6
6
4
3
11
5
4
4
3
4
3
5
2
1
1
3
5
6
3
1
1
10
5
3
4
4
2
3
2
3
13
6
2
3
2
7
13
1
6
6
7
2
3
3
1
9
4
4
2
3
0
2
1
2
4
4
1
2
0
2
4
1
10
8
2
6
1
1
3
6
5
6
7
8
2
6
1
8
9
4
2
5
2
5
3
6
3
7
3
14
3
3
0
7
9
3
3
5
4
6
2
3
132
86
16
108
83
98
9
96
54
18
75
91
18
18
23
5
0
6
3
14
3
2
2
4
2
6
3
2
3
4
8
11
7
2
2
14
4
13
12
4
4
16
4
2
5
4
3
11
1
11
4
4
2
4
1
2
2
4
4
8
1
2
2
5
3
6
3
6
3
4
3
3
1
3
3
4
2
5
6
2
2
3
9
3
2
3
6
4
2
4
6
2
3
2
3
4
2
3
4
4
1
2
1
1
2
4
4
4
3
4
2
3
1
6
3
8
1
3
4
2
3
6
2
7
3
7
3
3
1
2
4
12
1
2
2
5
3
8
3
7
5
2
2
5
97
108
81
118
100
81
72
103
73
72
83
78
77
120
104
2
2
1
7
3
1
6
2
2
3
3
3
2
4
3
4
4
4
1
3
1
3
4
5
8
2
2
7
5
11
2
1
3
2
3
2
2
1
0
1
3
4
3
11
1
2
1
2
2
1
3
6
1
1
6
3
1
2
2
2
1
1
1
1
0
3
4
1
0
1
1
9
4
2
3
2
2
1
1
2
1
1
5
3
1
1
1
1
4
3
4
2
1
2
3
4
1
2
5
5
0
3
3
9
2
2
1
3
1
3
3
0
4
4
2
7
1
1
3
3
2
2
2
2
1
3
1
4
273
191
129
87
198
192
162
95
210
178
56
224
40
160
84
4
2
2
3
3
5
3
2
1
2
1
3
3
2
5
3
12
6
5
3
6
2
7
8
5
2
2
3
5
4
4
1
2
1
0
6
3
0
3
5
1
1
2
3
1
0
0
1
1
1
0
4
1
2
0
0
1
0
0
1
2
5
3
1
1
3
0
2
2
2
2
2
1
2
1
2
1
1
0
0
1
2
1
0
0
1
0
4
1
1
1
1
3
4
3
1
2
2
5
5
1
4
2
2
1
1
2
3
1
9
1
2
0
2
1
1
1
0
2
3
2
2
2
3
1
6
3
38
34
32
30
51
82
91
74
100
49
33
50
93
169
85
12
3
4
2
2
4
2
1
1
2
2
2
1
4
2
5
3
3
2
6
4
1
8
3
1
4
2
1
2
2
3
1
2
2
2
2
3
6
2
1
1
5
5
12
7
3
4
1
1
1
4
2
3
4
2
1
1
1
1
8
2
2
2
2
2
2
3
1
4
2
1
2
1
0
3
6
1
3
2
4
2
1
1
1
4
1
1
2
0
1
3
1
3
5
2
3
4
3
2
2
4
6
4
2
2
2
1
3
6
2
1
6
1
3
1
2
0
1
1
4
1
1
7
4
1
4
98
89
84
127
113
100
114
114
107
144
99
77
101
86
108
3
1
3
4
2
2
1
1
2
1
4
4
4
2
2
5
3
2
6
2
3
4
2
1
2
2
1
3
3
1
2
1
2
1
1
2
2
0
4
3
1
3
4
8
6
3
1
5
2
12
9
8
7
2
2
2
3
1
5
3
2
2
3
1
0
2
5
4
2
1
1
5
1
1
6
4
4
1
2
6
3
1
1
6
1
1
3
1
1
1
5
4
4
0
0
4
2
1
3
0
1
5
1
1
2
2
8
16
6
3
4
1
2
0
2
2
2
0
4
13
0
5
4
2
4
123
99
83
108
128
103
100
134
121
108
115
134
93
90
129
8
1
2
2
6
3
7
3
1
1
2
8
4
5
4
4
8
8
5
3
4
6
3
5
2
2
1
0
2
4
2
1
1
2
1
2
4
5
3
5
1
1
1
1
3
1
2
2
2
1
2
1
1
5
3
2
0
1
3
2
2
1
3
2
2
3
2
1
20
1
2
1
1
2
3
1
2
4
2
2
2
0
2
2
3
6
6
4
1
1
6
2
2
7
3
6
0
3
1
1
2
2
4
3
3
1
2
3
5
5
2
2
3
1
2
2
4
3
3
3
2
3
2
1
15
18
29
21
11
102
88
92
52
77
79
49
106
25
52
3
7
2
2
6
4
2
3
2
7
4
6
7
3
3
6
6
13
4
8
5
3
6
5
14
6
1
2
3
1
1
1
1
1
2
3
3
3
4
2
2
3
2
3
3
1
2
3
5
4
3
2
2
2
3
3
3
2
0
3
2
7
1
2
3
2
1
5
4
4
3
1
3
2
1
3
2
1
3
2
2
2
2
7
3
9
3
10
2
3
5
5
3
1
2
4
1
4
2
3
2
6
6
4
3
6
4
1
2
3
4
2
2
2
6
2
1
4
4
2
1
3
2
126
164
23
111
159
198
30
182
208
47
184
245
29
40
213
6
7
1
1
0
2
1
1
5
2
2
3
3
4
6
3
3
7
5
3
3
3
1
3
3
2
1
4
1
1
1
1
4
1
1
2
3
2
1
2
1
2
2
2
1
2
2
4
3
1
2
2
0
1
1
3
3
2
1
2
1
0
1
3
2
4
2
1
1
2
3
3
1
1
0
1
1
2
1
2
1
1
2
2
1
0
1
1
7
6
4
2
2
3
2
2
4
2
2
2
1
1
3
1
2
2
2
2
2
2
0
5
2
3
4
2
2
2
2
1
4
2
99
85
95
89
90
119
115
111
145
95
140
121
89
125
113
12
2
2
1
2
4
4
4
2
3
3
6
13
2
9
1
10
5
5
1
3
2
9
4
4
1
2
0
3
2
6
2
4
3
2
1
3
3
7
2
3
2
2
1
3
5
3
2
2
1
3
1
3
1
3
3
7
3
1
4
2
2
5
4
6
2
2
2
1
5
4
3
1
1
3
2
2
2
1
1
1
1
1
3
2
1
8
7
7
1
3
2
2
1
3
3
1
2
2
2
2
1
1
1
3
1
6
3
2
1
2
3
2
2
1
2
1
2
6
2
2
72
96
92
93
84
112
147
67
95
110
97
123
83
141
90
2
6
2
2
2
2
3
7
2
1
7
6
2
3
5
2
6
1
1
2
2
3
4
0
2
2
3
2
2
2
5
1
1
1
1
3
1
1
3
6
1
1
2
1
4
2
3
3
1
4
2
3
1
3
2
1
1
4
2
1
1
2
5
4
1
2
1
2
2
2
2
3
1
2
2
3
3
5
6
1
1
2
1
1
2
2
9
5
1
3
3
4
0
2
2
3
2
2
2
3
0
1
2
1
3
3
3
4
2
4
2
3
1
2
2
1
1
3
9
3
187
207
282
299
197
189
177
164
239
232
188
205
271
194
174
2
5
2
0
1
3
3
2
4
1
2
2
3
3
6
3
1
11
1
0
1
0
2
2
1
3
2
1
1
1
0
3
0
0
3
0
0
1
2
2
3
0
3
1
2
1
3
1
1
4
3
0
1
1
0
2
1
1
0
1
2
0
2
2
1
1
1
1
2
1
0
1
2
1
1
1
0
1
0
1
0
0
2
0
1
2
4
1
2
4
2
1
1
2
2
2
3
0
1
0
1
0
0
2
1
0
2
1
0
0
6
4
1
1
1
1
2
1
1
187
147
128
200
197
115
122
265
182
158
119
156
119
130
214
1
3
2
5
2
3
2
2
1
2
2
6
2
3
5
4
3
1
1
7
1
2
1
1
1
3
2
1
4
5
3
1
1
2
3
1
1
4
4
4
11
2
3
2
2
2
2
3
3
3
2
2
5
3
1
0
0
1
2
2
2
5
4
2
7
2
1
2
1
1
3
2
1
3
2
2
5
1
1
4
4
2
1
1
5
3
1
3
2
3
1
1
3
2
6
1
5
4
0
3
7
3
1
3
4
2
1
1
1
3
1
3
6
2
0
1
2
4
239
187
157
171
249
149
146
132
220
185
183
176
139
158
163
0
1
1
4
1
7
2
5
2
4
7
8
3
2
3
4
1
2
1
1
2
4
2
2
2
1
1
0
1
2
6
1
1
2
0
1
2
0
3
2
5
3
3
2
2
1
2
1
13
1
2
1
2
2
5
5
4
0
2
1
8
2
0
0
0
2
5
2
1
1
3
2
2
0
1
1
1
2
5
7
4
1
1
2
1
1
7
2
4
1
2
1
4
0
1
1
5
1
1
1
1
1
4
1
1
0
3
1
4
2
2
1
4
2
1
1
1
220
200
194
275
239
234
273
223
270
291
225
235
219
275
227
2
1
1
4
1
2
1
2
3
3
1
1
2
1
2
4
4
3
1
1
2
1
1
1
2
1
0
2
0
1
1
1
2
1
2
1
1
1
2
4
3
3
2
2
1
1
1
2
1
11
5
2
1
1
2
2
1
2
3
2
1
1
2
3
2
2
1
1
2
2
2
1
0
0
1
1
1
2
2
2
0
2
2
3
1
1
1
2
0
1
7
2
2
2
1
2
1
1
2
1
0
2
1
2
1
2
0
3
1
1
1
3
1
0
3
3
258
235
206
251
264
239
231
236
272
232
211
263
200
231
258
2
1
2
1
1
1
2
1
6
8
1
3
4
1
2
3
4
4
1
1
1
3
2
1
2
1
12
1
2
2
2
0
1
3
1
3
2
3
2
4
4
1
2
2
3
3
2
1
3
3
1
1
3
0
3
3
2
2
0
1
3
1
4
2
3
3
2
3
1
2
1
1
1
1
0
2
5
4
1
2
2
2
3
0
3
2
7
0
1
0
4
3
2
2
2
2
2
3
3
2
3
1
3
10
3
3
2
0
4
2
2
3
1
0
4
132
353
230
275
231
118
151
125
123
225
239
212
204
184
280
2
2
2
1
8
3
2
10
1
3
1
4
1
4
2
1
1
0
1
1
4
1
1
1
1
2
2
1
1
5
1
1
4
3
2
2
1
4
4
11
8
3
1
2
2
0
1
1
1
7
1
1
1
1
1
2
1
3
1
2
1
3
1
3
1
3
1
1
2
4
2
2
1
8
2
1
1
1
2
3
10
7
1
1
0
3
0
1
3
2
2
1
2
2
0
1
2
10
1
3
1
2
1
3
2
2
0
1
2
1
2
1
3
9
31
80
78
97
77
31
17
14
18
34
83
84
53
79
118
9
7
10
1
7
16
5
20
7
14
8
2
3
3
13
6
4
1
7
2
2
1
4
1
1
4
3
1
4
6
1
2
3
1
0
1
1
6
1
2
1
2
3
4
1
2
2
1
2
7
6
1
5
1
3
2
4
1
0
1
3
2
1
2
2
2
2
1
1
1
3
2
1
8
3
1
1
0
1
7
3
3
3
7
6
5
2
1
1
6
2
2
3
2
3
3
2
3
3
1
6
1
1
5
6
2
2
2
1
4
1
1
1
136
109
36
91
88
133
10
118
103
64
112
102
9
14
197
6
4
3
6
6
11
9
2
8
4
11
3
6
1
2
11
3
3
4
2
1
1
1
2
8
3
2
2
1
3
4
3
1
1
2
3
2
1
2
2
5
4
2
2
3
4
1
1
6
2
5
6
2
2
2
3
1
2
2
1
1
2
1
1
6
1
2
2
0
1
1
1
9
6
5
3
1
3
9
2
4
4
4
4
2
1
4
2
8
4
5
4
3
4
1
2
5
3
1
2
1
1
2
6
2
4
4
4
5
3
6
2
206
174
150
113
166
166
156
116
152
118
89
156
177
185
137
1
5
3
6
14
4
3
5
4
4
5
4
3
3
3
6
5
2
3
4
1
1
4
3
4
2
3
2
2
1
3
3
5
5
3
1
4
9
1
2
4
2
2
3
3
1
2
4
6
8
3
0
2
1
2
3
4
6
1
1
1
2
4
3
2
1
2
2
2
2
2
2
8
10
3
2
2
4
2
2
2
6
5
1
1
4
2
5
3
6
4
3
3
2
7
1
2
3
5
2
1
1
4
2
1
9
12
2
1
2
3
94
130
163
150
97
112
143
147
138
158
171
108
218
128
138
10
4
10
4
5
12
7
6
2
1
2
3
2
5
1
2
0
2
5
5
2
0
4
6
0
7
2
4
2
2
0
3
0
1
3
3
0
2
4
3
1
1
4
5
2
10
2
3
0
0
3
3
2
1
1
0
1
0
4
3
2
1
1
1
2
2
0
1
1
0
3
1
1
1
5
4
6
6
6
5
3
1
9
3
2
4
5
0
8
3
1
4
2
3
1
1
3
6
3
2
1
2
2
3
1
1
10
4
1
2
134
71
91
16
93
77
95
23
100
91
18
78
17
147
30
8
2
8
10
5
16
14
1
6
9
11
3
1
1
6
2
3
1
11
12
2
3
1
2
3
3
1
2
1
2
1
3
3
4
1
1
1
1
3
4
1
5
1
3
4
2
1
1
1
7
4
8
0
1
3
2
3
4
3
1
2
1
2
7
1
1
1
2
1
5
2
2
6
5
8
13
2
0
3
2
3
6
2
4
3
2
3
3
1
5
5
3
4
4
1
1
4
2
4
4
2
1
1
1
4
7
0
1
1
146
21
123
105
120
20
131
100
148
106
63
41
118
122
84
12
8
9
12
3
3
3
5
3
7
9
1
3
2
4
2
3
4
2
2
5
2
3
4
7
1
1
4
4
1
1
1
7
3
5
1
3
2
4
3
3
3
6
5
2
3
3
2
5
3
5
13
4
1
1
2
5
5
2
1
1
2
2
5
4
1
2
2
5
5
3
9
3
8
13
13
3
2
4
4
4
11
2
1
3
2
2
2
6
3
8
3
2
3
2
3
2
1
1
3
1
5
2
3
1
8
2
4
81
77
80
75
51
115
48
174
107
13
134
85
72
63
134
2
14
20
15
6
5
6
10
24
2
14
6
4
2
2
1
4
1
1
2
1
3
4
2
2
1
1
9
4
1
3
2
5
1
1
3
2
2
4
5
18
2
1
2
4
2
1
4
1
1
2
1
2
1
0
1
1
3
2
2
0
1
2
0
2
0
0
5
5
1
1
2
1
1
4
6
2
2
2
2
4
1
3
11
1
1
3
6
6
2
1
0
2
1
3
3
0
1
3
2
5
2
0
2
3
1
4
106
115
105
125
94
80
80
81
41
99
114
77
98
52
86
24
11
20
13
6
10
4
8
6
9
4
9
2
3
6
11
1
2
6
4
7
16
3
3
2
6
2
16
3
3
7
6
5
6
4
16
2
6
3
15
3
3
1
6
6
10
2
4
5
5
4
8
8
6
1
7
8
4
6
9
3
4
2
2
2
3
2
6
4
4
3
7
3
7
5
9
4
7
3
5
14
10
5
6
4
9
8
14
5
10
2
6
5
12
2
2
1
2
7
29
6
9
3
3
8
7
113
98
87
119
83
140
148
115
126
131
115
97
105
103
97
8
18
14
7
8
5
13
4
5
6
7
12
3
4
3
5
1
8
4
4
2
3
1
1
2
7
3
5
2
4
12
1
2
5
6
7
12
9
7
4
2
2
2
8
5
2
3
6
9
6
4
4
3
7
2
2
1
5
3
4
3
1
1
3
0
9
8
4
4
4
3
3
7
11
9
4
3
3
5
4
5
8
2
4
9
7
4
9
3
5
3
2
5
3
1
3
6
13
6
14
6
2
1
3
3
150
139
164
47
85
184
199
76
81
252
83
85
82
94
53
12
5
1
5
5
7
6
4
2
6
1
2
5
6
1
3
2
2
4
6
11
0
1
2
8
3
0
1
3
2
2
1
1
4
1
5
10
5
3
3
7
5
0
0
2
3
3
1
0
2
1
1
2
1
5
1
1
2
2
3
1
1
1
2
6
4
1
1
9
4
10
7
5
2
4
1
6
4
2
2
7
1
2
10
5
3
4
2
3
3
3
5
1
3
0
3
5
2
3
1
10
3
2
2
76
80
93
67
75
82
138
89
122
90
79
84
145
95
93
27
5
5
11
8
1
6
7
4
2
3
4
9
2
4
3
3
1
6
4
3
1
5
2
5
3
2
7
3
4
3
6
2
6
5
3
12
10
7
5
8
1
1
4
8
13
2
1
1
4
1
5
3
2
1
6
6
3
1
1
3
2
2
5
4
1
8
3
6
10
11
1
7
5
3
3
6
5
5
15
3
4
16
10
10
3
8
3
3
2
8
6
2
4
2
2
4
9
3
20
4
1
4
25
95
99
52
84
60
53
96
77
152
96
149
83
137
80
3
10
8
4
6
14
3
6
2
1
3
5
4
3
7
3
4
9
7
3
2
2
3
4
2
2
18
2
1
2
4
5
1
2
2
4
4
5
5
8
2
1
6
9
2
1
3
2
2
2
5
1
1
1
1
2
1
1
1
1
2
3
6
3
0
2
3
6
4
4
5
6
8
11
7
5
11
3
9
3
9
10
8
5
16
4
2
1
1
9
5
1
3
1
1
4
8
4
6
1
2
5
167
68
225
239
170
78
175
181
203
54
59
91
240
188
181
3
2
2
4
3
4
1
2
3
0
0
0
3
1
5
2
1
1
1
1
1
3
4
1
1
1
1
1
1
2
3
8
1
0
3
1
1
2
2
3
2
1
2
1
1
5
3
1
1
0
0
2
1
2
1
2
2
0
0
1
0
12
10
6
2
1
2
21
4
3
3
2
3
3
4
1
0
5
2
2
2
3
2
4
2
9
1
1
4
0
0
1
3
2
3
1
3
1
0
1
1
44
23
77
91
73
92
95
76
76
102
85
82
110
129
105
7
6
4
6
2
4
4
6
1
1
2
1
7
6
6
3
1
2
3
3
6
1
2
4
4
1
3
2
6
7
4
5
2
4
3
2
6
2
2
2
1
3
1
4
1
2
2
1
3
4
2
1
6
2
6
3
2
2
3
3
4
7
2
5
3
0
4
4
2
1
1
5
3
3
1
4
2
4
2
6
4
3
3
2
2
7
2
10
2
5
3
7
1
1
4
4
3
4
2
2
58
37
24
42
51
34
19
26
27
161
62
107
75
149
99
10
3
3
6
3
2
2
1
3
1
0
1
3
3
2
5
1
0
1
4
1
2
0
1
2
3
4
4
0
1
5
2
5
1
2
2
3
8
1
1
1
1
3
2
1
1
2
1
5
1
2
2
1
1
2
1
1
2
0
1
3
1
1
3
4
4
2
3
7
8
3
1
8
2
1
10
4
5
3
1
6
4
2
1
2
1
2
4
1
2
4
3
5
4
4
0
3
3
3
172
206
195
186
90
194
168
203
103
315
288
148
270
124
110
4
7
2
1
1
1
2
18
3
1
5
1
2
2
3
1
1
1
1
1
0
2
0
1
2
2
1
1
0
2
7
1
4
2
3
4
5
3
5
1
1
0
3
1
0
1
3
1
3
3
0
1
4
2
0
1
3
1
1
1
1
1
10
3
8
4
3
4
2
3
1
1
3
2
2
1
1
1
3
1
1
2
0
0
4
2
4
1
2
2
2
1
2
0
1
2
4
2
103
143
48
4
54
47
120
56
92
4
16
4
6
167
5
1
1
7
3
2
2
2
1
1
2
1
1
4
2
2
2
1
4
1
2
8
5
1
1
1
3
4
3
3
4
3
2
2
1
1
3
1
4
3
3
1
3
0
2
1
1
1
1
1
0
1
1
1
1
1
3
1
2
2
1
2
1
3
8
2
4
2
2
3
1
2
3
1
2
5
1
3
2
1
4
6
1
1
4
2
2
3
1
4
2
3
1
5
1
3
1
4
104
175
87
79
103
74
105
78
75
74
75
101
43
88
41
6
2
1
0
2
1
1
5
2
1
1
3
2
2
1
1
2
1
2
1
1
4
4
4
3
2
0
4
8
2
2
1
1
3
2
3
3
0
0
0
1
1
3
2
1
2
1
4
2
2
1
3
2
2
1
0
14
2
1
4
1
1
2
3
2
8
4
2
2
2
5
4
5
1
0
3
6
4
6
4
2
2
1
2
2
1
1
1
2
6
7
2
1
2
2
6
379
325
341
357
398
349
2
2
2
1
0
0
6
5
1
1
2
1
0
0
0
0
0
1
1
0
2
0
1
1
2
3
2
1
2
1
1
6
2
3
3
2
1
2
0
6
1
2
3
1
0
1
0
1
1
3
3
0
0
0
0
2
4
3
2
0
0
1
4
2
3
3
11
1
3
4
2
5
2
2
3
2
2
1
2
2
4
1
2
0
0
2
1
3
2
0
2
1
2
2
1
195
154
235
198
175
146
2
12
1
5
1
1
5
1
2
2
2
0
1
2
3
1
1
4
1
3
2
2
4
3
3
5
2
1
0
3
6
5
2
1
1
3
1
0
4
1
1
3
1
1
5
3
3
1
1
2
1
1
4
1
6
4
1
3
3
5
1
4
3
3
2
7
0
3
1
5
3
5
2
2
1
1
4
5
2
1
1
8
1
2
0
3
3
3
1
3
2
2
1
1
234
223
220
177
239
189
1
1
1
1
1
1
2
1
2
0
1
0
1
6
1
1
6
1
3
0
1
1
2
2
2
1
2
1
2
2
2
6
5
1
1
3
1
2
2
1
1
3
1
1
1
5
2
2
4
1
0
2
1
5
2
3
4
6
1
2
5
1
3
6
10
0
2
1
0
1
2
3
4
1
1
1
1
1
9
2
3
0
3
1
2
1
2
3
4
1
2
1
1
299
213
268
206
238
235
0
1
1
3
2
2
2
2
1
1
1
1
5
4
2
0
1
14
1
2
1
2
6
3
1
1
6
1
1
1
0
4
1
10
1
1
2
1
2
2
1
0
1
1
7
2
1
4
0
0
0
2
2
1
2
1
2
3
1
4
1
4
1
7
1
0
1
1
4
5
2
3
2
0
2
1
1
2
1
3
0
2
1
4
5
3
2
8
0
1
2
1
298
318
321
361
352
387
4
1
4
1
1
0
2
2
0
0
1
1
1
0
0
3
4
0
2
1
1
1
2
4
6
3
3
1
0
1
1
7
1
1
1
0
0
0
1
2
2
0
1
0
0
1
1
2
2
0
1
0
3
1
1
5
3
4
1
1
1
1
1
7
2
5
1
2
1
1
1
2
7
3
2
1
1
0
2
1
1
1
1
3
1
1
2
3
8
0
2
282
322
328
232
305
275
4
1
1
1
1
2
3
1
1
2
1
2
1
0
3
1
1
2
1
1
3
3
1
1
7
5
4
3
2
1
6
2
1
1
1
1
1
0
3
1
0
1
1
2
1
1
1
1
1
0
1
1
1
1
5
8
5
5
5
1
2
1
3
3
2
1
2
2
2
1
1
1
3
2
1
2
2
2
4
2
1
2
2
1
1
2
4
2
3
2
208
264
227
234
282
263
1
1
2
2
2
7
3
10
3
1
1
1
1
2
2
2
0
2
1
1
0
2
2
11
3
0
1
0
3
6
1
2
2
0
2
1
1
1
1
1
2
2
2
0
1
4
1
0
1
1
2
1
10
1
2
4
4
1
1
1
1
0
1
4
4
1
2
1
1
1
2
2
2
0
0
0
3
6
1
1
3
0
1
1
1
1
15
6
1
213
253
209
256
333
267
0
0
1
1
1
1
1
4
3
2
1
1
3
4
6
4
1
1
3
6
2
9
1
5
0
1
3
1
0
1
1
3
2
2
3
3
1
3
2
4
1
0
1
1
1
6
2
1
2
7
2
2
0
1
2
3
1
1
4
1
1
2
4
1
2
9
3
3
1
1
1
5
1
2
2
3
0
1
1
3
1
2
7
4
0
1
5
9
139
126
127
154
193
132
3
1
2
2
3
0
1
3
1
1
4
3
7
1
3
2
7
3
1
2
2
3
4
4
2
3
1
0
2
0
5
6
2
0
2
2
1
1
2
2
1
3
0
1
1
1
0
6
1
0
3
1
3
2
2
4
6
2
5
0
1
2
1
3
2
2
1
0
3
4
4
3
1
3
4
1
2
0
2
11
6
2
3
0
1
1
4
157
159
112
145
84
116
12
6
1
3
3
3
2
7
1
5
2
4
2
1
1
8
1
1
0
1
1
1
1
2
3
5
1
1
4
2
2
2
11
4
0
1
2
3
1
10
7
3
1
1
1
1
1
10
10
6
1
2
3
2
2
8
5
5
0
1
4
3
2
12
7
19
1
7
4
2
4
5
3
5
1
1
3
4
5
8
7
6
1
0
3
1
140
57
93
117
114
104
11
1
4
5
3
1
1
7
2
1
2
3
5
1
2
1
2
0
2
1
1
2
1
1
0
0
3
1
2
2
3
4
7
1
2
1
8
1
3
10
10
1
0
1
3
1
4
2
2
0
2
3
3
3
4
2
2
1
1
3
1
4
2
9
1
0
2
1
2
2
2
5
2
1
2
4
6
2
9
8
7
0
2
1
5
120
152
102
111
120
131
3
9
2
5
2
3
6
4
3
3
3
23
1
4
3
9
3
4
3
4
3
5
4
1
1
5
3
2
2
6
8
6
1
3
2
6
3
13
4
14
2
3
5
2
2
4
5
1
1
7
3
4
1
9
8
8
1
2
6
3
4
5
5
1
1
15
6
1
8
4
5
18
3
4
3
2
4
6
9
7
2
2
2
3
85
85
99
177
114
115
1
2
1
1
1
1
0
3
1
1
1
2
1
2
1
1
4
5
2
0
2
3
1
4
4
2
3
1
1
1
0
5
1
2
0
0
2
1
1
4
1
2
1
1
2
2
2
1
2
2
4
0
2
2
4
3
1
2
2
1
0
3
2
3
3
2
3
1
1
1
1
2
2
1
3
2
1
1
0
12
5
1
1
143
127
112
196
132
177
8
13
0
1
7
1
6
3
6
6
1
5
0
1
1
4
1
2
1
1
2
1
1
3
3
4
0
1
1
3
4
3
0
1
0
3
2
0
2
3
3
18
1
3
0
1
2
5
1
3
1
5
1
1
0
6
16
4
1
10
2
1
3
11
3
8
0
2
1
6
3
3
0
1
3
8
6
1
2
3
0
4
124
160
189
123
145
191
12
1
1
5
2
5
4
2
19
1
1
0
2
1
1
2
1
1
1
0
2
1
2
4
1
0
2
2
2
1
1
1
8
1
1
7
1
5
5
19
2
1
0
1
0
1
7
3
6
0
2
3
2
1
0
6
5
0
2
1
4
1
5
2
7
0
3
3
3
11
14
1
3
0
4
0
1
3
4
4
2
119
137
91
98
92
126
2
4
2
2
2
3
2
3
1
2
1
2
2
3
1
2
1
0
0
1
1
4
2
4
0
2
1
1
1
4
1
3
1
3
2
2
2
2
2
5
2
2
1
3
1
3
1
3
1
1
1
2
0
3
3
11
1
2
1
4
0
2
4
2
1
2
1
4
2
2
5
7
1
1
4
1
3
4
2
1
104
109
59
183
137
196
3
2
3
1
3
1
1
1
10
8
3
0
1
1
0
0
0
1
1
0
1
5
1
2
2
3
2
1
0
2
2
2
2
3
2
0
0
2
1
1
2
3
3
0
2
4
1
0
8
4
2
0
2
3
2
1
4
3
7
5
5
3
2
5
4
4
2
0
4
2
1
4
3
2
3
2
2
3
1
201
152
196
186
230
216
4
5
0
12
6
2
0
11
2
8
0
2
5
1
1
1
4
1
0
1
1
2
1
2
9
3
1
2
2
1
1
2
2
2
1
0
2
5
2
1
5
3
1
1
2
3
1
2
3
5
0
7
2
1
5
16
6
3
0
1
4
2
2
5
4
7
0
1
2
2
2
18
17
8
7
1
2
2
140
165
138
128
172
135
8
4
1
2
10
2
9
4
2
0
1
1
1
0
3
1
4
1
1
1
3
1
2
7
12
0
2
1
20
3
14
8
3
1
1
3
3
0
5
5
6
0
5
3
3
0
3
4
4
0
1
2
1
1
7
2
1
1
1
2
1
10
3
3
4
1
3
3
2
7
10
23
3
1
1
1
2
80
129
138
87
96
127
2
1
3
3
3
3
0
3
1
4
1
2
1
1
0
4
1
2
1
11
2
2
2
4
1
2
0
1
1
1
4
10
1
1
1
2
1
6
3
1
1
2
3
2
1
2
4
7
0
2
1
1
3
3
2
2
0
0
1
1
1
4
3
6
1
2
0
5
2
3
6
5
0
2
1
1
130
104
162
101
115
106
16
7
2
0
8
1
2
1
26
1
6
1
1
1
2
1
1
2
1
3
1
1
0
2
5
1
2
3
2
1
1
2
2
1
1
3
3
0
3
1
1
3
1
1
1
0
1
1
3
5
4
3
2
3
1
4
6
4
3
1
1
2
2
1
1
1
3
4
1
1
1
1
1
5
3
159
129
134
144
147
173
8
3
3
4
1
2
2
8
3
2
0
2
4
1
3
1
3
2
1
2
9
2
2
3
9
2
1
2
1
3
5
4
1
3
2
4
3
3
4
3
3
9
1
2
1
8
0
4
9
4
2
8
0
3
9
15
7
6
1
2
2
2
1
1
1
1
3
2
3
3
6
3
2
15
112
131
111
134
155
143
13
1
1
3
3
2
4
2
9
0
2
1
4
2
2
3
2
1
1
2
5
1
1
4
10
1
5
3
3
2
4
3
5
1
1
2
3
0
1
7
4
0
1
3
1
1
2
6
6
3
1
5
6
1
5
5
6
2
1
2
7
0
4
2
4
1
7
7
5
2
5
6
10
126
113
124
108
123
119
2
2
2
3
2
2
1
2
3
3
1
1
1
2
3
0
1
1
2
7
2
2
2
9
0
2
2
2
2
3
8
4
2
3
3
1
1
4
3
2
0
1
1
1
1
2
5
4
4
1
6
6
3
5
3
6
3
2
1
2
5
5
1
2
2
3
9
2
1
4
3
11
199
250
177
235
164
184
2
2
2
1
1
0
1
1
1
1
2
1
2
1
1
1
0
1
3
6
1
1
1
1
2
3
1
0
2
1
0
3
6
3
0
1
3
1
2
1
1
2
2
0
0
1
2
0
6
2
1
0
1
1
2
1
0
3
2
0
0
1
0
1
0
2
2
3
1
0
3
161
164
202
142
189
181
7
15
2
2
1
3
1
4
2
7
2
2
0
7
5
3
3
4
1
2
3
2
2
2
1
4
4
1
1
1
5
3
4
2
2
4
2
2
3
3
3
8
1
1
5
2
6
4
2
2
1
3
1
4
5
4
3
4
2
3
0
2
9
4
8
15
4
2
0
2
252
281
260
244
309
273
2
1
1
1
1
0
1
1
4
2
2
1
2
4
1
2
1
0
2
1
2
1
2
1
2
1
1
3
1
6
2
2
3
0
1
4
2
2
4
4
4
1
1
1
1
4
5
1
2
1
1
0
2
2
1
3
3
0
1
1
1
3
6
3
14
1
1
1
1
217
282
275
213
266
273
1
5
1
2
2
4
4
1
1
3
1
1
3
2
4
1
2
2
4
1
3
2
1
1
0
2
1
1
4
5
3
2
1
1
5
1
1
4
1
2
1
1
4
1
8
8
1
4
6
3
2
2
0
4
2
2
1
1
1
1
1
1
8
4
2
1
2
1
255
242
258
201
315
201
1
3
2
1
2
2
1
3
2
4
4
2
0
1
1
5
3
0
1
3
1
1
1
1
2
0
0
2
3
2
2
2
3
2
4
0
2
2
3
0
1
0
5
1
1
2
1
1
2
3
2
0
2
1
5
1
1
2
6
0
0
2
2
5
3
0
3
271
147
253
146
214
135
3
4
9
1
3
3
2
1
4
2
2
0
1
2
2
6
1
5
1
1
2
3
1
1
1
2
1
2
1
3
1
1
6
4
1
2
5
4
2
4
25
1
3
1
6
2
4
1
14
9
1
1
5
4
2
1
3
3
1
2
15
3
1
6
5
8
188
171
142
141
200
143
3
1
2
1
1
2
2
1
1
1
2
2
1
3
1
3
1
1
1
1
1
2
2
1
0
3
2
1
1
1
4
4
8
3
2
1
3
1
2
5
1
3
3
1
3
1
1
6
1
1
2
1
1
4
1
3
1
2
1
1
1
8
3
4
2
98
138
237
164
87
124
1
1
1
2
2
3
1
4
0
1
2
1
2
3
1
2
0
1
0
2
2
2
2
2
2
1
1
2
2
2
2
6
1
2
2
1
2
1
3
3
2
1
1
2
1
7
7
4
1
3
1
3
1
1
1
1
1
2
2
6
2
5
3
2
103
178
263
175
121
197
1
2
4
1
2
1
5
1
1
0
2
1
1
1
0
2
0
0
1
0
1
1
0
6
3
2
1
2
0
4
3
6
4
3
4
0
5
2
1
1
2
1
0
1
2
1
2
1
1
1
4
1
1
0
0
2
1
2
1
3
0
1
1
150
181
139
165
142
131
2
3
1
2
4
2
1
1
1
1
1
2
2
3
0
1
1
2
0
1
1
1
1
4
1
3
4
2
5
3
1
3
2
2
1
4
3
2
1
3
2
2
1
3
1
2
1
0
3
5
1
1
2
1
1
1
1
1
1
1
2
2
194
145
184
141
242
139
2
1
4
4
5
2
1
1
0
1
3
3
5
1
3
6
0
1
1
1
1
3
1
5
5
0
4
3
4
1
1
1
0
2
1
3
1
3
1
3
3
1
3
1
1
3
5
2
1
2
2
1
1
2
1
2
10
0
1
2
1
114
152
131
156
176
161
0
0
6
0
6
0
1
1
0
1
2
4
2
2
3
2
0
1
1
1
2
2
7
6
3
0
2
1
0
3
6
9
1
0
2
1
1
2
1
2
2
0
1
2
6
2
1
3
2
0
1
0
2
0
2
3
1
0
3
2
240
241
206
368
175
182
2
2
3
1
2
1
1
4
2
1
1
1
2
0
1
1
0
1
2
1
1
0
0
13
1
3
2
1
1
2
0
2
2
2
3
1
2
1
1
1
3
2
1
0
1
2
2
5
2
2
1
2
2
2
0
1
1
1
1
118
164
119
205
183
197
3
1
1
2
2
1
1
2
3
1
0
3
2
1
1
1
2
1
2
1
2
2
0
8
6
4
2
3
4
3
1
1
3
3
5
1
2
2
1
2
3
1
1
3
4
3
3
3
1
1
2
1
3
2
2
1
2
2
183
199
158
185
164
145
3
2
3
2
2
1
3
2
2
1
1
2
1
2
1
1
0
2
4
3
2
0
5
4
16
3
3
3
1
0
2
5
4
1
1
2
2
1
4
1
2
1
1
2
4
0
1
2
1
3
7
2
3
1
1
4
1
137
116
107
195
161
147
2
6
4
4
0
7
1
2
1
9
6
4
3
1
1
3
6
5
8
2
0
11
2
3
0
3
1
3
0
1
2
4
1
5
1
3
2
1
2
4
2
11
3
1
1
6
10
7
0
1
6
3
3
5
1
2
263
263
286
225
247
313
1
1
0
4
1
1
1
1
2
3
4
1
0
1
1
2
5
2
2
0
0
3
3
1
3
2
3
0
1
1
5
4
2
2
2
0
1
1
5
3
1
2
7
1
1
1
3
1
3
7
2
0
1
1
1
243
218
184
300
191
160
5
8
1
1
1
1
1
3
2
2
0
1
1
2
1
2
4
3
1
3
1
2
0
2
3
5
0
5
1
5
2
3
2
2
1
2
1
3
5
2
2
2
1
1
2
5
0
2
4
2
0
1
0
1
266
309
323
251
261
305
6
1
3
4
3
1
2
4
6
0
0
2
1
1
1
2
3
1
1
3
2
0
2
5
6
2
1
2
3
4
3
10
7
1
1
1
2
1
0
2
6
1
1
2
6
1
7
12
4
1
0
3
1
263
233
210
268
204
184
2
1
4
5
1
9
11
3
2
2
3
5
5
2
2
2
1
1
2
4
0
2
3
2
0
0
3
0
3
9
7
3
1
1
4
2
4
2
3
8
2
1
4
7
1
4
8
2
1
1
5
0
262
388
324
267
276
326
1
1
0
1
2
1
1
2
1
0
2
2
3
0
0
2
4
6
6
0
2
2
5
8
1
2
2
2
1
1
2
2
4
1
6
0
1
2
4
5
2
1
0
3
1
1
1
11
9
2
2
224
181
171
236
154
151
1
4
2
3
2
3
2
1
4
5
2
3
1
2
1
3
5
5
1
2
3
1
1
6
9
3
2
3
3
3
0
7
4
4
0
1
4
3
3
2
2
3
1
1
1
1
1
4
5
5
246
206
324
216
263
221
13
0
2
2
2
0
2
6
1
1
1
3
2
1
2
2
2
0
4
2
4
0
0
3
1
1
2
2
1
1
1
1
4
1
2
2
2
0
1
1
2
0
3
1
2
0
1
0
6
262
192
318
214
290
189
1
5
4
2
2
11
9
9
7
1
3
1
1
1
2
2
1
2
1
2
0
0
1
1
7
3
1
3
2
1
2
4
1
2
1
4
1
1
2
8
1
2
2
1
0
1
2
5
114
128
92
182
109
108
11
1
4
1
1
1
2
3
2
0
2
1
1
2
0
1
1
3
5
0
1
0
4
1
2
2
1
2
2
0
2
10
1
2
3
0
1
0
2
3
2
2
2
0
0
1
2
127
121
96
132
103
102
18
8
1
2
5
5
2
4
1
2
1
1
2
2
1
1
1
1
1
0
2
1
3
6
2
1
3
2
4
2
1
8
3
6
4
1
5
3
3
3
5
2
0
2
1
2
153
80
95
80
101
88
14
1
2
16
11
1
2
5
2
3
3
2
3
1
5
1
3
0
4
1
1
1
7
2
1
1
1
1
2
3
7
10
8
1
4
2
5
1
3
5
5
1
2
1
2
104
105
121
129
129
145
2
5
2
8
3
1
6
4
1
1
2
4
1
2
1
3
1
1
1
1
3
2
2
7
1
0
2
2
3
4
8
5
1
2
8
9
1
1
7
6
1
1
1
2
79
95
132
136
109
140
8
2
1
1
0
1
1
0
3
3
2
0
1
1
2
0
0
2
2
1
1
1
1
1
1
4
3
0
1
1
1
1
3
1
0
0
0
1
1
1
2
2
2
176
87
206
89
174
110
9
7
1
2
1
4
1
2
2
5
1
1
3
1
0
0
2
1
1
2
1
4
1
1
3
6
0
1
1
1
2
2
2
2
0
3
1
1
0
1
1
4
135
137
98
122
110
98
12
1
1
1
2
1
1
1
2
1
1
1
2
0
2
1
1
2
3
0
2
1
2
2
1
5
1
3
2
1
2
9
6
1
2
2
2
3
3
2
1
131
133
113
135
115
117
2
3
5
10
0
1
3
5
0
1
3
1
0
1
3
3
2
0
1
2
1
1
3
4
6
3
4
6
1
3
3
5
0
0
1
1
1
1
1
2
102
122
134
113
161
95
8
3
5
5
4
2
3
3
4
2
4
2
2
2
1
2
4
2
1
6
6
2
3
3
1
1
5
1
3
1
1
3
3
1
5
1
3
1
1
162
193
157
161
113
128
8
7
7
3
3
8
2
3
5
7
0
2
1
6
3
2
1
2
1
2
3
3
2
6
2
3
2
3
5
1
7
3
6
16
1
3
1
5
160
145
186
125
157
168
14
1
2
3
4
3
3
3
4
2
1
1
2
2
2
1
4
1
2
2
2
4
13
13
4
1
2
1
10
1
1
4
4
0
0
2
1
188
191
143
198
145
130
1
3
5
3
1
5
6
2
0
1
4
3
2
3
16
4
1
2
1
4
5
12
7
5
3
1
2
1
1
4
3
5
0
2
2
3
37
95
102
26
94
145
2
2
7
1
1
1
1
2
0
1
3
3
4
1
1
1
10
2
1
1
0
2
1
6
0
0
1
4
0
0
1
1
1
2
2
142
215
149
132
181
128
6
9
1
4
0
2
0
2
2
3
4
4
3
4
0
2
1
4
3
2
0
4
9
3
3
1
2
1
1
2
3
5
3
5
110
188
197
97
116
218
5
1
2
3
3
1
10
6
3
2
2
4
4
2
4
6
7
3
2
4
6
9
4
2
1
2
2
3
13
3
2
3
10
111
163
123
109
108
108
2
8
3
5
2
4
3
4
3
3
2
2
2
12
8
2
2
9
3
6
8
7
2
7
1
8
3
1
1
8
5
3
226
130
164
154
195
215
8
1
3
2
1
1
1
1
0
1
2
0
2
5
1
2
2
2
3
1
5
1
2
4
1
1
0
1
2
2
1
86
82
100
126
158
128
8
9
0
1
2
4
3
6
1
9
2
5
5
4
2
4
8
3
1
4
2
0
8
4
8
5
2
1
1
1
121
137
133
123
146
137
4
0
1
3
4
1
4
2
6
1
3
3
3
1
4
5
7
1
3
2
0
2
3
8
2
6
2
2
1
119
94
104
81
99
108
1
1
3
6
1
7
2
11
3
8
3
2
11
6
2
8
2
4
2
3
19
5
3
3
1
4
4
3
151
201
156
139
172
156
0
4
1
2
1
1
0
2
1
0
1
1
0
0
1
1
1
1
0
0
1
0
0
2
1
3
1
127
183
207
131
141
203
3
7
1
4
3
2
8
5
14
4
0
2
1
5
2
1
1
0
1
1
1
1
0
5
3
2
120
140
134
168
171
203
5
2
3
2
1
4
11
13
5
0
1
3
1
3
1
1
4
1
2
10
2
6
4
4
11
113
143
95
113
97
93
5
4
1
0
1
2
3
3
1
7
1
4
1
3
1
4
2
1
3
2
4
9
4
2
29
22
63
26
14
78
3
6
2
2
2
2
2
2
3
2
1
1
1
2
0
4
3
5
2
1
1
5
2
157
114
135
114
134
104
8
3
1
2
11
5
1
3
2
4
1
3
3
1
2
17
19
4
1
2
3
5
43
102
87
34
54
106
8
4
2
6
1
2
3
2
3
1
1
0
2
1
5
20
3
2
1
0
2
74
57
7
89
45
51
3
1
1
1
5
3
5
5
3
2
2
3
2
2
18
7
0
2
1
2
122
142
123
100
111
134
4
7
2
1
1
1
2
1
2
1
2
2
2
1
2
1
1
1
2
92
91
99
137
126
150
14
6
2
1
0
4
1
0
0
1
3
8
5
3
11
6
4
7
87
133
130
93
117
134
4
1
1
1
4
2
5
2
3
4
10
8
0
1
1
3
3
82
122
102
83
61
74
0
5
1
3
2
3
5
3
2
2
1
4
1
3
2
12
101
141
106
103
104
93
4
2
9
1
7
0
3
2
3
10
10
1
1
0
1
85
109
92
104
98
106
6
25
2
2
2
4
1
3
9
7
1
2
3
1
122
80
53
89
76
119
21
1
1
3
4
2
1
4
6
0
2
1
0
93
83
79
49
102
39
1
5
8
15
1
2
4
2
1
7
5
3
134
176
98
121
97
94
0
2
3
1
1
1
2
2
4
3
3
95
103
102
77
74
182
5
6
0
1
1
2
2
3
4
3
90
148
154
106
102
128
13
0
1
2
0
1
1
2
1
105
109
83
88
37
83
1
3
2
3
1
4
2
2
212
189
199
303
307
326
10
3
4
1
1
1
2
136
227
242
153
148
285
10
9
1
1
5
3
240
234
281
253
297
273
13
2
2
1
5
276
157
269
165
242
169
4
1
2
2
176
305
177
186
306
187
2
0
3
84
79
158
258
81
80
10
3
103
102
116
186
197
215
4
292
351
274
334
291
282
