152
43
74
74
116
46
75
77
144
136
213
103
168
177
141
5
9
2
4
2
7
4
8
1
1
2
1
4
8
3
2
5
6
17
15
5
0
7
10
10
10
2
1
3
2
0
10
6
2
1
0
1
3
3
1
9
4
9
6
3
8
17
10
8
6
16
4
7
2
10
4
5
1
7
5
2
9
1
2
1
2
2
2
0
3
3
2
2
4
1
1
1
3
2
4
0
0
11
4
7
11
1
2
4
1
7
9
7
2
3
2
1
2
3
3
2
1
1
3
1
1
4
1
2
4
0
0
3
1
6
6
1
3
8
0
1
1
2
6
2
4
6
4
3
2
7
2
4
7
2
2
2
1
3
5
2
1
2
2
2
7
12
5
6
1
3
7
3
1
163
81
96
98
100
95
89
87
117
40
65
113
75
92
91
12
13
4
6
16
23
8
4
11
5
16
8
7
3
5
12
13
21
11
10
9
13
21
22
8
4
6
6
12
26
4
5
8
7
6
9
2
4
6
8
19
16
4
6
6
21
0
25
5
13
8
10
16
15
9
9
2
5
9
11
2
3
7
6
8
11
2
11
11
4
8
2
3
11
6
4
16
6
4
6
3
7
27
8
10
8
5
5
10
4
5
6
7
3
5
10
7
13
4
3
6
11
3
6
5
8
5
6
7
4
3
4
3
14
11
13
6
2
7
10
6
7
7
5
10
7
2
8
7
14
10
9
11
8
7
3
7
5
7
8
10
2
5
8
5
9
4
3
13
10
2
3
7
37
74
78
70
76
86
105
98
80
86
80
69
88
91
97
10
13
14
13
21
7
5
8
8
4
5
6
4
7
9
21
0
11
11
12
13
14
15
10
5
6
16
18
11
3
12
7
6
6
8
5
5
1
15
15
22
6
8
5
16
0
24
4
29
6
13
11
23
10
4
11
5
9
4
2
4
7
4
9
7
13
3
7
9
3
8
7
5
4
2
5
3
6
3
3
12
15
6
16
4
6
14
9
6
4
3
7
4
6
8
2
12
4
4
2
4
4
5
8
6
3
6
3
2
3
6
2
18
5
6
24
8
6
13
4
5
9
7
3
1
12
11
11
6
4
6
6
4
13
11
8
7
3
6
11
7
5
4
9
8
7
5
8
8
5
4
7
10
144
178
149
16
11
15
10
139
126
141
72
145
42
64
14
6
7
10
9
9
9
5
2
1
2
9
3
3
5
14
5
3
0
18
6
4
1
3
4
4
7
7
4
3
3
4
2
5
1
2
5
8
8
15
7
9
5
12
0
10
3
8
3
1
5
6
10
2
4
2
4
3
1
2
6
1
1
6
2
0
3
2
1
3
3
0
2
2
3
2
3
1
1
3
4
2
3
1
5
13
2
4
3
2
1
2
4
1
4
1
2
3
2
4
2
1
3
1
3
2
1
1
2
3
5
4
4
1
1
5
2
6
7
4
4
1
6
8
2
2
4
4
2
1
3
2
6
3
8
3
2
4
8
4
1
1
5
1
3
7
3
4
3
1
4
63
82
70
19
35
87
84
65
78
81
32
79
23
49
80
23
10
15
14
5
11
14
4
3
7
2
4
10
7
10
25
13
19
6
8
8
8
5
16
4
9
18
11
7
7
4
3
4
4
3
3
8
7
6
18
9
11
12
0
9
14
12
10
6
5
9
5
4
7
5
11
1
2
7
13
4
6
4
9
3
7
3
5
5
4
1
2
3
0
4
7
7
2
6
4
2
8
10
7
5
9
2
8
3
1
9
2
9
2
4
2
4
2
10
8
1
2
2
7
4
5
2
7
3
2
7
7
2
11
4
8
5
2
1
3
3
6
2
9
5
6
18
4
3
13
3
9
8
7
8
7
3
2
4
4
2
5
3
2
4
2
7
8
6
3
29
57
18
18
21
23
35
14
56
8
17
18
15
14
13
19
13
10
6
17
18
4
11
9
8
5
17
23
0
17
9
12
20
18
5
7
3
11
9
10
0
6
12
6
4
3
1
3
11
4
13
7
13
26
14
12
18
22
14
23
23
23
8
14
10
14
16
16
3
19
2
2
9
9
3
3
2
3
4
11
16
8
2
6
4
4
1
6
3
7
2
3
4
8
4
12
2
3
13
3
4
11
2
5
7
10
6
1
4
4
7
5
5
2
2
2
3
6
8
10
2
1
3
4
7
8
2
4
9
17
8
13
5
8
4
14
7
7
7
4
10
7
2
5
9
5
11
10
6
4
2
7
3
7
1
5
4
7
5
5
8
4
6
4
61
86
272
66
204
111
47
135
46
85
108
78
75
220
59
13
14
3
22
11
4
4
9
2
3
5
9
27
13
9
0
11
9
12
9
5
5
7
11
17
20
11
7
7
3
6
3
2
4
27
4
6
6
13
8
17
0
10
3
16
18
13
9
9
3
3
10
8
6
8
4
3
5
2
3
7
2
7
12
4
2
3
2
7
6
4
4
2
4
4
6
7
11
4
9
4
8
10
3
5
12
3
6
5
3
6
3
10
6
3
1
1
4
6
4
6
3
5
4
1
4
2
4
9
5
6
6
2
2
8
9
10
5
8
4
2
7
4
8
15
3
3
7
4
12
5
4
5
2
5
12
3
3
3
5
6
16
4
1
7
10
6
9
92
64
89
69
89
88
111
77
83
79
88
43
77
82
54
7
5
15
14
8
3
12
7
10
9
7
0
15
11
0
14
11
5
17
3
8
5
17
19
4
12
5
4
8
3
5
7
3
15
5
10
10
13
11
10
0
11
21
15
15
11
10
18
9
5
3
6
9
3
8
3
3
4
6
5
12
4
16
8
8
3
3
6
5
4
7
1
6
5
5
8
9
8
14
5
4
5
4
12
8
2
7
2
13
10
4
11
5
5
2
6
4
7
7
3
4
2
2
1
2
11
3
12
10
9
11
3
6
4
12
6
6
4
5
4
5
8
7
9
6
4
6
7
15
15
9
5
7
9
10
4
3
1
11
6
6
8
7
5
9
9
9
75
76
106
93
87
75
72
108
90
64
76
81
101
97
120
8
10
5
4
4
3
16
7
7
10
24
9
10
0
20
14
15
6
5
11
10
13
20
3
16
17
6
12
6
1
6
5
12
4
21
4
4
11
11
16
21
8
8
8
4
16
19
5
3
13
8
17
6
2
6
8
5
5
4
2
2
14
1
4
14
3
9
13
2
2
5
3
9
9
12
7
7
7
3
19
3
3
6
2
8
11
5
6
3
6
7
5
3
3
5
4
10
8
3
2
4
9
4
4
6
5
10
6
4
7
3
4
10
5
5
15
4
11
6
3
8
10
7
3
13
3
8
7
4
6
6
4
7
11
5
2
2
2
7
8
3
4
7
1
8
15
211
264
299
232
350
195
197
157
215
242
244
256
206
279
217
3
6
2
3
1
2
2
6
4
7
9
19
5
8
10
4
3
3
4
2
3
19
3
6
6
1
2
3
1
2
0
6
4
2
5
9
10
5
0
2
12
2
6
3
1
6
8
6
11
2
4
0
1
3
6
1
0
2
2
1
8
2
1
1
1
0
1
1
1
2
2
1
2
5
1
2
1
6
2
3
1
2
3
0
1
1
2
2
1
2
1
1
3
1
2
0
2
0
1
0
1
1
0
0
2
3
1
2
3
1
6
5
4
3
2
1
4
2
2
4
2
2
1
1
1
4
4
4
3
3
1
4
2
2
2
1
2
7
2
2
2
3
1
4
1
78
75
39
46
52
103
48
27
71
80
34
70
10
101
32
13
3
2
6
4
13
4
5
0
4
1
6
8
15
11
2
3
8
4
16
8
7
14
10
3
15
6
5
8
12
6
12
5
8
11
18
17
22
9
11
5
9
1
14
4
7
11
5
2
11
2
3
3
6
5
11
5
2
6
9
5
5
3
2
3
2
2
5
3
1
7
1
3
14
4
3
3
1
3
9
4
7
1
2
2
7
3
4
4
5
3
10
6
6
2
2
3
7
2
4
3
4
4
4
4
4
1
4
5
14
11
5
1
4
3
5
2
8
1
9
3
4
4
2
1
8
4
3
4
3
3
1
3
9
1
5
1
5
3
8
2
8
6
4
52
77
36
74
61
84
86
89
117
43
77
57
75
86
85
2
5
6
4
6
10
4
7
12
14
14
11
12
7
7
2
7
12
5
0
5
14
15
3
6
2
2
5
2
9
4
6
6
12
7
7
0
3
14
14
12
3
7
4
6
4
4
3
3
3
2
6
8
4
3
3
1
4
8
4
2
3
4
2
7
6
3
2
8
3
3
2
4
1
4
3
4
6
2
2
7
2
3
3
6
3
6
4
6
3
3
3
5
1
2
4
4
3
5
10
2
4
2
4
3
4
2
7
4
6
13
4
5
3
10
1
1
5
8
4
4
1
4
2
2
10
4
5
3
3
3
3
2
4
7
2
3
10
2
2
9
5
8
182
131
181
142
244
130
195
168
225
119
173
133
147
237
172
3
6
3
2
2
2
0
6
2
2
3
7
8
4
2
1
1
7
6
2
3
3
1
7
2
0
2
1
5
4
4
1
3
2
6
18
4
0
7
1
3
3
4
0
1
1
2
6
1
6
1
2
1
4
15
2
1
3
1
2
1
1
6
2
6
4
1
1
2
0
3
8
2
3
2
2
0
1
1
1
2
6
0
4
1
2
4
1
5
1
2
2
1
2
4
4
2
3
1
3
3
2
12
7
2
2
1
2
1
1
1
5
4
3
0
0
0
4
5
4
3
4
3
3
2
2
14
3
4
2
1
1
1
4
4
3
4
3
1
1
1
1
82
92
118
68
119
97
77
81
74
96
84
123
80
146
39
15
1
6
4
2
7
7
1
5
5
11
9
14
1
8
6
13
6
10
3
3
1
14
4
2
2
1
6
7
5
5
1
4
8
0
6
3
4
6
2
9
4
1
1
3
1
5
2
4
1
4
4
1
4
12
5
5
3
5
1
6
3
15
3
5
2
12
6
3
2
17
4
7
0
3
3
3
1
3
0
6
1
5
4
10
1
6
11
6
3
5
1
3
1
8
4
7
2
3
5
2
2
6
4
3
3
1
2
6
1
6
4
2
1
4
3
4
4
12
7
4
2
2
3
1
8
3
2
3
2
1
2
3
11
13
9
3
3
3
2
6
35
19
42
18
76
24
33
15
64
37
56
27
31
66
18
3
3
11
3
7
8
4
4
15
9
7
12
5
17
9
19
22
4
7
6
8
16
3
3
8
2
12
11
8
3
3
5
9
0
11
6
9
8
8
11
11
2
7
3
10
8
2
6
2
5
9
8
4
3
13
10
11
2
2
4
7
4
4
5
5
7
4
3
12
15
2
6
2
3
12
6
3
4
2
3
3
6
4
5
4
3
5
11
5
2
2
12
8
10
6
3
5
5
8
9
8
7
6
5
3
10
5
5
2
5
4
6
2
5
4
3
8
5
7
8
3
1
6
8
6
3
5
8
8
3
3
7
6
7
9
4
6
5
5
6
263
100
265
189
191
107
253
194
186
119
91
86
174
170
129
6
9
3
0
7
3
0
16
2
8
1
7
2
2
2
3
3
14
3
1
8
0
3
2
2
5
1
4
5
23
2
11
0
6
4
6
4
2
2
3
5
2
13
2
1
1
1
6
5
4
2
2
2
1
1
3
2
3
5
2
6
2
0
7
4
11
3
6
2
3
5
3
8
5
5
1
3
1
1
3
2
2
1
1
2
1
1
1
3
1
4
3
3
2
2
3
2
0
0
1
1
0
1
2
13
3
3
1
1
9
2
1
3
2
3
8
1
2
5
5
8
3
2
2
1
1
2
1
1
1
1
1
2
4
2
5
1
1
3
283
231
276
315
247
254
272
278
282
236
225
301
272
234
246
8
1
2
7
4
5
3
3
5
3
6
9
11
4
11
3
13
13
0
9
2
2
10
5
5
4
2
4
6
19
3
0
10
5
15
9
1
6
5
1
6
17
3
2
2
2
5
4
2
16
4
3
5
2
3
6
2
3
5
2
5
2
7
13
7
2
2
3
2
2
2
10
4
2
2
4
2
6
4
4
1
4
1
3
3
2
4
5
3
2
1
1
4
2
2
5
4
2
5
4
3
2
1
10
3
9
2
4
2
5
0
4
3
1
4
4
2
15
12
10
10
2
6
3
3
3
1
1
1
7
4
2
2
1
2
3
1
5
39
78
76
79
89
86
9
60
16
44
78
21
33
26
63
6
0
7
3
0
7
19
19
5
2
8
6
10
0
6
10
7
1
5
3
2
8
3
6
4
11
9
3
6
6
0
8
11
5
13
4
9
9
6
8
2
2
8
5
2
4
8
12
1
3
9
5
8
10
5
3
6
2
2
4
4
3
3
3
2
3
7
5
4
3
3
5
4
3
5
1
4
5
10
4
6
3
3
5
5
8
6
4
2
1
3
4
3
3
2
3
6
3
6
2
8
5
5
7
15
1
2
8
5
2
4
6
6
6
6
6
6
2
7
4
10
2
4
3
7
7
4
1
5
2
3
5
5
2
5
4
5
80
221
210
232
254
122
121
107
105
293
246
231
240
220
300
22
17
4
0
2
24
5
6
2
2
0
10
12
10
7
3
9
5
6
3
3
5
8
10
10
9
9
2
17
0
21
9
21
20
12
9
13
6
1
12
6
14
2
2
1
7
1
3
6
4
3
6
1
3
1
8
5
7
1
3
3
13
1
3
4
2
5
9
3
4
2
4
9
6
1
5
2
6
5
3
3
2
2
3
1
1
8
2
1
3
2
2
1
2
1
1
5
5
2
2
1
7
3
8
4
9
2
8
2
4
4
9
9
4
2
6
2
7
2
8
5
2
2
7
1
6
1
2
14
5
3
5
7
4
2
5
62
75
0
71
0
96
0
101
0
0
102
0
0
0
0
25
19
0
0
0
23
14
9
9
0
0
0
8
11
5
0
0
8
3
3
3
0
0
19
13
9
6
0
0
36
27
29
21
0
0
18
10
6
15
0
0
7
5
6
6
0
0
11
3
2
22
0
0
9
9
5
3
0
0
5
7
9
6
0
0
5
10
6
9
0
0
13
7
6
8
0
0
8
12
7
4
0
0
6
6
8
5
0
0
5
8
2
2
0
0
12
13
3
8
0
0
12
6
10
8
0
0
4
17
9
8
0
0
6
7
8
5
0
0
9
8
13
4
0
0
3
9
17
6
0
0
6
12
10
9
62
96
119
95
99
31
41
30
21
107
130
147
123
118
124
7
12
8
19
16
12
7
6
7
12
14
12
5
6
6
14
8
6
4
2
20
11
15
12
5
13
19
25
27
25
23
23
3
13
26
14
13
11
4
10
5
5
3
13
4
5
7
9
12
8
11
5
6
7
6
8
4
5
3
8
1
5
8
6
4
19
4
11
6
8
6
12
4
5
4
11
8
8
5
6
5
5
8
8
2
8
4
4
8
8
2
5
3
6
5
15
2
8
4
5
10
9
6
10
6
11
11
4
6
7
12
5
7
9
7
8
9
14
11
3
4
6
8
4
10
10
11
10
5
9
13
14
3
5
178
125
40
254
180
97
58
166
129
42
124
202
50
43
179
24
11
11
10
7
7
6
4
11
8
8
8
3
1
3
2
3
4
3
9
8
5
15
14
5
10
0
16
25
3
27
1
6
6
25
5
6
2
10
1
4
7
11
0
3
5
7
1
17
6
4
1
7
2
5
1
3
2
4
2
3
3
9
2
8
10
4
6
3
3
5
1
1
2
9
3
5
5
2
2
1
4
6
3
3
0
1
2
5
1
1
1
1
8
5
5
2
5
3
9
7
5
8
1
5
8
14
4
7
6
4
4
11
2
12
3
6
3
3
3
3
2
4
1
9
6
5
1
5
12
8
4
4
0
74
0
75
203
0
0
0
0
0
272
82
0
0
82
23
0
0
9
10
9
6
0
0
11
9
4
6
0
0
3
9
2
13
0
0
10
11
10
22
0
0
23
25
26
7
0
0
5
4
20
4
0
0
3
7
8
2
0
0
7
6
9
13
0
0
12
3
2
4
0
0
3
7
4
7
0
0
7
4
17
11
0
0
8
3
2
8
0
0
5
5
3
6
0
0
5
4
5
4
0
0
7
1
1
3
0
0
4
2
2
14
0
0
7
1
7
2
0
0
5
4
12
9
0
0
8
8
5
9
0
0
5
2
7
7
0
0
3
4
6
4
0
0
5
16
5
80
82
57
79
128
36
126
47
113
28
43
80
35
80
75
11
12
6
8
10
8
14
20
5
9
3
2
4
7
1
8
7
15
10
7
17
21
15
20
13
22
13
27
22
2
10
10
7
12
7
4
7
2
2
10
5
2
2
14
5
14
8
4
5
4
5
11
4
1
7
8
3
5
2
2
10
4
5
11
29
6
5
3
4
9
4
1
9
4
7
10
4
1
5
9
4
4
2
1
1
2
1
2
2
2
3
12
3
3
3
2
10
9
5
9
6
2
3
19
2
19
10
6
6
7
9
13
10
5
6
4
3
8
10
0
1
3
10
8
9
2
5
9
8
9
7
74
44
77
74
110
27
79
67
69
20
31
68
88
76
76
14
13
6
9
9
25
19
10
12
3
10
5
15
6
10
4
26
28
9
18
8
7
23
29
23
10
14
13
13
14
11
2
10
13
11
14
6
4
5
8
4
3
8
6
4
14
6
3
2
6
7
6
5
11
4
9
7
5
14
14
3
16
2
12
8
3
6
15
22
6
5
13
7
10
13
7
4
4
1
8
8
4
9
7
2
3
5
3
5
3
12
10
7
7
4
6
3
4
8
9
10
11
3
17
12
12
15
12
4
11
9
9
12
8
5
11
4
13
5
7
3
13
19
10
7
8
5
9
7
6
70
83
47
56
134
97
23
118
38
26
89
76
27
37
42
17
5
24
10
19
17
4
15
8
10
10
21
7
6
5
15
21
18
8
10
12
13
27
19
11
15
11
11
10
20
8
7
8
6
21
12
13
10
7
6
7
4
6
11
23
12
6
12
15
5
20
10
11
6
6
7
9
8
14
5
13
4
8
4
2
11
10
11
6
8
4
13
6
11
11
9
9
3
11
12
6
9
5
7
7
3
6
11
3
14
13
10
6
6
6
7
16
7
14
12
10
2
9
10
7
12
12
13
10
5
9
7
4
8
6
6
13
6
6
3
11
4
8
11
11
5
8
4
9
84
95
54
122
87
51
67
84
70
67
77
64
83
97
99
2
6
12
9
9
1
20
4
2
3
2
4
3
2
10
12
6
2
12
4
5
12
6
2
10
5
3
10
6
5
6
2
3
2
3
2
6
3
1
7
4
9
12
18
2
3
2
8
10
3
3
7
1
4
9
5
4
9
4
8
3
4
2
3
3
4
8
1
1
6
3
9
4
3
8
3
2
2
8
4
4
6
8
7
3
2
2
4
6
5
4
2
1
3
4
4
4
2
9
12
3
2
7
7
6
5
2
5
8
8
3
6
4
4
3
10
5
4
1
8
3
7
4
10
3
5
4
6
275
158
131
77
190
170
146
76
207
206
42
186
29
199
78
9
8
2
0
6
4
3
5
1
4
3
2
1
7
4
2
18
11
6
17
0
6
13
18
6
3
6
5
5
7
3
2
2
1
1
5
3
3
8
2
2
0
2
3
2
1
1
1
1
1
2
2
4
1
2
5
1
1
3
0
3
5
4
2
5
4
1
3
3
3
3
2
2
4
1
6
4
1
2
1
0
1
2
3
1
4
0
6
1
2
2
2
3
5
7
1
1
3
1
4
1
6
2
7
1
4
2
7
8
6
2
2
1
3
4
3
2
1
2
0
2
3
1
3
2
2
1
61
46
41
44
53
76
87
50
93
42
33
54
76
182
76
26
8
8
5
20
4
4
2
5
3
5
3
15
2
4
5
6
9
10
0
4
6
18
11
3
8
6
6
15
3
4
5
3
2
3
3
4
14
6
11
6
10
8
20
8
7
6
1
3
6
25
6
8
15
5
3
4
3
3
5
7
9
1
3
2
3
5
8
4
4
4
4
3
2
7
8
3
6
3
2
2
1
3
3
6
1
3
3
3
7
6
5
8
3
3
7
10
7
3
11
9
7
4
3
13
7
6
12
17
8
3
1
7
4
3
4
1
4
3
10
9
3
8
9
4
10
88
67
74
105
92
95
93
108
94
176
86
68
90
77
95
4
9
4
14
10
1
2
2
3
12
7
3
9
5
3
6
12
3
0
3
2
7
10
1
2
2
1
2
7
1
2
2
3
3
3
2
2
5
8
5
4
3
15
16
12
4
3
3
6
11
5
6
7
1
3
3
5
1
6
1
2
1
3
1
2
1
3
4
1
6
5
2
3
1
4
3
6
2
2
3
5
5
9
5
2
3
4
1
10
1
4
15
5
1
5
5
14
2
5
5
4
2
3
3
3
5
8
9
2
4
4
2
8
2
2
3
4
2
11
2
4
2
10
3
14
83
47
27
88
76
69
36
94
71
65
63
77
52
46
96
22
5
5
8
9
12
10
5
8
6
15
11
9
14
8
10
9
0
24
4
10
9
9
12
10
10
4
8
5
28
9
11
2
8
2
9
11
14
3
9
7
6
5
13
6
5
6
11
5
7
5
2
11
10
8
8
3
9
9
4
6
4
6
6
3
10
5
3
12
7
3
7
6
9
2
8
4
12
8
5
2
1
7
9
12
21
9
12
2
7
20
4
4
20
10
7
4
2
6
10
7
11
12
11
1
7
6
5
13
27
6
9
4
8
8
5
3
5
8
14
11
7
5
8
37
0
39
33
27
0
93
95
59
0
0
0
110
44
75
8
27
6
8
13
0
11
11
3
19
25
0
13
16
6
19
0
0
10
21
9
14
12
0
14
10
4
5
16
0
3
13
6
5
6
0
13
14
7
7
7
0
10
9
4
14
7
0
11
11
2
9
10
0
16
19
4
8
3
0
12
13
6
9
11
0
10
14
3
9
3
0
15
9
3
14
4
0
15
5
2
11
1
0
14
11
6
8
7
0
10
9
6
9
8
0
4
12
12
14
4
0
9
6
7
9
5
0
12
17
10
9
4
0
21
8
5
8
9
0
6
23
11
125
141
77
111
172
184
79
183
195
76
177
227
62
87
202
20
10
3
3
1
2
3
3
9
5
5
3
9
5
11
0
5
15
13
7
5
1
4
1
10
4
1
9
1
3
5
3
4
3
1
2
3
3
3
7
1
2
4
11
1
5
11
4
9
2
5
2
2
2
4
1
4
2
4
3
3
2
2
4
3
1
5
4
1
3
6
3
5
1
2
4
0
1
3
2
2
2
4
2
3
4
5
6
3
1
2
2
2
8
2
3
5
6
4
5
1
2
9
3
4
2
4
1
6
2
1
6
2
5
3
1
1
2
1
5
12
4
47
56
45
78
49
83
79
82
105
39
96
93
42
93
77
16
1
6
4
3
5
8
11
11
7
12
21
19
12
0
9
11
17
15
5
14
3
4
6
9
5
11
3
3
11
14
5
13
10
8
5
16
7
9
6
8
5
4
2
7
7
5
9
11
5
8
2
10
7
6
10
14
4
4
5
4
7
9
8
7
6
5
4
5
9
10
5
4
2
10
4
2
7
3
5
3
6
3
4
4
4
17
10
26
4
8
1
5
5
7
13
5
10
6
5
10
3
9
8
15
4
3
4
9
2
11
7
8
6
4
5
11
9
11
6
7
91
88
87
86
91
106
181
64
101
109
117
116
75
134
87
3
5
2
4
7
8
7
7
9
5
9
17
6
9
8
1
12
3
3
4
7
3
5
3
2
5
3
2
2
3
7
7
3
6
3
5
1
3
4
20
2
4
3
4
1
6
5
4
5
3
2
4
2
1
2
3
3
3
4
1
1
4
4
10
3
3
6
3
8
9
2
5
3
2
6
4
3
5
4
2
7
4
1
4
2
3
8
5
1
3
2
6
1
3
7
8
7
5
3
4
2
4
3
2
4
4
3
7
5
2
4
11
1
5
3
1
2
7
3
8
139
192
292
315
153
141
130
134
180
231
194
144
284
144
150
2
2
2
2
2
4
3
6
4
2
4
4
0
7
7
10
5
12
1
2
1
3
4
3
1
3
1
1
1
1
3
3
3
2
6
4
1
0
1
1
7
5
3
0
1
1
2
1
6
2
7
4
3
1
1
1
3
3
2
1
1
2
4
4
5
1
1
2
3
0
1
2
2
2
1
1
1
1
0
6
2
1
3
1
1
1
3
1
1
2
6
0
2
2
5
3
1
1
2
1
4
0
1
3
2
2
3
0
1
0
7
3
3
3
2
0
8
1
3
169
126
124
189
189
107
119
226
159
173
120
153
142
146
200
1
1
8
5
10
9
5
2
5
8
2
14
5
7
5
8
4
10
8
9
7
3
2
5
5
6
2
2
8
5
3
2
2
4
7
5
1
3
5
6
5
6
4
4
8
3
2
9
6
4
2
7
3
4
1
4
1
5
4
5
4
6
3
2
8
5
1
2
6
6
2
1
3
4
2
2
4
2
4
4
3
3
1
1
2
3
1
2
2
4
0
3
3
5
3
14
5
7
1
3
3
4
6
3
5
5
3
2
2
3
4
3
8
7
2
3
4
6
205
131
115
121
206
92
100
90
165
155
153
105
124
107
96
1
1
2
4
4
4
5
4
4
8
13
9
3
7
5
6
8
4
3
6
3
3
4
4
2
3
4
0
1
7
1
4
2
3
1
0
0
1
1
3
2
4
3
1
1
2
3
1
2
1
3
3
4
1
2
4
3
0
3
1
7
6
1
1
2
3
2
2
2
4
1
2
1
1
1
1
1
6
6
5
4
1
3
7
2
1
10
5
4
2
2
3
5
2
2
1
5
7
2
1
4
7
3
2
3
1
3
1
4
3
4
2
3
3
3
3
2
240
205
206
313
270
237
295
233
275
298
224
212
215
250
248
1
3
3
2
3
2
5
1
4
0
6
1
4
3
0
3
5
4
2
0
0
1
1
2
11
2
2
5
2
5
4
1
1
2
1
2
2
2
3
2
3
3
2
1
2
2
1
2
0
9
6
1
1
3
2
2
1
2
1
1
2
1
2
2
5
3
2
2
1
2
3
1
2
1
1
2
1
3
1
4
1
1
3
3
1
2
2
2
1
1
5
3
2
1
1
2
0
2
2
1
1
3
3
1
1
1
0
4
1
3
1
5
1
2
2
7
252
237
192
240
259
240
231
227
285
227
224
274
202
223
248
1
3
3
2
3
2
3
11
0
9
6
2
5
4
5
7
5
5
2
2
7
2
4
0
4
2
28
6
7
2
4
1
2
4
4
3
2
2
5
4
2
6
8
5
5
9
4
1
3
3
1
1
7
3
2
1
3
1
3
3
3
3
4
2
6
1
3
2
0
1
1
1
2
2
1
8
7
4
4
2
3
5
3
1
3
2
2
2
2
1
8
4
2
4
8
5
3
5
2
10
2
1
3
3
4
2
5
1
3
2
1
3
2
6
6
112
318
172
264
200
118
125
122
107
171
252
197
160
149
257
4
1
3
3
3
6
6
0
2
1
3
4
3
3
4
1
2
4
2
1
3
1
1
2
1
2
4
3
3
4
2
4
2
4
2
3
2
1
7
14
24
5
2
2
2
3
2
2
2
5
3
1
0
3
0
2
3
9
1
2
2
2
2
4
4
3
2
3
7
7
4
7
3
3
1
1
1
2
0
1
6
6
1
3
1
3
0
2
8
3
1
2
2
2
1
5
2
7
1
3
2
5
1
2
4
2
1
1
3
3
3
3
2
5
33
74
82
65
46
61
30
29
38
55
79
77
50
70
81
17
7
16
9
12
32
24
16
10
24
27
7
9
8
18
10
12
7
17
5
2
3
13
2
5
5
8
2
20
8
8
2
11
6
5
1
4
1
8
3
5
8
10
7
9
12
7
7
4
4
17
3
7
6
16
5
9
16
6
4
2
1
6
6
7
8
2
4
4
1
3
6
2
9
12
4
5
1
8
6
7
11
9
13
12
2
7
4
7
13
10
3
5
9
7
6
7
5
8
4
13
2
5
2
16
6
11
4
7
4
9
9
13
124
85
41
78
67
92
23
91
95
61
97
90
13
23
184
15
9
6
11
9
0
19
10
7
5
8
12
15
8
6
5
3
8
7
6
2
4
1
4
7
11
2
6
4
6
4
4
4
7
4
6
4
4
4
4
3
5
5
11
2
3
5
4
3
13
6
4
4
2
6
12
5
4
3
3
5
13
1
4
4
1
6
4
2
1
2
3
10
9
4
5
13
2
4
8
2
9
8
5
3
2
5
8
6
8
6
8
3
5
2
1
4
12
2
3
2
5
3
14
3
6
7
11
2
9
6
5
150
150
103
67
121
142
112
95
123
96
82
115
119
163
102
3
8
2
9
0
12
7
13
4
4
5
12
8
16
6
8
3
4
3
4
3
2
7
7
7
6
4
2
4
4
2
4
2
4
5
2
3
6
6
5
6
4
6
5
5
1
3
5
5
10
5
4
4
6
9
9
5
3
9
4
3
4
3
4
5
3
8
3
1
2
2
7
12
5
5
5
3
6
2
4
5
18
7
10
2
6
4
6
6
11
4
6
5
2
7
4
6
5
4
4
2
3
5
4
8
11
10
5
2
3
5
79
121
142
123
96
87
111
83
106
125
130
101
145
116
103
12
11
18
14
12
11
15
10
4
5
13
6
5
5
4
7
2
1
7
4
3
3
6
3
5
10
7
6
3
4
3
8
1
2
3
2
3
4
7
4
2
4
2
5
7
6
9
3
6
1
3
9
5
3
5
1
3
3
3
2
5
7
4
2
6
2
2
3
3
2
7
1
2
2
7
5
13
4
3
4
2
3
5
7
4
6
8
7
7
2
6
12
4
5
3
3
9
7
5
6
2
1
4
5
3
4
7
3
6
4
114
56
66
91
81
102
111
69
110
89
24
104
74
197
55
14
5
0
14
15
15
20
2
10
15
6
7
3
1
9
2
2
8
22
6
2
6
3
4
10
5
2
3
17
6
4
1
3
8
9
4
2
5
7
4
3
6
4
5
3
4
2
2
2
6
8
9
4
3
5
6
1
7
4
2
6
1
3
7
3
5
2
3
2
12
2
4
10
3
13
8
13
6
6
1
7
5
3
4
5
1
1
2
2
4
10
5
4
4
2
4
6
3
4
6
6
3
5
1
4
10
4
5
9
132
37
113
87
136
25
127
80
155
103
72
33
82
131
79
17
13
7
19
7
6
3
5
9
7
13
6
3
11
1
3
4
6
6
3
5
6
4
9
3
5
2
5
5
2
1
2
2
2
2
3
3
5
2
4
7
6
6
3
1
3
4
5
8
5
7
13
9
3
2
2
9
4
5
1
2
1
3
2
3
2
2
1
5
2
2
2
4
17
13
14
3
2
4
13
6
11
8
6
8
2
3
4
4
8
9
2
2
4
5
4
2
2
2
4
7
2
4
3
3
5
4
4
60
75
80
49
75
87
74
155
90
60
107
69
82
80
114
13
19
15
23
26
13
16
8
17
5
22
4
10
3
7
3
11
7
6
15
2
4
7
12
9
11
3
14
6
2
20
3
4
3
5
11
6
6
5
4
14
8
8
16
11
4
3
3
9
6
11
3
8
2
5
4
3
1
5
2
3
4
4
0
2
4
3
13
3
3
3
9
10
7
8
7
7
5
8
11
11
9
10
13
9
4
3
11
14
8
4
3
3
3
14
4
7
1
5
5
8
4
6
10
9
5
14
0
86
0
78
0
0
0
0
0
0
99
0
0
0
0
27
0
0
0
10
12
19
0
0
0
10
22
11
0
0
0
10
12
15
0
0
0
9
11
12
0
0
0
13
15
10
0
0
0
9
27
15
0
0
0
6
6
7
0
0
0
6
10
11
0
0
0
6
11
3
0
0
0
7
15
5
0
0
0
14
8
13
0
0
0
4
13
9
0
0
0
9
14
10
0
0
0
23
23
8
0
0
0
16
15
10
0
0
0
6
11
4
0
0
0
12
22
5
0
0
0
104
94
89
110
69
143
168
109
101
116
90
81
85
105
80
20
22
15
11
10
15
8
10
18
6
16
13
10
3
7
1
4
11
10
8
9
8
3
3
5
8
4
9
2
5
14
9
2
10
14
9
16
7
11
11
3
9
7
9
13
3
3
4
5
10
3
7
5
3
6
8
7
6
2
3
11
2
2
3
2
8
9
4
7
4
1
6
5
9
7
8
8
9
8
13
18
17
19
15
12
9
8
18
11
14
6
7
5
5
3
4
17
8
12
13
12
7
9
10
12
115
109
120
75
68
149
153
79
73
247
109
68
114
74
47
9
15
3
11
5
19
5
6
4
7
0
2
11
8
7
0
3
8
10
11
16
2
0
5
7
2
2
3
2
6
3
3
6
2
2
10
9
3
6
3
8
5
2
2
5
7
1
3
3
7
2
2
1
9
4
1
1
2
0
6
2
1
1
4
2
4
3
6
8
5
2
7
5
3
5
3
1
10
8
12
17
2
3
11
9
10
9
4
1
3
2
4
3
3
4
8
9
4
6
2
1
7
9
2
84
80
91
68
76
86
133
129
122
93
84
79
163
98
94
26
3
10
22
12
5
18
5
10
7
4
2
12
3
5
9
6
1
9
6
9
3
15
1
8
2
7
14
10
6
3
7
9
14
18
2
6
7
7
6
9
3
8
4
14
7
6
4
5
4
4
9
5
3
5
3
8
6
9
3
1
2
3
12
12
1
12
3
11
8
13
1
8
3
5
14
10
5
10
11
3
12
11
5
12
9
9
5
2
3
7
3
8
7
4
3
11
6
5
25
10
4
6
44
93
95
78
85
71
50
131
86
165
101
142
91
126
85
13
11
4
8
8
18
4
11
3
4
3
8
5
12
7
12
3
13
5
5
1
9
3
5
8
12
13
8
8
8
8
14
2
9
2
7
9
5
6
7
3
6
2
14
5
4
2
11
10
3
3
2
4
7
3
7
3
5
0
4
3
3
8
7
2
4
8
8
3
8
4
4
4
19
14
9
7
8
7
16
9
6
9
8
14
10
2
4
2
16
3
6
2
5
5
6
11
5
5
8
3
11
184
41
249
271
184
64
187
193
183
44
47
75
246
188
201
7
3
3
1
3
7
7
2
6
1
2
1
4
8
5
2
4
2
0
3
2
6
2
2
3
1
4
3
4
3
25
4
4
2
2
4
1
2
5
2
8
1
2
2
2
5
2
2
1
3
1
1
3
7
2
2
7
0
2
2
1
8
12
6
4
2
3
10
4
2
3
4
4
2
4
2
4
8
3
2
2
2
2
6
4
3
2
3
5
2
2
2
3
7
3
1
6
1
5
2
2
77
29
69
84
51
99
90
77
79
82
47
66
103
107
95
21
4
11
4
2
10
3
5
4
7
1
9
7
8
3
8
2
5
5
9
7
5
3
6
3
8
11
6
3
10
2
10
3
8
10
3
3
6
5
2
2
6
2
1
3
4
5
2
5
6
3
5
6
3
5
5
2
4
6
2
9
8
9
7
2
3
7
12
2
7
4
17
5
3
5
8
5
3
7
6
7
5
3
4
6
6
3
15
1
3
9
23
2
3
5
9
8
6
3
12
53
17
25
36
43
13
14
24
23
176
60
115
84
131
95
14
4
4
5
7
1
6
2
8
7
2
9
7
7
12
9
1
2
11
2
3
2
1
6
7
4
4
9
3
1
13
4
7
2
4
11
13
5
4
5
5
7
7
2
6
3
5
4
9
1
8
5
2
6
1
1
6
1
0
6
6
2
3
5
5
7
15
1
6
12
4
6
3
5
6
17
2
5
9
3
8
6
6
3
2
1
8
2
1
3
15
5
9
5
3
8
8
4
5
143
162
148
151
60
137
138
171
82
274
252
99
214
89
86
7
3
2
2
1
1
5
6
5
2
5
3
1
3
6
2
1
2
2
2
0
2
1
3
3
2
3
2
1
3
7
1
3
2
4
5
5
1
2
3
0
3
13
4
2
0
1
2
1
1
1
1
4
2
1
1
1
0
1
2
1
3
12
4
2
4
4
7
1
2
3
2
3
11
3
2
1
1
3
1
7
4
2
1
2
3
3
1
2
5
1
5
2
1
1
2
4
2
23
35
7
10
5
10
126
10
83
4
14
4
5
151
5
4
4
5
1
3
2
4
3
3
1
2
3
6
5
1
3
4
7
5
4
6
4
4
4
2
10
9
3
9
4
3
13
3
4
1
3
1
3
4
4
7
2
1
6
3
2
2
4
3
4
2
1
3
7
2
6
3
3
0
6
4
3
4
5
6
4
4
4
4
2
6
7
6
5
3
1
3
6
1
9
3
1
2
3
2
4
4
3
7
2
2
5
4
3
9
2
5
107
177
90
73
109
76
102
74
40
54
74
93
30
62
34
4
4
1
1
4
2
2
8
2
1
3
8
3
1
2
1
6
3
2
2
6
4
3
5
3
2
6
8
7
3
3
2
5
7
5
3
2
4
1
1
6
4
2
2
2
3
3
4
1
6
3
1
2
4
2
1
9
2
2
3
1
3
2
3
2
6
3
1
4
2
6
7
5
2
3
5
16
7
3
4
4
2
3
7
1
1
3
2
5
15
2
2
1
3
6
6
364
307
338
320
357
288
6
5
2
0
3
1
8
5
1
2
2
4
1
1
1
1
1
0
10
1
3
3
1
6
8
5
2
2
1
2
1
4
7
6
6
0
3
4
13
14
1
2
3
1
4
1
1
2
1
1
4
0
1
1
0
13
4
2
4
1
3
1
4
5
5
8
14
2
3
3
2
2
4
1
2
1
1
1
1
5
3
2
2
0
1
2
2
4
2
2
6
3
2
3
3
212
133
216
157
192
133
6
5
4
2
3
6
6
2
6
8
6
2
1
4
5
3
2
5
4
2
6
3
2
9
8
6
3
3
5
2
7
7
10
4
3
2
4
2
8
2
3
6
4
3
3
2
4
2
2
5
2
1
2
6
16
7
4
5
3
4
3
5
9
8
6
10
3
8
5
7
6
3
8
5
9
4
10
3
3
3
3
7
3
3
1
6
12
3
7
8
12
5
2
4
246
269
227
215
211
202
1
1
1
1
4
2
3
6
3
2
2
1
1
6
4
4
3
1
2
2
3
4
3
1
3
2
3
2
2
8
2
10
4
2
3
3
2
6
1
1
6
1
4
3
2
3
2
2
9
2
2
1
2
7
4
14
4
2
2
1
1
1
11
3
1
0
0
2
3
1
3
1
8
4
5
1
5
4
8
3
4
1
1
1
7
3
3
3
4
1
1
1
4
262
204
269
209
226
235
1
3
1
3
5
5
3
2
4
3
1
2
2
4
2
2
3
1
1
1
1
3
5
2
0
3
1
2
1
2
0
3
1
3
2
3
4
7
1
2
1
1
2
2
1
2
2
2
2
1
2
2
3
3
1
2
5
3
5
1
0
5
2
5
4
0
2
4
2
2
1
4
0
1
1
1
4
2
2
4
1
1
3
2
7
6
2
4
1
4
2
2
302
326
303
391
392
370
4
3
6
4
1
0
4
6
1
1
2
1
1
2
6
5
6
2
1
2
2
3
2
3
2
1
7
2
2
1
3
2
3
1
6
3
5
1
1
3
2
1
1
0
2
1
1
6
1
1
1
3
2
1
2
3
3
13
1
0
2
1
2
8
3
4
3
17
1
2
3
1
4
4
3
0
1
1
2
1
0
1
3
2
1
2
2
3
5
2
3
273
248
317
195
251
232
1
3
3
3
3
5
5
3
1
6
1
1
2
1
6
4
2
3
3
2
0
2
2
5
13
4
5
3
1
4
2
2
4
2
3
3
1
1
4
2
2
1
1
1
1
2
4
2
1
1
11
1
2
2
6
9
9
5
3
3
3
3
4
3
2
2
6
3
3
3
3
4
9
2
4
2
2
5
5
2
3
1
3
2
2
8
5
5
7
3
206
228
204
237
269
218
3
3
4
2
4
11
1
12
5
1
1
1
1
6
4
5
2
2
2
4
2
1
0
6
5
0
1
1
8
6
1
10
6
5
3
3
1
3
2
0
2
1
2
1
2
4
2
3
2
1
2
1
3
3
3
4
6
1
1
2
3
3
2
4
14
2
1
1
1
1
7
7
6
2
3
3
3
10
4
2
4
1
1
2
3
4
7
8
7
149
221
163
176
280
202
2
3
3
4
4
6
3
2
3
2
6
5
4
2
22
7
1
3
12
2
3
18
11
7
1
2
3
6
2
1
1
2
3
4
2
5
1
2
6
8
1
6
1
3
3
4
4
2
3
2
2
7
2
4
2
3
0
6
3
3
1
3
6
1
2
4
9
4
4
1
4
7
2
5
2
4
1
4
1
3
3
3
7
3
1
2
3
10
75
68
71
96
134
93
6
2
5
2
4
2
3
3
5
1
1
4
4
1
3
5
8
3
2
3
3
4
10
8
3
4
4
2
3
2
2
6
2
1
2
2
2
3
3
6
3
2
3
3
2
2
7
11
4
6
6
0
11
5
4
4
13
3
15
2
2
2
9
9
5
5
3
3
12
1
7
11
3
4
6
1
2
2
3
9
7
4
6
8
5
1
6
103
95
91
90
74
92
18
12
2
8
3
4
4
6
5
6
2
2
2
1
1
13
4
3
1
3
3
2
2
4
3
4
2
11
3
7
6
5
19
5
3
6
2
1
1
4
6
3
2
3
4
1
7
5
10
10
1
5
4
6
1
11
5
4
1
6
5
4
3
7
17
16
1
7
7
4
8
5
4
9
1
4
5
6
6
11
22
11
2
3
2
3
125
66
94
85
82
92
16
2
3
7
3
4
4
5
5
0
8
7
5
1
3
2
4
1
4
2
1
1
1
3
2
1
3
1
5
3
3
6
13
1
2
2
9
2
6
9
15
1
1
3
3
3
5
10
3
2
3
3
2
2
8
12
2
0
5
4
4
3
5
9
10
0
8
5
5
2
7
9
11
2
7
5
10
3
8
11
9
3
3
2
4
106
154
81
109
72
114
9
12
4
9
4
8
11
7
1
5
5
18
4
11
2
10
4
12
4
2
3
8
3
4
3
14
7
3
7
16
6
22
3
8
10
14
3
11
8
4
3
5
6
2
9
8
4
4
2
5
3
6
2
8
7
11
2
10
5
11
8
7
4
6
8
15
5
2
16
12
9
11
5
6
10
7
5
12
10
10
5
8
4
7
60
70
95
133
104
101
3
3
2
1
1
3
2
9
2
2
3
1
7
1
2
3
5
7
5
2
2
2
3
4
6
5
13
3
3
1
2
5
5
3
1
2
4
3
1
3
2
2
1
6
1
3
2
2
5
8
8
1
4
6
3
2
2
2
5
6
2
1
2
4
2
2
4
4
3
3
4
4
2
4
3
5
3
4
2
8
4
5
3
98
92
84
118
106
152
8
7
3
1
7
1
9
4
3
9
3
9
1
5
3
3
1
4
1
3
2
3
3
3
2
7
4
4
2
2
2
6
5
9
3
1
3
3
5
3
7
7
4
3
1
3
2
4
6
5
2
4
2
7
1
8
15
4
4
13
1
2
2
28
13
9
6
3
3
8
2
8
1
2
11
1
2
2
4
9
2
4
125
162
184
105
112
148
14
1
2
3
2
4
6
9
10
2
1
2
4
1
1
3
2
1
1
0
3
7
4
5
5
2
2
1
5
3
7
1
6
2
10
3
3
7
3
6
2
4
1
1
1
2
6
3
3
2
4
2
4
1
3
11
4
2
4
2
4
1
3
3
13
4
3
2
8
7
14
2
9
2
1
3
3
4
6
4
5
92
128
89
89
84
113
3
6
3
2
2
8
5
3
2
8
2
7
1
6
1
2
1
5
1
2
3
4
2
8
5
4
2
3
2
8
2
6
1
6
2
3
4
4
3
6
2
6
2
4
2
3
5
4
1
6
1
4
1
8
4
15
1
4
1
3
1
13
6
8
3
4
1
8
3
10
8
7
3
5
3
3
3
15
4
4
77
52
15
137
124
162
2
4
3
1
2
4
1
2
13
3
9
1
3
2
0
2
2
1
3
1
1
3
2
3
1
1
1
1
2
5
5
3
2
2
3
1
2
4
0
4
7
2
6
1
1
4
1
7
5
1
3
0
0
3
6
4
7
2
5
3
4
3
2
10
2
3
5
2
1
4
3
6
7
3
3
2
4
3
6
177
128
175
141
205
196
7
14
1
8
2
2
1
3
8
7
1
4
5
3
1
1
1
2
1
3
2
2
4
5
6
8
1
1
7
8
1
2
1
3
1
0
3
1
1
1
2
6
1
1
3
2
2
3
2
7
2
8
3
3
2
22
1
3
2
2
2
3
2
2
2
6
0
2
2
5
6
17
26
11
4
4
1
4
143
161
117
137
142
140
16
1
10
14
4
1
17
1
4
1
4
0
1
1
3
4
5
1
3
1
4
6
4
4
18
0
2
1
7
3
8
9
4
1
3
2
5
3
4
8
3
1
1
1
2
0
4
2
2
1
1
4
3
4
24
1
3
4
2
4
0
9
5
3
7
2
2
4
2
8
15
17
8
0
3
2
4
87
145
112
92
81
116
1
2
4
4
3
4
5
3
1
3
4
2
3
2
2
10
1
3
2
3
1
3
2
6
1
4
4
4
2
7
11
13
1
2
1
8
3
7
4
9
0
2
2
2
1
4
9
10
1
3
4
5
3
3
4
1
0
3
3
2
5
9
8
8
2
5
2
6
1
5
4
11
1
1
4
7
147
120
105
118
112
93
15
10
5
3
2
1
3
1
26
2
6
1
2
0
0
2
1
3
2
2
1
2
2
2
3
1
7
1
2
3
2
5
5
1
1
5
1
0
1
5
1
2
3
0
1
1
3
5
1
4
5
4
3
2
1
4
14
12
7
1
2
1
2
2
3
1
3
2
2
1
2
5
3
1
4
134
102
89
119
107
145
6
7
2
3
3
4
1
10
5
2
1
3
2
2
3
6
10
4
2
5
2
1
1
10
6
9
1
7
3
2
1
5
6
3
2
5
4
2
2
4
9
6
1
9
3
3
0
4
5
4
2
11
5
3
6
17
6
5
1
4
6
2
2
5
2
0
5
5
11
4
11
8
9
14
111
122
108
121
180
132
15
3
14
3
6
1
2
2
5
1
3
1
4
3
4
3
5
2
2
4
6
2
4
4
18
1
4
2
4
4
6
4
5
3
5
1
5
1
5
5
3
1
2
7
4
2
7
6
5
4
7
6
3
1
6
7
11
2
1
3
5
2
4
3
9
2
3
7
2
7
5
7
14
123
123
125
127
114
145
3
6
2
1
1
4
2
1
10
4
4
1
2
4
3
1
1
1
4
2
1
3
6
10
1
5
5
3
2
12
7
5
2
3
12
2
2
4
9
4
1
5
6
1
1
1
3
7
8
4
2
1
1
6
9
9
6
2
3
4
6
9
8
4
10
3
16
1
4
9
6
12
211
285
238
228
175
215
6
4
6
4
3
2
5
4
6
2
5
2
2
3
1
7
6
1
1
1
2
5
4
6
2
4
5
1
3
3
1
10
5
4
1
4
1
2
3
8
3
4
1
2
1
3
3
5
5
3
7
8
3
5
3
5
2
4
10
2
1
2
5
2
4
2
2
5
3
2
5
167
143
220
155
203
156
5
16
2
6
2
2
4
5
3
6
2
2
1
8
7
2
6
3
2
2
2
3
10
7
5
7
1
1
3
7
9
7
8
8
4
10
7
3
3
4
6
17
1
7
5
3
18
11
10
4
2
4
9
1
5
3
4
5
4
1
2
4
16
9
7
14
1
4
2
6
244
277
267
250
295
279
3
1
3
2
2
3
2
1
1
1
4
3
9
10
2
2
1
2
4
1
2
2
3
2
1
3
1
2
2
5
18
2
7
0
2
2
1
2
12
1
2
1
2
1
1
2
2
5
10
1
3
3
1
5
3
1
3
1
2
0
0
6
3
4
4
1
3
3
4
254
273
311
229
261
291
3
3
4
4
3
3
4
3
2
3
4
2
3
3
6
4
2
6
4
5
2
4
4
4
4
2
3
3
4
5
3
5
4
2
2
4
4
8
2
7
3
2
7
6
6
7
2
4
4
4
6
6
2
2
6
4
1
1
1
2
5
4
3
9
4
2
4
3
244
262
271
228
313
240
1
1
1
1
2
2
1
3
3
2
2
1
1
0
2
3
4
2
0
2
1
1
0
2
1
3
1
2
2
3
1
4
3
6
3
1
3
2
3
1
2
3
2
7
2
3
1
1
1
1
1
3
2
3
5
2
3
1
8
1
2
1
0
3
1
1
2
247
158
280
161
243
161
5
2
7
4
7
3
1
2
3
2
5
3
2
4
1
7
1
5
0
3
2
3
1
2
8
1
4
6
4
3
1
4
4
1
1
2
4
4
1
3
16
4
7
4
9
2
8
5
5
5
2
1
3
5
1
2
1
1
1
6
4
5
5
8
2
11
190
234
144
153
211
124
11
2
1
2
6
3
3
4
8
1
2
1
3
11
3
4
2
4
2
2
3
1
4
2
3
4
2
3
1
2
3
7
12
0
3
3
3
3
4
10
8
4
1
6
1
8
10
15
3
3
3
3
5
2
2
3
2
3
3
6
2
3
7
6
8
111
139
188
171
92
113
1
3
2
1
4
5
3
5
5
1
4
3
7
2
3
1
1
2
2
1
8
1
6
1
4
1
1
1
5
3
8
3
1
4
2
4
1
4
7
6
7
1
3
1
5
3
6
5
1
1
5
3
2
1
3
7
2
2
5
3
8
5
1
7
106
132
244
143
116
159
3
8
2
0
4
1
0
4
2
1
1
1
2
1
2
3
3
1
2
0
1
2
0
4
2
2
5
1
2
3
3
4
6
1
3
0
2
11
2
4
1
1
3
0
6
3
2
3
2
2
5
2
2
1
1
5
2
3
1
1
1
3
3
147
190
127
157
131
118
4
4
2
3
11
4
5
2
2
2
2
1
1
4
1
3
3
2
2
1
1
2
6
9
2
3
1
4
3
4
4
6
10
7
1
4
2
5
4
2
1
9
6
4
4
4
2
2
1
4
2
2
2
1
2
2
1
2
1
3
5
6
201
142
192
138
247
129
4
2
4
1
6
7
4
2
1
1
5
3
4
2
2
10
1
2
1
4
2
7
1
8
6
3
4
2
0
2
3
6
1
1
1
2
1
4
2
2
3
1
5
2
2
14
2
3
2
2
1
1
2
2
4
6
4
2
2
1
2
104
144
125
149
173
160
1
7
3
3
8
4
1
2
3
5
1
4
6
3
3
5
3
3
2
1
5
2
3
6
2
1
2
9
5
7
6
17
1
4
3
1
1
1
1
3
1
3
2
3
21
5
1
8
2
5
2
4
2
1
1
6
4
1
1
1
181
178
139
301
138
129
2
7
2
2
1
2
1
2
1
1
2
0
1
3
2
4
1
1
0
1
1
1
0
9
2
3
5
1
3
4
1
1
2
3
2
0
5
1
1
3
3
3
1
1
1
3
2
3
1
1
1
1
1
1
1
1
3
4
4
104
146
123
227
201
253
6
3
3
1
6
2
1
3
2
3
4
3
2
4
2
1
1
3
9
4
2
4
3
7
8
1
2
4
1
2
2
5
4
5
7
1
6
4
3
6
5
2
1
4
3
3
2
8
3
5
6
3
5
5
2
4
3
4
119
138
124
103
98
79
4
5
6
3
6
1
3
2
2
1
2
3
1
16
1
1
3
3
4
1
3
1
6
2
8
2
3
4
5
1
8
3
7
2
3
3
7
1
13
2
4
2
1
1
8
2
3
2
3
4
10
2
2
3
1
2
5
117
111
120
167
142
134
1
8
3
3
5
7
3
6
2
8
6
2
5
3
1
4
2
3
4
6
3
5
10
7
2
5
3
10
0
2
4
4
4
5
2
2
0
2
3
8
2
9
2
2
3
6
11
7
1
3
1
5
2
13
5
2
246
216
248
163
206
254
3
2
1
1
2
4
1
5
5
3
4
2
2
1
4
7
10
5
6
4
3
6
2
2
14
6
11
5
3
2
9
3
2
5
7
3
3
5
5
7
5
3
6
3
4
2
1
5
3
9
7
2
4
3
6
227
222
184
259
205
200
21
5
2
1
1
1
2
3
1
2
0
4
2
2
2
2
2
5
2
1
2
5
1
4
2
6
1
1
2
3
1
3
6
2
2
4
2
3
2
2
4
4
1
3
2
5
1
10
7
5
1
2
2
3
279
304
305
232
293
292
7
2
2
4
8
1
13
7
3
2
5
2
1
1
4
3
1
1
2
6
6
1
3
2
6
2
2
2
4
4
5
7
7
2
3
2
2
1
4
3
2
2
5
2
7
2
9
13
7
2
3
2
4
263
257
242
251
232
193
0
3
2
5
2
5
7
3
1
4
3
1
3
2
2
3
1
3
5
3
2
4
2
5
0
1
4
1
4
13
5
1
3
5
4
3
10
4
5
10
4
2
3
5
4
4
10
6
2
2
1
4
273
354
327
276
309
328
5
1
2
2
1
1
1
2
1
1
1
1
2
1
1
4
4
4
1
1
2
1
4
2
2
7
5
3
1
1
2
1
4
1
5
1
1
1
3
2
4
1
2
1
2
2
3
3
6
5
3
257
245
180
246
169
142
2
8
4
4
2
3
4
3
2
5
4
3
2
2
4
2
3
5
0
2
3
2
0
1
8
5
5
7
2
3
1
5
5
8
1
4
2
4
2
4
3
5
0
2
2
2
3
11
3
5
288
277
351
278
277
266
23
1
5
3
1
1
2
11
1
3
3
2
4
1
2
2
2
3
5
7
7
2
3
3
1
5
3
1
2
3
5
6
2
1
3
3
6
1
2
1
2
1
3
3
2
0
2
3
10
243
203
262
167
269
155
3
7
5
1
4
13
5
5
4
3
1
2
2
1
7
2
3
3
5
6
1
4
3
3
6
2
5
4
2
6
3
5
2
3
1
5
3
5
3
3
2
6
7
5
1
5
4
9
91
107
54
146
66
79
14
3
6
1
4
2
2
7
8
3
4
1
2
1
3
3
2
3
5
1
1
1
1
3
5
1
2
2
2
2
4
5
9
6
5
1
2
5
3
2
4
3
5
2
2
1
1
99
106
78
135
94
110
10
5
1
6
8
9
3
2
3
6
1
1
6
5
2
2
3
3
0
0
4
4
5
11
4
4
1
5
3
2
3
7
5
4
3
2
4
2
6
3
4
4
1
2
4
4
134
56
84
76
104
89
10
4
2
10
15
8
7
6
3
2
1
6
1
3
4
3
5
0
1
2
3
2
11
1
4
0
3
1
4
12
9
9
8
3
2
3
9
5
6
6
6
1
2
3
5
129
106
109
124
107
119
2
3
13
10
4
4
4
4
2
1
5
1
4
3
2
0
1
2
2
2
6
1
3
6
2
0
3
8
5
9
6
8
1
4
3
15
1
2
3
5
2
1
3
3
43
89
98
112
81
113
14
4
3
1
2
2
1
1
3
6
3
0
2
2
1
0
2
3
4
2
4
2
2
1
3
5
5
1
2
1
1
3
3
2
2
0
1
2
3
2
1
2
4
151
82
184
94
173
89
28
6
2
2
2
7
1
1
6
2
0
1
2
1
1
1
3
2
2
2
2
2
2
3
7
9
4
0
4
3
2
3
3
2
3
3
5
2
1
1
1
6
105
122
86
116
107
84
16
1
2
2
4
2
3
1
3
1
3
1
3
1
1
4
4
1
2
2
3
2
2
4
1
3
2
5
7
2
11
8
6
2
3
1
2
2
1
2
7
113
130
89
110
97
89
2
3
4
5
1
4
1
2
1
3
1
1
0
2
5
3
3
1
2
1
0
6
2
5
2
4
4
12
4
5
5
8
0
2
2
2
1
2
2
6
82
90
108
93
142
99
7
6
8
2
6
3
3
6
9
4
5
4
3
3
8
8
2
2
3
5
3
4
3
8
3
3
4
2
5
4
2
8
5
3
9
3
5
6
3
118
148
120
137
95
106
9
7
0
2
8
7
4
16
3
7
1
6
2
4
5
3
3
3
4
4
4
4
5
13
2
4
2
5
2
3
4
2
2
6
3
2
3
6
139
132
155
115
143
133
24
3
2
1
4
1
11
8
7
1
1
1
3
2
6
3
4
1
1
2
3
3
13
3
3
1
4
2
6
0
3
5
8
0
2
2
3
159
192
102
203
126
126
2
2
3
6
1
6
11
6
0
2
2
4
3
3
5
8
0
4
2
3
4
6
7
4
3
3
8
4
2
2
8
4
1
3
3
5
75
114
137
53
79
149
4
7
2
1
4
4
3
3
2
2
7
3
2
3
1
5
8
1
2
1
1
2
2
5
2
1
0
2
2
3
1
3
4
0
4
158
223
164
125
176
135
11
15
0
5
1
1
1
1
4
9
2
3
2
1
1
7
2
5
2
4
1
5
7
8
2
3
2
3
1
1
5
5
2
3
82
187
183
89
94
205
4
1
3
1
6
3
8
3
3
1
4
2
8
1
9
3
6
2
1
3
8
5
3
3
3
3
3
6
6
4
4
6
4
129
158
139
98
138
110
1
5
8
12
3
6
4
7
3
4
2
5
3
6
7
5
4
4
7
12
3
2
4
8
1
3
3
8
2
5
3
5
154
108
141
106
135
210
5
2
8
2
2
3
4
2
1
1
1
3
4
3
3
6
1
1
4
1
2
1
1
2
3
1
2
2
3
2
2
111
103
114
138
165
150
6
10
2
5
2
3
7
11
6
7
2
5
8
2
7
3
7
3
4
2
2
2
4
4
3
6
3
2
4
3
112
128
143
111
124
125
8
5
3
5
8
2
3
1
3
2
8
1
2
5
6
2
4
2
2
1
3
4
5
3
10
2
4
5
2
98
102
90
83
82
102
1
2
5
9
2
16
4
6
2
10
4
2
5
7
5
16
0
7
4
7
11
13
2
7
1
6
1
4
120
182
144
95
124
146
2
7
2
4
1
0
2
2
7
3
4
0
0
1
5
3
1
1
2
1
1
2
2
12
1
4
4
93
136
149
114
119
166
3
11
4
5
2
3
12
4
12
7
1
5
2
11
1
3
1
7
0
1
1
4
1
5
1
9
104
124
130
139
128
204
12
6
5
13
3
4
16
22
6
1
1
4
3
5
2
2
7
4
9
5
3
7
8
6
7
105
171
89
114
76
84
3
8
4
4
3
10
3
12
4
11
2
4
5
6
10
7
5
2
4
2
3
4
7
5
54
93
105
82
55
102
4
7
4
8
7
3
4
1
8
3
6
5
4
2
2
10
15
5
6
1
7
1
7
115
87
119
100
117
85
11
3
3
4
9
6
2
2
1
5
2
2
1
3
7
14
11
6
4
5
2
4
38
100
95
39
45
94
7
3
8
4
4
3
0
8
5
1
1
3
2
4
8
21
14
1
3
1
2
75
61
16
80
28
17
7
5
8
5
7
2
8
4
3
2
4
2
2
6
23
7
1
3
2
4
133
134
166
97
114
150
5
7
3
2
1
1
3
3
2
1
3
3
4
6
0
5
3
3
6
92
95
95
126
101
114
22
6
1
1
1
9
3
3
1
4
8
7
4
6
8
7
2
8
90
128
112
107
113
141
11
2
2
4
6
0
8
2
2
4
6
3
8
2
4
4
8
86
118
114
93
74
100
2
6
5
8
3
6
4
7
3
5
3
4
2
7
5
13
93
119
81
102
90
75
4
4
6
2
3
2
3
3
4
11
13
2
3
1
4
84
109
95
98
98
95
4
7
14
1
4
8
2
3
6
7
0
3
1
3
120
81
60
76
41
107
30
1
2
4
18
0
3
4
4
1
4
3
4
95
93
94
75
90
51
8
10
5
7
2
6
3
3
4
6
3
8
98
171
122
91
99
104
7
3
4
1
0
2
1
1
7
5
9
96
89
104
93
94
169
11
6
4
3
2
1
2
3
12
7
106
128
172
106
101
106
7
2
4
1
2
1
2
2
3
94
114
78
96
54
96
1
6
6
4
2
4
3
5
220
208
213
317
322
393
12
5
6
4
2
3
2
128
215
237
135
130
243
12
8
6
5
6
9
264
272
304
290
319
299
10
3
6
3
6
245
137
262
161
246
153
5
1
2
2
171
303
180
156
303
168
6
2
2
79
92
130
235
61
75
9
5
106
108
118
219
169
196
6
271
340
241
325
275
258
