125
20
77
79
116
49
49
77
121
108
170
86
138
147
118
5
7
3
4
12
5
4
3
1
2
2
2
2
6
4
1
2
6
6
7
7
4
8
3
3
2
2
0
1
6
5
2
5
1
1
1
3
1
4
3
5
4
3
2
3
6
12
5
13
1
11
7
5
3
3
2
4
1
6
3
1
6
1
1
2
1
1
3
1
1
4
1
3
5
1
2
1
1
0
1
1
1
3
1
7
7
1
2
3
1
4
4
2
2
2
1
3
2
3
2
1
0
1
1
1
2
2
1
1
1
0
1
0
0
8
2
1
0
5
2
1
2
3
2
2
2
2
1
2
3
4
4
3
6
1
1
3
1
2
2
2
2
3
0
3
1
5
3
2
3
1
2
1
0
122
35
62
90
58
55
78
76
64
12
19
90
32
13
29
10
4
6
7
3
18
6
2
5
2
5
5
6
1
1
6
6
11
10
4
16
10
9
11
5
1
7
2
3
8
3
5
3
5
5
4
2
5
5
9
10
9
1
5
10
11
9
15
5
3
5
7
10
12
5
2
3
2
6
6
2
3
2
2
2
4
3
10
7
1
2
2
4
9
3
2
6
3
2
8
4
3
16
5
3
4
3
1
4
4
2
6
3
1
1
3
6
3
6
2
1
2
2
4
3
2
1
2
5
2
7
3
1
13
6
5
6
1
2
11
3
2
6
4
4
3
4
2
6
5
10
2
8
9
5
2
3
2
4
6
13
3
1
5
6
4
4
3
8
5
3
6
5
18
30
19
38
57
75
95
79
58
71
50
37
41
50
101
7
6
15
8
21
9
5
4
10
3
11
4
2
5
8
6
18
11
3
5
9
6
18
9
1
3
5
6
5
1
2
5
7
2
6
5
3
2
12
5
11
4
2
3
17
14
15
9
15
7
4
4
10
5
5
5
4
7
5
3
1
1
1
1
5
10
3
6
5
1
3
4
6
2
1
3
2
6
2
5
9
7
4
7
1
4
3
3
6
3
5
4
7
3
3
4
3
2
6
2
3
2
2
1
4
2
3
1
1
3
3
1
10
8
8
5
7
2
8
2
6
4
4
3
4
4
4
3
6
3
9
3
4
3
2
4
3
4
4
3
9
2
3
6
3
8
1
3
5
2
2
3
3
103
171
152
13
4
11
47
166
104
115
62
160
27
90
6
14
4
6
9
10
10
4
4
4
1
5
4
12
5
18
5
9
9
8
9
4
1
2
3
2
4
3
4
2
2
1
4
5
2
1
5
4
8
6
7
8
6
5
8
4
3
10
4
3
3
7
9
1
8
1
2
2
2
2
7
1
1
3
0
1
4
2
2
3
8
0
2
2
2
2
3
0
1
3
2
3
1
2
2
8
2
3
5
2
1
2
2
6
1
1
2
0
2
4
2
1
1
1
0
1
1
0
2
1
1
1
2
1
3
8
0
3
2
3
2
2
8
10
0
1
4
1
1
1
2
2
5
2
4
1
1
1
5
1
1
5
4
1
3
2
2
4
2
2
3
26
77
42
12
35
81
75
27
66
67
26
69
17
10
45
27
2
11
11
6
6
18
1
4
5
2
1
6
6
6
20
4
9
6
6
10
2
3
7
5
3
9
4
4
2
4
7
2
3
3
4
4
5
4
6
12
5
8
11
5
6
9
3
3
6
6
1
4
1
3
4
1
3
7
5
3
5
2
8
2
5
5
5
2
4
1
4
1
1
10
4
2
3
3
3
2
3
10
3
4
3
1
4
2
1
4
3
3
4
2
0
1
4
7
3
5
1
2
3
2
3
2
5
3
5
2
5
1
18
6
8
11
7
5
2
4
8
9
7
3
3
5
2
3
1
3
4
3
4
3
3
4
7
7
2
2
2
3
2
3
1
4
8
2
3
76
37
15
18
31
48
11
26
31
20
37
28
14
9
28
22
5
7
6
8
7
5
3
7
7
3
7
16
13
15
5
13
18
8
8
2
4
3
6
7
7
4
13
2
1
5
6
3
1
3
7
14
6
14
4
10
8
8
15
13
17
13
2
24
9
9
4
12
7
11
3
5
5
5
5
7
6
2
1
5
4
4
1
3
2
3
1
5
2
4
2
3
7
21
4
4
4
7
6
8
8
3
2
6
3
16
4
4
3
3
2
9
5
3
1
4
1
4
1
2
1
2
2
2
5
7
2
5
7
24
6
9
2
6
9
14
7
5
4
3
7
6
3
1
3
2
4
9
2
4
1
9
4
6
1
3
2
4
3
7
6
4
2
3
46
100
263
74
205
94
52
127
45
101
87
93
75
201
76
10
14
5
7
5
3
3
8
3
4
5
6
19
7
10
11
6
19
6
2
3
3
1
12
4
6
4
2
2
2
4
2
3
1
7
3
7
7
8
5
8
14
15
3
14
18
9
6
5
2
4
3
6
4
2
1
2
2
3
3
4
4
4
4
3
4
3
2
5
2
0
2
1
2
2
2
4
4
3
1
2
3
4
5
20
6
4
4
1
3
2
3
5
1
2
3
1
2
5
2
4
3
2
4
1
2
1
1
3
3
3
3
6
5
3
6
6
7
4
6
1
5
4
5
5
4
2
3
3
5
2
4
1
3
2
5
4
2
3
1
5
5
4
3
3
3
3
1
76
35
65
30
91
74
78
39
65
76
79
28
47
47
40
11
6
9
5
7
5
9
7
6
13
8
20
11
10
11
12
4
2
4
2
9
4
9
12
3
9
3
3
7
3
8
5
6
11
5
4
4
16
11
8
12
14
8
11
15
7
12
13
8
6
3
7
11
5
3
3
2
1
3
9
7
4
4
7
5
2
4
2
2
3
4
5
5
5
5
17
9
28
3
7
5
5
5
14
1
5
7
1
8
10
2
5
3
6
2
2
3
3
6
14
4
1
2
4
2
4
3
7
4
12
10
5
8
5
7
4
2
3
6
4
3
6
2
11
5
3
4
6
5
4
8
1
2
7
9
3
2
3
4
2
4
6
7
3
4
6
5
31
70
76
77
0
22
27
80
0
46
85
0
79
0
0
4
0
2
3
5
8
7
0
7
11
17
7
8
0
8
6
17
3
6
0
6
5
12
2
14
0
2
6
3
2
6
0
10
4
13
2
7
0
5
14
16
5
11
0
8
19
15
6
9
0
6
12
4
2
4
0
1
8
6
3
10
0
3
9
6
2
15
0
4
5
4
2
8
0
3
9
8
4
8
0
3
7
7
4
12
0
2
13
8
8
9
0
4
5
7
3
9
0
3
8
4
8
4
0
9
5
14
8
8
0
4
12
6
3
7
0
4
5
4
4
5
0
3
4
3
8
7
0
8
10
7
6
6
0
8
6
6
4
7
0
5
7
5
3
9
0
169
214
235
189
293
167
156
142
188
204
213
233
183
257
207
7
5
0
2
1
5
4
6
2
6
9
4
6
8
4
3
1
4
2
0
1
1
5
5
6
1
2
6
1
2
1
3
2
4
2
8
11
4
5
3
8
3
8
2
5
4
6
4
4
1
1
0
1
3
9
2
1
2
0
2
4
1
0
1
1
0
1
1
2
0
1
1
2
3
2
1
1
8
1
6
2
4
1
1
1
2
1
0
2
2
1
1
1
1
2
0
0
0
1
1
2
0
1
0
0
1
1
1
7
7
3
5
4
1
2
1
2
2
0
2
2
2
1
1
2
3
3
3
2
1
1
3
2
1
1
0
3
1
1
1
1
2
2
2
2
46
44
40
28
14
81
51
33
76
79
31
51
11
83
28
7
2
3
2
7
15
4
6
4
6
3
3
13
9
3
2
2
2
2
5
5
2
5
7
2
7
4
1
5
6
3
9
5
2
9
19
7
11
5
1
7
2
3
9
3
6
5
3
3
11
4
0
1
2
5
4
2
1
2
5
4
4
2
3
1
2
1
4
3
3
4
1
1
5
2
1
3
3
3
10
3
1
3
0
3
6
4
0
4
4
3
5
3
1
1
2
1
6
1
4
3
2
3
4
2
2
2
3
1
20
7
8
1
2
1
9
3
2
0
10
1
8
4
3
2
3
4
7
1
1
2
2
3
2
3
2
2
2
2
5
2
6
3
3
12
80
29
64
22
74
87
84
78
28
86
49
30
61
89
2
7
5
1
6
5
4
7
8
4
7
12
2
4
2
1
2
2
4
5
5
3
15
3
5
1
1
3
7
6
5
8
3
6
6
5
7
3
2
6
7
2
10
2
3
2
3
2
7
1
1
1
2
5
4
2
3
1
7
2
2
1
3
1
1
1
4
3
4
4
1
2
3
6
1
5
4
6
3
2
7
1
2
3
3
3
4
2
2
6
1
3
3
2
2
2
3
1
4
2
2
2
3
4
2
2
8
5
5
8
13
2
2
3
2
1
2
2
5
8
3
1
4
1
1
1
6
1
4
1
3
1
2
3
3
2
2
3
2
4
2
3
1
171
118
164
128
211
106
186
143
204
99
145
110
143
195
147
3
3
4
1
2
4
3
7
1
4
1
3
2
1
1
1
1
3
2
2
1
1
2
4
3
1
1
1
1
2
2
0
2
5
4
9
7
2
8
4
9
2
0
1
2
2
4
3
2
7
1
1
1
1
14
1
5
7
0
2
1
1
5
3
8
2
3
2
1
2
1
21
1
10
2
2
1
2
0
1
1
2
0
1
1
3
3
2
4
2
2
1
1
1
3
2
2
1
0
0
2
1
2
4
2
3
0
2
1
6
2
4
3
1
0
0
1
1
6
2
4
4
4
3
1
1
5
4
1
3
1
0
1
1
3
3
5
1
0
1
2
1
108
127
131
48
122
146
114
80
124
148
78
192
79
155
35
11
2
5
1
2
8
7
2
4
4
5
5
6
0
2
1
4
3
2
3
2
1
20
6
2
1
1
5
8
5
2
3
4
2
8
5
5
1
2
1
11
3
1
1
4
4
2
5
3
1
1
1
2
6
4
2
4
1
3
1
4
6
17
2
4
2
5
4
1
1
10
5
4
1
3
4
5
1
0
1
1
1
3
2
3
2
11
2
6
0
1
1
3
1
4
5
4
2
1
2
2
2
5
5
4
1
1
3
1
0
7
2
1
1
2
5
4
5
6
5
3
1
2
3
4
4
5
2
2
2
2
1
2
8
10
5
5
2
5
3
2
27
31
44
10
53
20
19
23
55
32
75
29
16
49
24
4
5
1
6
7
10
3
5
7
9
9
11
2
7
3
4
8
1
6
3
1
10
3
2
1
3
5
9
4
2
3
3
6
9
11
4
9
5
3
12
8
3
3
3
2
9
2
6
1
2
1
13
3
4
3
5
2
12
2
1
1
3
2
8
2
3
1
2
2
6
3
10
1
4
2
8
3
1
3
2
1
5
4
4
5
2
3
10
2
0
3
4
7
8
3
3
2
2
2
2
2
9
3
3
2
4
10
5
3
7
2
7
0
3
1
2
4
5
7
6
2
4
2
8
2
2
2
9
5
5
1
5
2
4
3
7
2
4
3
2
251
84
217
165
170
101
239
185
163
120
79
77
158
161
125
11
3
1
2
5
1
9
6
1
3
4
6
2
1
1
1
2
3
2
1
6
0
3
1
2
4
1
5
5
15
2
4
2
4
2
7
6
2
1
2
1
3
5
0
2
1
1
2
2
3
2
3
2
0
1
4
1
1
4
1
8
3
3
5
4
2
2
2
1
1
3
2
6
1
2
1
1
1
0
4
1
4
3
2
2
1
1
2
2
1
1
1
1
1
1
1
1
0
1
1
2
3
2
7
8
1
3
1
1
1
0
1
2
2
8
2
1
1
7
3
5
1
2
1
2
1
3
1
2
1
1
1
1
1
2
4
2
2
3
279
225
277
299
240
242
277
255
266
220
208
294
254
240
223
1
1
6
8
7
3
5
2
3
2
4
4
9
1
4
3
12
7
2
5
4
2
9
17
1
0
3
5
5
10
3
4
2
3
7
9
3
2
1
2
16
14
3
5
2
3
6
2
5
22
3
3
1
2
10
7
1
2
3
3
7
2
8
7
8
2
2
4
2
2
3
6
5
4
2
2
2
3
2
6
1
2
3
1
3
1
5
4
1
7
4
4
0
3
5
12
4
2
3
2
5
8
3
6
5
14
1
1
5
0
1
2
2
2
4
1
3
17
8
7
7
2
5
1
3
1
1
2
1
2
4
2
2
5
5
4
2
8
58
77
97
95
108
105
76
97
37
83
125
25
87
50
28
2
21
6
3
7
11
2
7
5
3
4
8
2
10
6
4
6
1
9
2
2
1
2
3
2
5
6
4
11
3
8
5
4
5
7
1
6
5
11
4
2
2
2
1
2
2
4
3
2
2
4
1
6
2
1
5
3
2
1
2
1
2
4
4
3
7
2
3
5
2
3
9
2
4
3
2
1
7
3
4
4
2
2
2
1
6
1
1
2
3
1
3
2
2
5
4
3
3
5
1
4
2
6
10
11
1
2
1
1
3
1
3
12
2
1
3
4
3
10
3
1
1
6
2
6
2
1
4
6
2
2
1
4
6
5
8
5
90
175
189
195
201
115
114
109
116
258
229
196
203
176
229
22
10
12
12
3
8
2
6
1
1
1
5
4
8
3
1
3
3
2
2
2
2
11
4
5
5
3
1
13
14
16
7
11
6
4
10
4
7
3
5
3
11
2
2
1
4
1
4
3
4
3
3
4
1
0
2
3
3
1
3
2
5
2
3
1
4
4
3
2
3
2
4
5
6
1
3
6
2
2
1
2
2
1
1
1
1
4
1
4
2
2
2
0
0
2
1
6
8
0
2
2
6
5
4
6
5
3
2
3
4
3
4
8
3
2
2
1
1
2
2
4
3
2
2
2
2
1
1
13
4
2
2
1
0
3
2
38
40
22
37
25
77
87
87
68
88
86
95
79
75
75
23
20
10
8
13
24
4
14
4
5
13
13
9
6
8
3
8
6
2
4
2
11
21
17
9
10
7
21
13
26
17
19
16
15
8
11
6
11
11
10
8
3
3
3
3
8
9
8
8
7
13
8
3
3
7
6
2
2
7
12
2
9
3
4
13
7
7
7
9
7
23
6
6
10
3
5
15
9
5
5
1
3
5
9
4
7
2
4
3
4
5
3
0
4
4
10
6
9
5
4
7
8
7
10
5
4
6
8
9
8
4
11
18
9
7
12
5
6
7
2
4
8
5
2
5
4
5
12
4
7
11
5
4
15
3
23
71
83
92
84
22
22
18
12
80
107
122
88
86
140
4
16
13
12
11
7
3
6
6
16
10
11
4
6
7
8
11
6
4
3
12
9
13
10
4
8
15
16
16
17
8
15
6
8
4
6
3
4
7
9
6
4
1
3
4
9
7
4
4
7
7
7
3
7
4
4
5
4
8
4
1
2
8
13
4
7
3
7
6
6
7
4
4
4
5
10
9
8
1
3
5
4
2
4
5
4
6
2
3
6
0
3
2
2
6
3
4
4
6
4
12
5
8
5
5
7
10
4
3
6
10
5
15
5
4
12
12
7
5
7
2
3
6
4
1
4
6
3
9
7
6
4
2
2
140
119
89
189
143
113
93
141
125
85
121
182
86
92
135
11
5
10
4
1
5
1
1
7
6
4
7
2
3
3
5
1
1
3
5
8
3
4
10
3
9
12
14
16
4
14
3
5
6
7
5
3
3
11
2
1
5
5
1
3
3
1
2
6
1
4
1
3
2
5
1
3
2
2
2
2
2
3
1
1
2
5
2
4
3
1
4
2
0
5
1
1
2
3
1
1
3
1
4
1
2
1
2
2
1
1
1
1
4
3
2
2
4
6
6
2
1
2
1
6
2
4
2
5
4
1
1
4
2
4
3
4
1
1
1
3
1
4
2
3
4
2
2
2
8
3
1
4
82
79
38
72
163
75
41
51
98
26
226
79
44
52
83
15
11
8
4
11
7
2
8
10
3
11
2
2
3
1
1
2
4
12
9
6
15
17
8
11
14
11
18
27
14
3
9
5
5
8
6
2
4
1
1
4
5
3
5
2
2
2
7
3
4
2
8
3
2
2
4
3
3
4
2
5
6
3
6
5
5
8
7
4
3
3
1
4
10
3
4
4
3
3
7
3
3
4
4
1
7
4
3
1
1
1
2
2
4
2
2
5
13
12
8
9
4
2
8
4
3
3
12
8
3
3
6
7
4
6
5
1
4
3
7
3
4
2
5
10
4
4
3
5
9
5
5
41
90
34
87
123
25
138
60
112
18
63
77
63
99
79
7
11
4
3
8
3
7
10
3
8
5
2
7
1
2
3
2
4
11
4
4
9
18
8
11
10
19
32
26
7
15
13
13
7
11
2
9
2
1
2
5
1
4
7
5
4
9
5
11
1
1
5
2
1
3
4
1
3
5
2
7
1
2
2
4
9
6
6
2
2
2
3
7
3
2
2
3
2
5
8
2
2
5
1
2
1
2
2
1
4
4
4
4
2
3
1
11
10
8
1
2
3
6
20
3
8
7
8
4
8
5
3
5
5
5
1
6
1
4
2
4
1
5
5
6
3
3
8
9
2
8
77
81
95
102
116
41
115
100
70
69
73
97
121
84
91
7
3
2
9
5
5
5
4
5
7
6
2
3
5
2
1
9
18
10
3
1
7
8
8
11
7
11
7
4
5
5
3
4
6
4
12
3
3
1
2
1
1
5
4
3
9
2
1
0
4
3
8
3
4
2
4
2
3
6
3
1
3
2
11
6
2
3
3
5
5
1
3
3
10
3
1
1
1
1
2
2
6
3
2
1
4
1
2
2
2
4
7
5
3
4
3
7
4
2
6
8
11
1
7
5
5
6
2
2
9
2
5
6
1
1
11
1
9
2
1
1
6
5
5
6
7
3
11
2
4
104
83
20
95
75
94
7
108
36
19
76
98
14
20
27
6
1
7
3
6
7
2
3
9
4
2
2
3
2
4
10
9
7
5
3
11
5
9
15
4
7
12
4
3
8
3
4
10
3
15
5
4
1
5
2
4
1
2
3
10
6
1
3
9
6
10
4
14
3
3
4
7
3
5
5
4
2
8
2
2
2
3
6
3
3
2
3
3
2
4
5
2
3
3
3
7
3
3
3
3
2
2
4
1
3
5
10
5
2
3
3
5
2
6
4
2
1
3
5
6
5
2
5
5
1
9
7
2
2
5
5
9
3
3
3
10
5
4
11
7
2
4
1
4
96
105
77
104
99
78
75
97
71
74
80
80
79
100
105
1
2
3
3
2
2
5
3
0
1
4
3
1
1
2
5
4
3
5
7
1
4
2
2
7
3
2
1
7
3
3
4
1
3
2
2
1
1
0
1
2
2
4
11
1
2
1
3
3
2
3
1
1
4
2
2
1
3
1
5
1
3
0
1
1
3
1
0
0
6
2
3
1
3
6
1
0
1
1
3
2
1
2
2
0
1
1
2
1
4
2
0
0
1
3
2
3
1
7
0
1
2
4
8
2
1
4
3
5
2
2
2
1
4
3
7
3
1
1
3
3
2
1
3
2
2
3
2
266
176
117
84
166
176
134
82
183
166
51
178
48
153
75
4
3
2
4
2
5
2
3
2
1
2
3
4
3
5
0
9
5
3
4
3
3
7
9
7
1
4
2
5
3
3
2
1
1
1
5
2
1
4
1
1
1
1
3
1
2
1
2
1
1
2
2
3
1
1
2
1
1
1
3
3
6
3
4
2
3
0
2
3
1
1
1
0
1
1
2
3
1
0
0
0
0
1
2
0
1
0
1
1
0
2
2
4
6
3
2
0
2
3
10
2
2
1
2
1
2
1
7
3
6
3
0
0
1
3
0
2
3
2
2
1
1
1
1
2
1
2
49
24
54
48
70
78
86
69
96
44
26
50
87
170
90
9
2
3
4
3
2
5
1
1
2
2
8
3
2
4
4
7
3
1
8
7
3
5
6
3
1
3
3
4
3
1
4
1
3
2
1
2
13
1
6
1
14
3
20
13
2
2
1
3
2
4
9
3
4
2
3
3
1
1
4
4
10
2
4
3
3
10
2
2
9
1
2
1
0
1
3
3
2
2
1
2
3
1
2
3
0
1
4
2
2
2
2
3
6
0
1
1
3
1
3
4
5
3
2
5
1
2
1
8
4
0
2
5
1
2
1
2
4
1
0
1
1
4
7
2
13
92
84
85
122
113
85
96
98
91
161
92
79
100
98
104
1
1
4
4
5
1
2
0
1
2
3
1
2
1
1
7
5
1
5
1
1
5
5
3
2
1
2
1
4
2
2
2
1
1
1
3
1
9
2
4
2
5
4
9
9
3
1
12
4
11
7
9
8
1
2
5
2
2
11
1
2
1
1
1
2
2
3
3
4
2
1
6
1
2
7
4
2
1
2
1
2
3
5
10
4
1
5
2
3
1
3
3
2
1
1
7
6
2
1
2
3
1
4
1
1
4
17
12
2
4
3
2
5
2
3
1
3
1
6
5
1
2
4
2
3
113
76
80
92
109
98
100
127
108
107
101
111
88
89
130
8
3
3
4
6
7
2
2
3
3
2
14
4
3
8
5
6
10
8
1
12
4
2
4
8
3
1
2
1
8
4
4
1
1
1
3
3
3
7
3
1
4
1
1
5
3
3
4
1
4
1
2
4
1
3
1
2
3
1
2
3
4
2
3
3
2
2
2
12
3
3
2
2
2
5
1
2
5
6
1
0
1
3
2
4
7
6
3
2
2
3
2
2
11
3
8
0
2
2
2
2
3
3
3
2
3
1
3
14
6
5
4
2
1
2
2
5
3
3
5
1
3
2
3
25
20
36
28
19
99
90
91
61
81
86
43
103
45
37
4
5
3
2
12
4
4
8
4
9
7
12
8
4
3
3
15
10
7
7
7
3
11
9
4
4
3
1
6
2
3
2
1
2
2
3
6
6
4
2
5
2
2
6
5
1
6
5
4
3
2
3
6
4
7
3
8
3
2
2
3
3
2
2
4
4
6
3
4
2
2
5
3
2
3
3
3
2
5
2
2
3
2
2
4
4
6
4
4
13
5
2
3
8
4
2
3
5
3
5
3
4
5
3
2
4
3
3
4
8
6
2
3
4
6
4
2
3
6
4
5
3
3
111
149
25
111
149
180
29
169
184
29
187
224
23
35
179
5
11
3
1
1
2
1
1
5
4
1
1
4
3
7
10
3
9
6
4
1
1
2
1
5
3
1
6
2
2
1
2
3
1
4
1
3
3
1
2
1
3
3
2
1
2
1
4
3
1
1
2
1
1
2
1
3
2
1
3
1
2
1
6
1
4
1
0
1
2
4
3
1
1
1
1
1
1
1
1
1
2
1
2
4
1
2
1
9
4
4
1
1
5
3
5
2
3
3
2
1
2
1
1
3
2
1
4
4
1
2
6
1
5
2
1
1
3
3
4
8
1
80
78
88
85
82
99
107
84
135
85
113
97
78
104
84
7
2
2
2
1
3
4
4
5
1
2
10
5
4
11
4
5
9
9
1
4
3
2
6
6
1
7
2
1
2
5
1
7
1
2
2
5
2
3
3
6
2
1
1
1
6
5
4
3
2
4
1
1
5
3
1
6
2
4
4
3
2
9
3
7
3
2
1
2
2
3
2
3
1
5
3
1
3
2
1
3
3
4
9
3
1
7
13
11
2
1
2
2
1
2
4
4
4
3
5
4
1
3
2
5
2
5
4
4
1
1
3
4
1
2
2
2
4
5
4
3
75
101
95
99
93
112
141
74
105
104
101
134
88
134
92
1
4
2
2
6
10
3
4
6
1
4
5
3
5
3
2
3
2
1
4
1
3
2
2
1
3
4
2
2
2
4
5
1
2
3
4
1
3
4
11
1
1
3
3
1
3
2
5
1
3
2
2
3
1
1
1
2
1
3
1
4
1
5
5
2
3
2
2
3
6
3
3
2
3
3
6
3
8
3
1
3
1
2
4
1
5
10
1
1
2
1
6
0
1
2
8
3
4
2
7
2
2
1
1
2
1
2
3
2
2
6
5
1
1
4
1
3
3
6
7
185
195
276
299
186
193
189
178
223
230
187
191
272
199
182
2
8
1
0
3
4
2
1
1
1
5
2
3
5
5
4
5
7
3
1
1
1
2
1
1
4
2
0
1
0
1
1
1
1
3
1
1
1
2
1
2
1
0
1
1
1
2
1
0
4
1
1
1
1
1
4
2
1
1
1
1
1
2
3
2
0
1
1
1
1
1
1
0
0
1
1
0
0
0
4
1
0
2
0
2
6
4
2
1
4
2
0
0
1
1
2
2
3
1
0
1
0
0
1
1
0
2
0
1
1
5
1
2
1
3
1
4
2
3
179
144
135
200
182
122
124
270
161
149
122
161
133
135
180
3
2
6
3
3
2
5
1
4
4
8
6
5
5
10
2
5
2
3
4
3
2
1
4
5
11
2
1
2
6
1
3
1
4
3
5
1
2
10
5
3
4
1
3
9
1
1
6
6
3
2
2
4
2
0
2
3
1
1
4
2
5
4
1
7
5
1
2
2
2
4
2
2
4
3
1
5
5
2
3
4
1
1
1
3
6
2
4
2
7
0
3
2
2
7
4
3
4
1
3
4
1
4
2
4
2
3
2
3
2
2
2
4
3
2
2
1
4
225
163
147
167
245
133
136
130
202
154
153
156
136
155
156
0
2
1
4
5
3
4
2
4
3
4
5
1
6
3
12
2
1
1
1
1
2
2
3
2
1
0
0
1
4
1
2
1
0
2
0
1
1
1
1
3
2
1
1
1
2
5
1
3
1
5
1
1
2
4
2
4
0
3
1
7
1
0
0
1
2
5
1
1
4
2
1
1
0
1
1
2
3
2
5
5
1
1
2
1
1
7
8
3
0
2
2
3
1
1
1
2
1
3
1
4
0
3
3
1
1
2
1
2
1
2
2
4
2
3
1
1
202
185
192
262
241
208
246
210
252
259
210
204
207
248
224
3
1
1
2
3
2
1
0
4
3
6
2
6
2
2
2
3
2
1
1
2
2
2
1
3
1
1
3
2
1
1
2
2
2
1
1
1
2
2
3
2
1
3
1
1
3
1
4
1
3
2
4
1
3
1
5
2
1
2
2
1
1
1
1
2
2
2
1
1
1
1
2
0
1
1
1
1
3
2
1
1
3
2
1
2
1
1
3
1
1
2
2
1
1
2
2
0
1
2
1
2
1
1
1
0
2
3
1
1
2
2
3
1
0
1
6
215
217
190
240
255
219
228
226
259
223
216
260
188
217
261
2
3
2
1
0
1
6
1
5
3
1
3
2
1
6
0
1
11
3
1
1
1
3
1
0
1
8
6
4
1
3
1
2
2
1
1
2
1
2
6
1
2
2
3
3
1
1
1
1
1
3
1
2
2
1
1
2
2
3
0
3
1
5
0
1
1
7
2
2
1
2
1
2
2
1
1
9
3
1
2
2
3
3
0
2
4
6
2
1
0
2
2
3
2
4
2
2
5
2
2
2
3
3
12
5
2
3
0
2
6
3
2
3
1
2
131
324
203
244
190
129
153
136
123
197
206
177
188
149
250
1
1
3
3
4
3
2
4
1
3
1
4
1
3
2
2
9
1
1
3
1
3
1
2
1
2
11
3
1
2
1
1
3
3
2
2
1
1
8
16
18
6
1
1
4
3
1
2
2
10
0
1
2
1
2
4
3
8
2
2
1
1
3
5
1
1
1
1
2
1
1
2
4
3
2
1
2
1
0
6
12
6
1
3
0
1
0
3
4
5
2
2
1
2
0
2
2
9
2
3
1
2
0
1
2
2
1
1
3
2
2
4
3
2
37
74
77
84
80
39
20
23
26
31
80
75
75
79
105
8
10
5
1
4
32
7
10
28
18
13
3
2
5
20
5
5
3
9
4
1
1
5
2
1
8
1
1
5
2
3
1
4
1
1
1
1
3
2
1
2
3
3
7
1
6
3
3
1
5
2
3
3
3
7
1
2
2
2
2
3
4
2
2
3
4
1
2
1
1
1
2
0
7
4
1
2
2
2
8
1
2
3
5
7
4
4
2
1
6
2
1
2
5
4
4
3
6
2
2
9
2
2
4
10
2
3
3
2
5
0
1
6
116
112
24
74
82
120
18
113
93
60
113
110
7
15
164
11
4
15
7
7
8
14
5
11
8
3
3
7
3
8
8
7
9
6
2
4
2
0
5
3
4
3
4
2
3
1
1
4
1
4
2
4
2
1
4
2
9
5
4
9
3
2
2
7
4
5
4
1
4
14
7
2
3
2
4
3
3
2
4
2
2
2
3
1
3
1
1
9
8
5
6
1
4
3
2
4
4
6
7
3
3
5
8
6
5
2
9
2
6
1
5
7
7
3
4
2
1
2
6
2
7
3
4
2
5
3
4
186
161
135
102
159
152
136
111
141
103
89
143
128
170
122
1
9
4
15
6
7
4
4
6
9
10
8
3
11
6
4
5
3
2
3
2
1
3
8
6
2
5
2
3
3
3
8
5
4
5
3
1
3
2
2
5
4
4
3
4
3
1
4
2
7
3
1
4
3
2
4
9
3
2
4
2
2
7
4
4
3
7
1
4
3
2
6
13
10
12
2
5
4
1
4
5
12
13
3
1
4
4
2
3
8
3
3
6
5
5
3
5
3
11
2
3
2
3
1
2
12
8
2
2
3
3
94
123
134
115
86
119
125
126
130
133
144
98
148
119
122
11
3
16
2
7
6
8
6
3
2
6
3
2
7
3
2
3
1
4
5
1
1
8
2
1
2
2
0
0
1
3
1
1
2
2
2
1
2
5
1
2
1
3
5
2
5
3
1
1
1
4
2
3
2
3
1
1
0
6
1
1
1
1
1
0
1
0
0
1
1
2
1
1
1
7
3
8
2
5
2
1
2
10
1
4
1
1
2
9
1
2
3
1
1
1
3
3
5
2
2
1
2
4
2
2
2
7
2
4
2
125
65
81
18
87
95
105
40
115
85
18
59
18
149
25
21
4
18
9
7
11
11
2
8
6
4
7
4
2
5
2
1
5
8
6
9
6
3
3
8
3
7
1
1
2
3
1
3
3
2
1
2
1
4
3
1
8
8
2
3
2
1
4
2
11
9
4
0
1
1
1
3
4
2
3
2
1
4
3
1
2
5
1
2
1
1
2
7
1
10
10
5
4
3
3
8
3
2
6
6
3
5
2
2
3
5
2
6
3
1
3
6
2
3
3
2
1
6
2
3
2
3
2
3
176
21
123
117
133
12
148
94
148
98
68
16
95
123
87
11
6
14
9
5
5
4
3
6
3
10
2
2
5
2
2
3
1
5
3
3
2
3
8
5
5
2
2
4
3
1
2
6
2
2
1
2
2
2
4
9
10
9
2
4
1
5
3
4
10
5
17
5
2
3
4
11
2
2
1
1
2
2
4
2
2
8
3
7
4
1
6
3
8
8
8
1
5
2
7
3
11
5
5
4
3
3
4
2
2
6
3
2
6
3
2
2
1
4
4
1
3
3
4
2
2
5
3
56
36
65
26
43
96
28
157
113
10
106
93
33
51
115
2
15
12
22
12
3
4
6
10
7
9
6
4
1
1
1
5
1
3
6
1
1
6
4
1
8
1
6
3
1
2
4
9
2
2
2
4
2
2
4
11
4
1
3
2
3
1
3
2
3
3
0
2
1
0
1
0
3
3
2
1
0
1
0
1
1
1
4
1
1
2
5
4
1
4
4
5
2
2
4
3
1
5
10
0
2
4
2
3
1
3
3
1
1
7
3
0
0
3
2
3
1
0
1
2
2
5
100
104
96
114
89
76
76
78
42
85
120
79
89
49
87
18
10
15
19
6
8
7
5
6
10
5
5
4
2
5
6
2
4
9
11
8
11
5
7
5
4
4
9
9
4
4
4
6
9
3
12
6
5
3
14
7
3
2
3
8
6
4
3
5
7
3
4
5
6
2
4
2
5
3
7
2
2
1
2
3
2
7
9
5
4
5
3
2
5
6
6
6
1
4
2
9
3
25
7
4
6
7
8
6
6
3
6
7
7
1
2
2
3
10
15
8
8
7
2
8
6
106
89
75
113
85
131
115
116
125
100
103
87
96
97
97
10
16
6
6
3
11
4
4
7
6
14
12
4
3
4
4
3
8
4
5
3
4
1
2
8
6
3
2
2
3
19
2
2
5
6
6
19
5
9
14
6
7
5
12
4
3
5
9
9
4
2
8
5
3
7
2
1
7
1
3
6
1
1
4
2
7
8
2
10
4
5
5
7
5
6
7
7
3
7
3
7
9
8
6
10
4
5
8
3
6
7
1
4
2
2
2
14
11
13
9
8
5
5
6
5
151
161
155
79
76
193
215
92
78
242
91
88
96
84
44
13
6
1
5
10
5
9
4
3
3
0
2
6
4
2
0
6
3
5
9
10
1
0
4
4
3
1
2
4
1
2
0
3
1
2
3
5
8
4
5
10
8
2
0
5
2
1
2
0
1
1
0
2
3
5
0
1
2
1
1
1
1
1
1
7
3
2
2
12
2
8
6
3
2
4
4
2
7
4
6
9
3
2
6
3
4
9
3
0
2
1
6
1
2
0
2
4
1
3
1
5
2
4
4
76
46
74
67
52
68
129
76
97
70
57
70
103
86
54
20
9
8
8
4
3
13
7
13
2
3
2
6
5
7
6
4
1
9
4
4
2
7
2
6
3
3
8
7
3
3
6
5
3
6
2
4
7
8
9
3
2
1
5
15
4
1
2
2
6
7
5
2
2
3
5
3
2
3
1
1
3
2
6
6
0
3
8
11
10
3
2
3
3
5
9
5
3
4
8
3
5
5
3
6
7
9
2
4
1
8
4
5
4
4
3
12
7
10
18
9
1
7
35
89
91
55
78
73
50
104
79
152
93
128
77
115
74
7
13
9
5
4
17
6
5
3
2
5
8
5
5
9
8
5
11
5
3
1
1
4
3
2
5
13
6
5
3
2
5
2
4
4
7
10
4
7
7
1
3
6
6
3
2
3
1
3
2
6
1
2
4
2
1
2
4
2
2
4
3
2
4
1
2
8
5
7
6
3
8
10
18
5
7
18
2
8
4
3
7
11
10
11
9
2
1
3
11
1
4
3
9
6
3
5
11
7
2
10
7
178
69
229
228
153
65
184
181
193
60
55
91
246
177
171
7
1
1
2
1
6
6
2
2
1
0
0
1
3
2
2
5
0
1
2
1
4
3
1
1
1
1
2
1
2
6
2
1
2
1
1
1
2
7
2
3
0
2
2
2
3
4
0
2
1
1
2
1
2
2
1
3
0
1
0
1
5
9
3
4
1
4
14
2
6
5
3
2
2
3
1
1
5
3
3
1
1
2
2
5
4
1
3
5
1
5
1
2
3
3
1
6
1
0
1
3
47
33
62
88
47
93
89
78
75
84
61
79
117
113
107
11
3
4
6
3
5
6
3
3
3
1
1
7
6
6
6
2
2
3
1
3
2
4
2
7
1
5
1
4
10
4
3
2
2
2
1
5
2
3
7
4
5
5
3
2
3
4
1
3
2
3
2
7
1
4
2
1
2
3
2
4
5
2
2
2
2
5
5
1
6
6
1
2
1
3
4
1
2
5
2
2
3
8
3
3
5
3
18
2
1
6
4
4
2
4
1
3
4
2
10
55
24
26
33
42
26
17
16
20
151
73
122
76
118
92
7
2
1
2
3
1
3
2
2
3
2
3
5
6
2
7
1
1
6
5
2
0
2
1
2
2
1
3
3
2
5
1
4
2
6
1
2
6
1
1
3
4
1
3
4
2
2
1
1
2
2
2
1
2
1
0
1
2
1
4
4
1
2
2
1
2
10
2
4
6
5
3
5
4
4
2
3
2
4
3
5
2
2
2
3
3
6
2
2
4
3
7
7
2
2
6
3
3
4
156
189
185
175
77
147
135
184
79
288
252
127
251
107
99
3
4
2
2
0
0
1
12
3
0
3
1
4
3
2
2
3
2
1
1
1
1
1
2
2
1
2
2
0
1
5
1
3
3
1
0
1
5
10
2
2
1
4
4
1
2
2
1
1
2
2
1
2
3
1
1
5
0
1
4
1
2
11
4
4
2
4
3
3
1
2
0
2
3
4
1
3
0
2
2
7
1
0
0
4
2
2
0
2
1
3
1
4
2
1
2
4
1
84
140
26
16
14
23
121
38
89
5
12
6
5
149
3
2
6
9
2
1
3
2
1
6
3
1
2
5
4
5
4
2
4
2
2
2
3
2
2
2
3
8
3
5
2
5
4
1
1
0
2
2
3
6
4
3
1
2
2
4
3
3
3
1
1
5
1
2
4
1
2
2
3
3
2
2
2
4
19
4
0
1
1
4
3
5
1
1
4
2
1
1
3
5
3
2
2
1
2
2
2
3
3
4
2
1
2
6
3
2
3
6
105
160
81
75
106
80
112
82
68
48
79
96
44
78
43
5
4
3
2
3
1
1
14
5
3
1
6
2
4
3
1
2
4
2
1
2
5
3
4
1
4
2
4
8
5
6
4
3
5
1
5
3
2
2
1
1
1
3
1
1
2
3
4
1
4
0
1
1
3
1
0
5
1
1
2
1
2
4
4
3
3
7
5
3
2
3
3
8
1
3
2
6
2
4
4
3
1
4
4
1
0
2
1
3
5
4
2
3
2
1
6
363
335
318
332
360
354
5
3
1
0
0
1
2
5
2
3
1
0
1
2
0
1
1
2
1
1
1
2
1
2
3
2
1
2
3
3
5
4
6
7
2
1
4
2
1
6
2
3
1
1
1
1
0
5
1
2
2
0
1
1
0
9
4
6
3
0
1
1
2
2
5
6
10
1
5
1
2
6
2
2
1
2
2
1
0
2
4
2
2
0
0
1
1
9
1
1
2
3
1
2
1
233
135
206
175
159
106
8
11
1
1
1
1
7
1
5
5
3
0
2
1
4
1
2
4
2
2
1
1
4
4
5
2
3
3
11
1
11
4
5
2
1
3
3
2
2
3
1
4
1
3
6
3
3
2
2
7
1
0
2
2
6
6
4
3
1
2
3
8
6
4
2
7
2
2
3
3
3
4
7
6
2
1
4
4
2
2
2
7
2
2
2
4
6
6
6
4
4
4
4
2
258
222
221
195
245
202
7
0
1
2
2
3
2
2
1
2
1
0
5
4
2
3
8
1
3
3
4
5
4
3
2
1
2
2
3
1
2
9
12
2
1
2
3
3
3
1
3
1
1
2
2
5
3
4
5
0
1
1
1
6
2
5
6
2
3
1
1
1
1
9
11
1
1
1
2
1
2
1
4
2
2
2
3
4
9
6
3
1
1
2
6
1
1
2
7
2
4
0
3
246
181
251
185
229
211
1
2
1
3
6
1
2
2
1
1
1
2
3
4
2
2
1
9
1
0
1
2
7
2
0
2
2
2
1
1
1
2
0
7
3
2
2
3
1
4
3
2
1
1
4
2
2
3
1
3
1
1
0
1
1
2
1
2
4
2
1
4
1
3
1
1
1
2
1
6
4
2
1
2
1
1
3
3
1
2
1
3
1
2
4
5
3
5
2
2
2
1
302
288
280
355
326
345
2
3
4
2
1
0
1
2
2
2
1
1
0
0
1
1
8
2
2
0
2
1
0
0
1
2
2
3
1
2
2
4
2
1
1
0
0
0
2
3
1
1
2
1
0
1
2
4
2
0
0
0
0
0
1
2
1
3
1
0
1
1
1
3
0
10
6
4
1
0
1
1
3
2
2
1
1
1
2
1
0
1
2
2
1
0
1
2
5
3
1
250
270
313
203
246
244
3
2
0
3
5
4
2
1
1
6
1
2
1
1
1
1
1
1
1
2
4
2
0
0
8
2
5
4
2
1
1
2
2
2
1
1
1
0
3
3
0
1
1
1
1
1
0
1
2
1
0
1
1
2
2
4
3
7
3
2
1
1
5
1
1
1
2
1
1
1
2
2
3
1
0
1
1
1
4
1
1
2
1
1
2
2
1
2
3
2
192
257
232
237
260
251
0
1
2
2
3
4
1
6
1
1
3
2
2
5
1
2
1
1
1
2
1
1
1
9
1
0
0
1
5
4
2
2
3
1
1
1
1
6
0
3
1
1
4
0
2
5
2
1
2
0
0
0
13
2
4
9
3
0
2
1
2
2
1
5
3
1
1
1
1
1
3
2
2
0
3
1
2
8
2
2
4
0
2
1
1
2
8
8
3
173
234
173
239
335
229
1
1
1
2
2
7
2
2
1
2
4
2
9
1
10
6
1
1
4
2
2
9
3
4
0
2
2
1
1
4
3
0
1
1
1
2
1
4
5
6
1
1
2
5
2
6
4
1
5
2
2
1
1
2
1
2
0
1
4
3
2
3
4
1
2
5
6
3
2
1
2
6
2
3
3
2
0
2
1
3
5
1
2
2
1
1
1
2
129
114
126
138
182
120
11
1
6
4
13
2
3
3
6
1
2
1
6
0
3
4
5
2
4
3
5
1
6
5
3
4
3
2
3
2
3
6
1
1
3
1
2
1
2
3
2
1
3
0
3
1
1
9
4
1
6
1
4
2
4
6
9
3
7
2
3
1
1
5
5
1
2
1
5
1
8
3
5
1
2
1
3
1
2
6
8
1
8
1
3
1
5
145
140
96
133
77
101
13
7
2
4
2
2
9
3
4
10
1
2
3
3
2
11
1
2
1
2
3
1
0
1
2
3
0
4
2
1
1
3
19
5
1
3
2
4
1
11
5
5
2
2
2
2
1
9
6
8
1
1
2
6
1
7
9
4
1
1
5
2
2
6
9
16
1
6
6
8
9
5
1
6
5
1
3
7
1
12
8
13
2
4
3
2
120
54
82
105
105
100
14
1
4
5
2
1
1
10
2
1
3
1
9
3
2
1
4
1
6
2
2
2
3
4
1
1
4
2
1
2
2
3
4
1
4
1
16
1
4
6
11
1
1
3
2
3
5
2
1
1
4
1
2
1
1
4
5
3
1
4
2
4
4
8
4
2
2
2
4
3
6
7
5
1
2
5
8
1
6
7
6
0
3
2
3
118
137
97
116
113
120
6
10
4
3
3
6
7
3
2
2
2
12
2
11
2
4
3
6
3
2
1
2
4
2
2
9
6
4
4
8
7
3
1
4
13
5
1
7
4
7
1
2
11
2
5
3
3
3
3
9
3
2
2
4
4
4
3
4
2
6
4
11
5
3
2
11
4
2
7
6
5
11
3
5
4
5
3
12
12
12
4
6
4
4
63
64
81
164
122
116
4
2
1
1
1
1
1
3
2
2
2
1
1
0
1
2
5
3
5
1
1
4
0
8
2
3
6
3
2
2
1
4
1
1
1
1
1
0
1
2
2
2
0
2
0
1
2
1
5
4
8
3
1
5
1
4
1
3
6
1
1
4
1
1
7
3
2
1
1
1
1
4
1
1
2
2
3
2
1
9
2
2
3
119
98
87
163
119
164
8
9
2
5
3
4
9
6
9
5
4
6
1
3
3
4
2
6
1
4
2
2
1
2
2
5
2
3
2
1
2
4
3
4
2
2
1
1
2
1
3
13
3
3
1
4
1
3
1
2
1
2
6
4
0
6
14
1
3
3
4
1
3
13
9
6
4
4
2
4
2
2
1
2
1
9
2
6
3
11
1
12
120
149
199
109
129
176
19
1
2
3
2
1
5
4
14
0
1
1
1
1
1
2
1
0
1
0
2
1
1
1
2
0
1
1
2
1
2
3
13
1
2
3
8
3
5
10
5
3
1
1
1
2
3
1
3
0
1
5
1
1
1
4
1
1
2
1
2
1
7
2
13
2
1
2
6
11
9
2
6
2
1
4
6
3
7
2
4
92
115
89
71
80
104
3
4
0
1
1
2
1
1
2
4
1
2
2
4
2
2
1
5
1
0
1
4
2
4
1
1
1
2
4
3
2
2
1
4
2
6
1
8
4
4
1
2
0
2
2
6
2
6
1
5
3
4
0
1
3
3
2
2
1
2
2
6
2
8
3
4
1
6
2
2
4
11
1
6
2
2
2
6
1
2
95
89
18
174
132
180
6
2
3
3
4
2
1
1
17
5
8
2
4
3
0
0
0
2
1
1
3
4
2
2
1
1
2
0
3
3
1
1
2
2
2
0
1
1
1
6
3
1
3
0
1
1
1
1
3
8
2
2
3
1
2
4
4
2
4
2
2
1
1
8
4
2
2
0
3
1
1
3
3
1
5
0
2
2
2
169
134
180
165
224
208
6
4
1
22
2
1
1
11
2
10
1
3
3
1
2
0
6
3
0
1
4
5
1
3
5
7
0
5
1
2
1
3
2
1
1
2
2
5
3
2
3
8
0
2
3
5
2
5
5
4
1
6
2
1
3
7
10
3
2
1
3
1
1
4
2
11
2
1
4
4
5
30
12
12
5
3
2
3
138
153
135
123
162
143
16
4
2
1
2
0
9
2
1
1
1
1
1
0
3
3
4
1
2
1
3
0
4
5
7
1
2
2
17
3
13
2
3
0
1
1
7
1
6
7
7
0
1
1
5
0
1
4
3
0
1
1
1
2
10
2
4
0
0
2
2
10
5
1
3
1
3
2
2
4
9
20
4
1
3
3
3
67
122
116
75
92
112
1
3
5
1
2
8
3
1
2
3
1
1
1
2
2
5
0
3
2
6
6
3
3
4
2
2
4
1
1
2
7
17
2
2
2
3
2
10
9
3
0
3
1
4
1
4
3
9
1
4
3
1
4
3
3
3
1
2
1
2
1
8
8
9
3
4
2
3
3
6
6
5
1
1
1
1
126
108
152
107
109
105
12
8
2
1
1
1
0
0
19
3
7
1
1
2
1
2
1
3
4
1
1
1
1
5
4
3
1
2
2
1
1
1
6
1
0
2
1
1
1
1
3
1
5
2
1
2
1
2
3
6
8
3
1
5
2
1
6
5
5
1
1
1
1
1
1
1
2
4
0
3
3
1
2
3
3
139
119
116
133
129
149
12
4
0
1
2
2
1
7
3
4
0
1
4
1
2
2
3
2
1
1
5
3
3
8
5
1
0
4
2
1
1
4
3
2
0
3
1
2
2
4
2
8
1
1
7
15
0
2
3
3
2
10
1
1
5
6
2
5
0
2
2
1
2
2
1
0
1
1
4
3
11
9
3
8
120
133
114
123
163
122
11
1
9
1
4
2
5
0
6
1
1
1
1
2
3
2
2
1
2
1
4
3
2
2
9
1
1
2
1
3
9
2
4
2
3
2
2
1
2
2
3
1
5
8
5
1
4
2
2
10
6
1
2
3
7
4
4
2
4
3
10
2
2
1
4
0
19
4
3
6
4
2
21
116
100
125
106
106
111
1
2
2
2
2
4
1
1
4
4
4
1
5
1
1
1
1
1
3
1
2
2
4
10
1
2
1
1
1
2
10
4
3
1
2
3
2
4
2
4
1
2
9
2
1
2
5
4
5
4
6
3
2
7
4
11
3
0
2
5
5
3
5
3
3
6
28
1
2
6
2
20
193
261
198
231
167
184
4
2
3
1
1
1
1
4
4
2
2
0
2
1
1
1
1
1
1
0
1
2
2
1
2
3
2
1
1
0
1
5
6
3
4
1
1
1
3
1
3
3
2
1
2
0
5
1
2
1
3
2
2
1
5
1
1
2
4
1
1
1
1
2
1
2
2
0
1
1
6
160
163
204
158
213
185
14
21
2
1
1
1
2
2
2
7
4
2
0
12
4
2
4
4
1
4
5
4
4
8
2
5
2
1
2
4
4
14
10
6
5
3
4
5
2
2
4
3
1
3
1
3
5
6
4
9
4
4
3
4
9
2
5
6
3
1
2
4
5
9
3
10
4
1
1
5
225
258
228
237
311
259
2
2
3
4
5
2
1
3
6
1
2
2
4
4
3
3
1
1
2
1
2
3
2
2
1
1
1
2
0
5
2
2
3
2
1
1
1
2
9
1
2
1
2
0
2
2
2
4
3
1
0
3
1
5
2
3
2
1
2
1
2
5
4
2
6
1
4
2
1
233
260
272
212
236
262
1
1
2
6
2
1
4
1
2
2
2
1
5
1
4
4
1
2
1
3
2
5
1
2
1
1
1
0
3
4
3
1
1
2
4
3
1
3
1
2
2
1
1
2
8
11
4
3
2
4
1
6
1
2
2
3
1
1
2
1
3
2
8
5
2
1
1
3
221
246
245
186
294
208
2
1
0
1
3
2
0
3
2
1
2
1
1
0
2
1
1
0
1
1
2
0
0
1
1
2
1
2
2
2
1
3
3
7
2
1
2
2
2
1
1
2
2
2
1
2
0
2
2
2
1
0
3
1
4
1
1
1
2
2
2
1
1
1
3
4
2
225
144
218
136
197
138
2
1
3
6
6
5
2
4
2
1
2
0
2
4
4
5
1
4
2
3
1
4
1
2
3
1
2
2
1
2
2
3
2
2
3
2
2
1
5
2
10
2
3
3
3
2
5
1
8
14
2
3
2
5
1
1
2
2
4
2
5
3
6
3
2
8
154
179
118
130
175
100
4
3
1
2
2
3
2
3
1
1
1
0
3
5
2
3
1
1
2
2
2
1
2
4
1
2
4
0
2
5
4
2
13
4
3
2
1
4
1
6
3
2
2
5
2
4
4
4
3
1
2
2
1
2
1
2
1
2
2
4
2
5
9
4
6
94
128
231
156
92
117
2
1
1
4
2
2
4
6
4
1
1
1
4
2
1
4
2
1
2
2
1
1
2
1
3
2
1
2
7
1
4
3
1
2
3
2
3
5
3
8
2
1
3
2
4
3
5
9
2
1
1
2
1
0
2
1
2
2
4
1
4
4
2
3
97
160
241
128
107
182
7
4
3
1
5
1
2
2
1
1
0
0
0
2
1
1
0
2
1
0
1
1
1
2
3
1
2
2
2
3
1
6
2
1
5
1
1
5
1
1
2
2
3
1
2
2
4
1
0
1
2
2
1
1
1
5
2
1
4
3
1
1
4
130
157
119
133
112
116
2
1
1
2
4
0
1
0
1
1
1
0
2
2
0
1
4
1
0
3
1
0
3
4
4
3
1
3
8
0
2
5
1
3
1
1
1
1
2
2
2
1
0
2
2
1
1
1
3
4
1
0
2
1
1
4
2
1
1
3
1
3
185
141
190
137
235
139
4
1
3
1
2
1
1
2
1
0
1
1
6
1
2
3
0
1
2
2
1
3
2
3
8
1
4
5
3
1
2
2
8
1
1
2
2
1
1
4
2
1
3
1
4
1
6
1
2
1
1
1
1
2
2
1
8
1
2
2
2
107
149
140
146
158
159
1
1
3
1
2
1
6
1
0
1
3
5
2
2
2
1
1
1
3
1
1
3
5
3
0
2
2
1
1
1
2
8
2
1
1
2
3
2
1
1
1
5
1
2
8
5
1
6
2
0
1
1
1
2
3
6
1
1
5
3
225
213
213
297
167
169
2
5
0
1
1
0
0
2
3
1
1
1
0
2
1
2
1
1
1
1
0
1
1
3
3
4
2
0
1
1
1
1
1
3
5
1
1
2
0
0
8
2
2
0
1
3
2
3
0
2
0
1
3
0
1
2
5
1
2
107
157
127
184
182
214
7
3
2
1
2
5
1
2
3
3
2
1
2
2
1
2
1
2
1
1
1
3
2
5
5
7
3
3
5
3
3
2
1
3
6
2
3
3
1
2
3
3
2
3
2
4
3
3
1
2
2
3
2
3
3
5
3
2
159
176
130
165
136
129
1
1
3
3
1
2
4
1
1
1
2
1
2
2
0
4
2
2
5
3
1
1
5
3
15
1
3
1
2
3
7
4
3
2
4
2
2
1
5
2
2
1
0
3
4
3
1
1
2
2
4
1
1
1
3
3
1
129
117
117
190
150
164
1
6
10
4
1
8
6
2
0
2
6
3
2
5
4
2
5
7
10
1
1
4
3
2
2
4
3
1
1
3
2
4
2
2
3
3
1
15
3
10
2
10
3
4
1
4
12
3
1
3
7
2
5
6
3
1
249
233
265
177
210
251
1
1
0
3
1
1
1
2
3
3
2
1
1
1
1
4
3
3
5
1
2
1
1
1
4
5
3
1
0
1
1
1
1
2
5
1
0
1
1
1
3
2
5
0
2
1
2
2
2
3
4
0
2
2
1
193
176
153
266
174
143
11
12
0
2
4
3
4
7
2
4
0
1
1
1
0
2
4
7
0
1
6
3
1
4
2
4
0
1
1
2
2
2
6
3
1
1
1
2
6
3
4
4
1
7
2
4
1
3
6
5
1
1
2
2
243
320
329
236
265
307
5
1
1
4
4
1
5
5
8
0
1
1
1
1
4
3
1
0
1
2
2
1
4
4
2
2
1
2
3
3
7
19
7
1
1
2
2
1
3
2
3
2
4
2
3
1
16
16
16
1
2
3
5
263
226
227
225
208
176
1
1
8
4
1
5
7
4
1
4
3
3
1
2
3
4
1
0
2
2
1
1
4
2
0
0
3
1
2
9
6
5
2
1
4
7
5
3
4
8
1
2
4
5
2
2
7
5
2
2
2
7
266
386
319
266
297
328
2
1
3
3
1
1
2
2
1
1
2
2
3
1
2
1
4
7
7
0
2
2
1
5
2
2
4
2
1
0
1
1
2
3
3
1
2
1
5
3
3
1
3
1
0
1
1
6
3
3
1
199
197
179
229
165
147
1
3
1
2
1
2
2
1
4
3
1
2
2
1
2
1
9
4
1
3
2
5
1
5
13
5
2
3
2
2
1
8
4
10
2
3
3
3
2
1
1
2
2
2
2
1
2
8
4
8
239
206
306
253
268
224
22
1
3
1
2
1
5
13
1
1
4
1
6
0
2
1
2
1
6
3
2
0
0
3
1
2
2
2
1
0
2
2
8
1
5
2
3
0
3
1
3
1
1
4
1
1
2
1
7
266
190
293
177
266
154
1
7
8
3
3
14
12
6
5
1
1
2
1
2
2
3
2
4
0
5
1
2
3
2
6
2
6
4
1
1
1
9
2
3
3
3
2
2
4
12
1
1
7
6
1
2
3
9
101
115
96
164
92
93
8
1
4
1
2
1
1
2
4
1
5
2
1
4
1
1
1
4
5
1
1
1
0
3
1
1
2
1
1
1
2
10
3
5
4
0
1
2
2
2
1
1
1
1
1
1
3
116
126
87
117
103
94
7
4
2
3
5
6
2
3
2
1
2
1
4
4
3
3
1
0
1
1
2
1
6
6
1
1
2
1
1
1
3
10
3
5
3
1
3
2
2
3
7
3
2
2
1
2
135
74
95
80
91
89
5
0
1
17
7
3
4
6
1
2
2
1
1
1
5
1
3
1
1
2
2
3
9
3
1
1
1
1
1
5
8
18
15
2
2
3
4
1
6
5
2
1
2
1
3
105
107
119
121
106
132
2
3
11
8
3
5
13
4
2
0
2
3
1
1
3
2
1
1
4
3
2
3
2
5
1
2
3
3
3
6
4
5
2
3
7
9
3
1
10
3
1
1
2
3
73
96
121
113
104
128
4
2
1
0
0
1
2
0
6
2
2
0
3
1
2
0
1
2
2
1
1
0
1
1
1
5
2
0
4
1
3
2
2
1
2
0
0
2
1
2
2
0
2
171
82
213
83
191
104
9
8
1
3
2
7
0
2
5
8
0
1
1
2
1
1
3
1
2
2
2
1
0
2
2
5
1
2
3
5
3
1
3
2
1
2
6
1
2
2
3
3
114
120
96
118
103
91
9
3
1
1
3
2
2
1
2
4
1
2
1
2
2
2
0
2
4
1
2
3
3
1
2
2
3
2
3
4
3
20
4
1
4
1
2
1
2
1
1
121
112
105
136
107
130
1
1
2
5
2
3
3
3
1
1
1
1
0
1
3
1
3
4
1
4
2
2
2
3
5
6
1
6
1
4
5
8
2
1
2
2
1
1
1
4
76
90
121
81
122
77
6
2
4
1
1
2
3
5
8
3
4
2
3
2
2
2
2
3
2
1
1
2
2
2
2
2
1
2
3
1
2
3
4
1
3
2
1
3
3
142
167
131
150
87
115
9
5
6
2
2
4
2
9
3
8
2
2
4
15
8
3
2
4
4
2
1
4
3
12
2
4
2
1
5
1
7
3
2
4
5
3
2
2
126
125
163
107
133
141
18
1
6
4
4
0
3
4
2
1
1
1
1
1
6
2
3
3
2
1
1
4
5
2
6
4
5
1
4
1
4
2
4
1
1
1
1
169
148
99
161
110
89
1
4
2
1
3
5
9
9
1
2
3
1
4
12
14
5
2
2
3
1
5
21
9
3
2
2
3
4
2
7
9
7
1
3
4
3
60
105
103
42
79
136
4
5
5
0
2
1
2
2
0
3
2
2
2
3
2
2
15
1
1
0
1
1
1
5
0
0
1
1
0
0
1
2
1
2
3
149
204
148
130
186
126
8
14
3
1
1
3
3
1
2
5
2
2
2
2
1
2
4
2
4
4
1
6
8
4
1
3
3
1
1
4
9
3
2
11
95
163
177
89
104
169
3
3
4
2
2
1
9
3
2
2
2
4
1
2
9
3
5
3
3
1
8
5
8
6
3
3
3
5
3
5
6
2
11
88
147
111
92
97
99
2
2
3
7
5
1
4
5
4
1
3
10
3
8
5
5
2
4
3
8
7
5
2
5
2
2
4
5
6
2
5
4
220
131
173
149
207
206
1
0
2
1
3
2
2
3
2
0
1
1
1
3
2
5
1
0
5
0
4
1
2
9
5
1
1
1
2
3
2
107
82
104
124
164
137
6
13
1
4
2
3
2
3
4
4
2
3
8
4
3
2
8
4
1
2
1
2
4
6
2
7
4
3
3
4
122
136
122
127
133
133
2
0
1
2
4
3
3
1
7
0
8
2
2
1
4
3
3
0
5
1
5
1
4
3
4
2
3
1
3
101
102
92
86
92
103
1
1
2
4
1
2
4
8
2
4
6
3
7
7
2
11
3
0
2
3
7
3
2
4
1
1
2
5
147
175
146
132
162
140
0
4
3
1
1
5
3
2
4
8
3
0
2
1
1
5
0
1
1
1
1
0
1
4
1
2
1
125
169
203
126
147
205
1
3
2
5
4
1
12
5
15
7
2
2
3
5
0
2
1
1
2
1
1
4
2
4
2
7
108
127
112
148
136
196
7
2
3
2
1
1
7
23
13
1
1
1
3
4
1
1
3
1
4
3
2
7
5
5
12
99
119
95
106
90
89
5
6
6
3
2
8
9
8
2
5
1
3
1
4
1
5
2
1
4
2
2
7
2
6
35
39
58
26
21
80
4
5
2
2
4
3
4
2
4
2
2
1
5
2
1
6
11
6
2
3
2
4
5
158
101
125
111
120
94
10
2
2
2
5
2
2
3
2
3
1
3
1
1
2
20
10
9
3
2
5
2
30
107
87
24
37
100
3
4
5
2
3
1
4
4
7
2
1
2
1
4
8
17
4
2
3
2
2
55
29
9
75
19
15
0
3
2
2
8
5
4
4
3
1
2
1
2
3
12
7
1
3
2
4
124
134
138
94
117
146
4
5
2
2
1
1
3
1
1
1
2
0
6
2
2
3
2
1
2
94
84
93
118
112
122
20
6
2
2
2
8
1
2
2
2
1
10
3
1
10
13
4
3
87
122
137
102
109
141
14
1
1
1
6
2
2
2
3
2
12
10
4
2
3
3
8
77
113
101
75
64
67
1
3
1
5
4
4
6
4
3
3
2
6
2
13
3
17
92
131
112
87
86
84
4
3
4
0
0
0
2
1
2
31
12
2
1
4
3
81
105
88
112
94
98
11
15
4
3
2
6
2
3
7
8
1
2
2
2
117
72
54
79
70
107
33
2
6
3
7
1
4
5
4
1
2
2
2
90
84
74
41
91
45
3
7
11
5
1
7
4
2
2
9
2
3
138
179
92
109
96
83
1
4
1
0
0
1
2
1
5
6
4
88
99
96
65
80
165
7
3
1
1
1
1
1
2
8
6
86
136
151
92
96
128
9
0
0
2
2
0
2
1
1
109
101
78
87
54
86
1
4
4
1
2
1
3
2
236
211
207
311
321
330
11
2
4
2
1
0
5
122
225
234
140
144
252
9
10
4
3
3
7
223
225
261
270
267
281
19
2
2
2
15
243
142
272
148
223
149
3
3
5
2
188
297
181
179
303
182
5
1
3
73
65
153
254
75
74
5
16
83
96
105
165
142
168
4
271
311
240
300
245
247
