167
44
80
78
135
55
64
73
146
143
214
109
157
183
151
2
10
6
7
5
11
3
6
2
2
2
1
7
3
2
2
2
6
10
11
12
0
9
11
9
6
1
7
1
3
0
4
4
1
2
0
2
2
2
1
10
4
2
2
3
5
20
0
22
9
9
2
3
4
8
1
3
1
4
3
2
3
2
3
1
2
2
2
2
4
1
3
4
2
1
1
0
1
8
2
0
2
10
1
5
4
1
1
2
2
4
2
3
3
2
3
1
1
1
2
1
2
1
1
2
6
1
1
1
2
0
1
1
0
10
3
1
3
3
1
2
3
3
9
3
4
4
6
3
3
5
2
2
4
2
0
4
1
2
1
2
2
1
1
5
6
8
10
4
3
1
3
3
2
169
88
80
70
91
95
85
59
104
43
40
112
35
75
51
14
5
7
11
12
18
6
3
4
2
4
5
8
3
2
7
8
0
14
10
4
16
13
12
6
3
8
6
14
23
9
15
3
2
6
7
1
4
5
12
18
7
5
6
10
16
0
11
11
12
2
3
20
13
6
3
4
11
13
7
4
5
5
2
9
14
7
9
8
2
6
3
4
23
1
5
12
4
2
5
2
7
24
8
6
2
3
6
6
10
3
15
2
5
9
4
4
13
4
2
2
7
3
5
2
4
3
8
6
3
2
3
1
11
13
13
7
2
9
7
7
5
4
5
9
8
3
5
7
10
9
2
8
10
6
5
10
5
6
9
4
5
5
4
5
8
3
6
22
2
7
7
8
49
78
41
77
60
81
84
95
76
93
70
66
59
54
96
6
9
23
9
17
17
3
10
16
4
4
5
5
7
7
23
0
21
17
13
10
14
16
14
6
11
15
11
25
3
10
9
6
3
11
4
7
7
26
13
19
4
12
3
20
0
29
10
20
8
5
18
22
3
3
11
10
9
12
5
6
9
3
6
14
7
9
12
12
5
7
8
9
4
2
7
8
6
8
2
19
12
8
15
8
7
14
7
6
4
4
3
10
7
9
3
13
2
6
3
5
4
9
2
6
5
5
2
3
6
5
3
21
5
10
10
8
7
9
11
8
11
10
10
10
4
12
8
11
3
13
7
21
6
7
5
6
5
5
8
7
5
8
8
15
11
6
8
10
7
6
7
11
146
205
148
11
5
9
18
135
153
150
84
168
39
77
5
14
10
4
6
15
6
7
2
1
3
8
3
5
6
8
6
11
0
20
9
3
1
3
2
3
4
4
1
4
1
5
3
2
0
4
1
5
6
4
7
9
6
17
0
13
3
15
5
1
5
14
12
3
4
3
3
1
1
3
6
3
1
4
2
1
3
3
2
1
5
1
1
3
8
2
3
1
1
10
2
2
2
5
1
12
6
1
6
2
1
3
3
2
1
1
1
3
1
5
2
2
1
3
1
1
1
1
2
3
0
6
2
1
0
6
1
5
3
5
3
1
3
18
4
2
1
8
0
3
2
2
4
4
3
0
1
3
4
2
2
1
4
2
1
2
0
7
5
6
2
51
59
45
9
16
89
75
57
70
78
50
88
14
30
79
27
5
13
10
6
14
11
2
1
8
8
5
8
7
7
21
6
13
7
8
12
5
11
9
12
10
8
7
9
5
4
2
2
4
3
7
17
5
5
18
14
8
22
0
9
9
9
6
4
3
11
6
6
5
3
7
2
2
9
10
7
5
3
7
6
4
2
3
3
2
3
3
2
2
4
11
2
1
5
4
5
9
7
3
3
5
3
7
3
5
5
5
6
1
9
1
5
4
8
7
9
5
3
9
3
4
6
6
2
2
5
7
3
3
3
6
8
10
3
4
8
2
0
8
4
6
12
2
2
7
2
17
4
4
3
5
3
3
3
6
2
5
2
3
4
5
7
12
3
5
33
60
36
39
24
39
14
19
53
23
20
33
19
12
26
11
4
11
3
13
14
6
11
20
5
12
9
14
0
0
10
13
15
7
7
12
10
11
10
6
0
8
23
6
4
4
14
2
2
4
14
7
14
12
8
13
8
0
11
22
28
26
4
11
19
22
9
22
5
3
2
7
6
21
4
3
7
10
2
6
11
5
2
7
6
13
2
3
13
7
2
4
8
8
2
6
1
11
11
7
9
5
2
7
9
7
4
17
4
2
1
3
6
5
3
3
6
9
6
8
3
3
4
2
6
11
1
3
7
5
7
13
5
13
6
24
23
13
4
9
22
5
9
11
4
17
9
13
6
3
1
13
6
9
2
13
5
8
3
5
8
6
6
6
74
115
280
81
157
105
71
128
55
106
103
84
85
178
75
12
12
2
7
6
3
0
3
3
1
2
13
0
9
10
0
9
19
15
6
3
5
4
13
6
9
5
2
10
2
4
2
6
1
22
3
10
2
10
4
17
0
22
2
16
15
11
12
6
4
9
10
8
6
1
3
7
5
2
3
11
6
9
13
6
2
2
4
4
6
2
6
3
6
3
2
7
6
6
4
4
9
8
2
5
8
4
3
3
1
4
2
15
2
1
3
2
3
5
6
4
6
8
5
1
2
3
2
5
9
2
2
3
1
1
2
10
7
5
4
5
5
3
7
8
3
3
4
7
4
3
8
3
1
3
8
2
4
2
3
9
11
6
1
4
6
5
9
82
52
104
67
105
87
97
84
82
83
91
39
88
102
54
7
12
11
15
6
4
6
7
3
7
3
9
17
7
0
7
13
9
4
3
13
10
13
14
3
12
7
4
2
2
3
4
4
11
3
5
3
7
7
18
0
12
6
16
11
4
11
13
5
4
3
12
11
5
10
3
7
3
3
10
8
6
6
11
8
3
2
3
3
1
8
1
2
4
3
15
7
5
7
6
3
4
4
14
5
9
4
5
7
5
3
16
3
3
3
2
4
2
3
6
3
2
1
1
4
3
1
9
4
4
12
6
4
1
7
4
13
6
8
1
10
1
12
11
3
2
2
6
5
11
4
3
3
10
12
7
3
2
4
5
8
6
5
1
4
9
9
76
78
100
85
80
72
73
100
93
85
89
82
107
94
129
2
7
7
7
3
8
16
16
5
13
0
10
6
0
19
12
14
10
4
6
8
11
15
3
8
9
1
6
3
2
4
10
9
4
9
3
10
17
10
0
16
5
5
7
6
5
17
2
4
12
2
7
8
1
4
9
3
6
14
3
4
8
4
2
9
4
6
10
1
5
8
4
3
4
12
6
5
7
4
6
6
5
6
4
7
8
2
7
9
3
13
3
3
5
4
9
5
7
6
6
6
4
4
9
5
2
22
10
6
15
5
3
8
2
1
18
5
10
6
4
3
11
9
2
7
5
9
18
4
5
5
4
5
14
2
3
4
7
6
7
5
5
9
6
8
11
214
279
304
246
363
207
208
179
221
263
256
288
221
308
249
6
4
1
2
2
8
1
6
5
0
20
13
0
6
4
3
1
11
5
2
3
12
4
5
5
2
2
8
1
1
1
3
1
2
4
6
16
6
0
6
3
1
6
3
3
3
4
5
13
2
1
0
2
3
5
2
0
3
1
1
6
6
2
1
0
1
2
1
0
2
4
0
1
5
0
1
2
5
1
4
2
1
2
2
0
1
2
0
0
4
1
0
2
4
0
0
1
0
2
2
0
1
1
0
0
5
2
2
2
4
3
7
6
1
4
2
2
9
1
3
4
2
0
1
0
4
3
6
2
2
1
4
3
3
2
1
2
3
1
0
2
4
3
3
3
80
51
24
15
33
93
19
16
35
77
24
77
6
90
15
14
2
4
5
4
11
6
4
0
7
7
5
14
12
9
6
11
7
5
9
5
8
13
19
2
5
4
5
10
6
7
4
3
7
8
23
9
0
4
7
6
9
2
8
4
4
2
8
3
8
3
1
5
10
3
10
10
4
4
7
4
4
3
4
1
3
1
2
5
2
8
9
4
3
1
3
2
4
4
11
4
2
10
5
5
5
4
3
4
8
5
4
4
12
4
2
2
4
2
8
10
5
5
5
2
3
1
5
3
14
17
9
0
12
3
7
2
6
3
8
3
2
4
3
5
9
3
5
3
4
7
6
10
6
1
4
3
4
5
4
3
22
13
4
49
45
26
78
44
35
76
47
79
14
58
26
45
45
46
1
5
1
2
8
14
4
0
0
4
12
19
6
11
5
2
4
16
7
0
3
20
10
6
3
1
2
2
11
17
4
8
4
10
7
15
0
4
3
10
9
7
9
15
2
5
8
3
7
2
2
4
9
9
3
6
2
2
16
8
5
5
6
2
4
2
1
4
3
7
3
5
5
3
4
4
5
13
5
3
1
3
5
4
4
6
5
6
2
6
4
2
4
3
2
3
5
2
3
4
7
7
2
5
4
3
6
14
8
14
11
2
3
6
6
3
4
2
5
9
4
3
2
2
4
5
7
2
2
4
4
8
4
6
7
3
5
7
8
4
4
6
6
193
151
177
146
251
146
206
181
251
130
176
161
155
237
187
1
5
2
1
1
4
3
13
0
3
4
6
5
9
0
3
2
12
5
2
9
2
4
14
3
1
3
2
5
2
5
2
2
1
6
18
4
1
5
3
4
5
4
1
2
1
2
6
3
6
1
2
1
3
15
3
3
6
1
5
1
2
5
0
15
6
1
2
0
0
3
19
4
4
1
0
1
4
1
1
2
4
1
6
0
2
7
1
5
1
0
2
1
2
5
8
2
3
0
5
1
1
13
4
2
2
1
3
3
1
2
7
3
7
1
1
1
1
6
6
2
2
2
3
2
3
10
2
3
4
3
3
1
2
5
4
10
4
1
2
3
2
50
79
125
45
115
93
93
79
44
87
77
109
99
150
36
18
2
4
6
4
7
10
2
0
6
7
19
9
0
7
1
4
9
4
4
4
1
10
2
1
2
1
5
3
7
4
2
7
7
0
8
3
8
2
2
1
5
1
3
2
1
1
3
3
0
3
2
3
4
11
5
5
3
1
2
5
5
8
2
4
2
3
4
4
4
9
4
11
0
4
3
2
1
1
0
1
1
2
7
1
1
7
2
4
2
3
1
2
2
4
6
3
0
2
2
2
5
4
4
5
1
2
4
3
1
5
3
2
2
4
1
4
5
8
8
3
1
3
4
3
14
5
2
2
2
2
2
4
14
21
4
4
1
3
3
3
33
16
27
7
50
11
9
15
54
18
61
12
13
76
47
5
3
7
1
0
7
5
0
9
16
7
5
3
6
7
9
12
4
10
4
8
10
4
1
4
5
9
6
7
3
9
5
5
0
16
2
7
8
4
13
15
1
6
4
4
6
3
10
3
2
4
6
4
2
8
11
9
6
2
4
4
4
4
5
6
4
9
0
4
13
3
3
1
3
4
4
6
1
6
1
5
18
6
8
8
4
12
13
2
0
3
5
4
12
7
3
4
3
6
5
8
7
4
2
3
7
6
1
0
4
4
4
1
2
3
3
8
7
14
9
6
5
4
14
3
2
2
7
4
4
1
2
8
7
7
2
6
2
4
5
260
98
239
183
202
113
272
232
192
130
97
104
202
190
149
10
9
4
0
8
2
0
21
2
3
4
4
4
2
1
3
4
6
4
5
6
1
5
4
2
10
1
4
3
22
2
12
0
6
4
7
3
2
2
3
3
3
6
3
3
0
2
6
4
5
3
5
2
1
1
5
3
3
4
1
5
2
0
4
8
8
1
10
1
7
3
2
5
8
7
2
6
1
2
4
4
1
2
0
2
3
1
2
3
1
3
2
2
1
1
5
10
2
1
2
2
2
1
3
9
5
3
0
3
2
5
1
4
4
3
6
1
5
4
6
8
4
4
1
1
1
3
8
1
1
1
3
2
11
3
5
1
2
6
283
243
284
327
254
279
291
291
281
237
240
295
296
243
249
5
1
5
4
8
0
3
3
6
2
1
4
5
3
9
1
8
4
0
5
3
2
15
6
1
2
7
5
2
14
10
0
6
7
5
8
2
12
2
2
4
11
2
1
2
6
4
5
3
20
2
1
8
4
3
9
3
6
2
3
6
3
12
12
18
3
3
3
1
2
4
5
9
3
1
5
6
12
4
4
2
2
4
6
2
1
6
4
3
15
1
2
5
2
5
12
2
2
7
7
3
1
2
4
5
9
3
2
7
4
1
8
3
1
5
2
2
8
12
6
12
3
6
4
3
6
4
2
2
4
2
1
7
4
5
4
2
7
12
29
23
59
113
85
4
83
48
28
51
11
21
15
79
3
0
0
6
0
5
9
5
14
7
4
8
2
0
5
7
9
0
8
3
1
1
3
11
6
6
8
2
8
2
0
8
8
3
9
1
8
6
9
5
5
4
13
1
3
2
3
8
2
4
8
3
14
9
2
2
3
1
2
3
3
3
4
4
3
6
4
3
12
2
1
16
5
3
3
2
1
4
12
4
3
5
4
5
4
4
2
2
3
1
5
4
4
6
2
3
6
2
4
3
13
4
6
11
24
4
2
2
7
1
6
4
10
5
5
2
5
3
5
4
4
6
3
3
5
3
8
4
8
1
4
10
7
5
7
4
2
99
221
204
236
265
126
128
115
114
295
263
259
236
221
298
12
13
8
0
3
14
13
8
4
3
1
10
14
8
7
3
4
3
3
1
1
4
22
11
9
3
12
2
18
0
42
14
19
27
10
7
8
6
3
8
8
9
1
4
1
7
1
4
14
6
3
6
3
3
0
7
6
2
3
8
5
5
1
2
4
9
4
7
4
3
8
3
15
11
1
7
3
4
4
1
7
1
1
3
2
2
7
2
4
3
7
2
0
4
1
3
7
11
1
1
3
5
2
3
9
5
4
8
5
8
2
6
14
2
5
3
3
8
9
3
5
5
1
5
1
6
2
2
24
8
6
8
6
3
3
3
67
0
0
85
79
0
0
116
92
0
0
0
0
0
109
0
17
0
0
17
22
0
6
6
0
11
0
0
12
4
0
4
10
0
3
4
0
16
20
0
9
4
0
0
33
0
35
15
0
11
19
0
5
17
0
16
5
0
3
10
0
3
13
0
3
12
0
5
6
0
12
10
0
5
6
0
5
9
0
11
8
0
6
14
0
11
9
0
5
2
0
6
8
0
6
3
0
4
8
0
7
7
0
7
12
0
1
1
0
5
18
0
3
4
0
5
15
0
12
15
0
7
7
0
9
11
0
12
18
0
8
8
0
9
11
0
2
4
0
7
4
0
11
13
0
7
10
0
8
12
37
96
0
71
109
27
0
20
19
0
95
138
0
0
94
9
15
21
28
0
12
6
6
9
15
0
10
6
12
10
9
0
6
3
4
28
10
0
9
7
9
29
0
0
28
13
13
5
10
0
8
7
10
11
16
0
5
3
6
7
4
0
21
8
10
11
10
0
10
5
4
6
8
0
7
2
6
8
19
0
16
4
9
5
8
0
4
6
2
6
17
0
4
4
7
7
4
0
7
2
10
11
8
0
7
1
2
3
4
0
8
4
5
7
13
0
10
8
12
10
6
0
6
8
12
13
5
0
13
7
12
12
10
0
9
2
4
10
4
0
10
6
12
8
8
0
6
3
4
187
139
35
252
203
113
60
174
147
39
145
234
45
40
192
0
21
7
7
8
13
3
3
10
14
7
9
6
3
4
7
5
1
3
17
9
4
13
13
3
17
0
13
16
4
21
5
8
4
16
7
7
1
8
0
2
7
10
1
1
4
9
3
12
6
2
1
5
1
4
1
1
5
6
2
1
9
6
1
9
5
7
18
5
3
7
1
1
12
6
7
4
4
2
5
2
4
3
1
1
2
2
3
8
1
1
2
2
8
7
1
2
5
7
2
6
2
4
2
4
8
24
3
3
6
1
6
7
3
9
4
8
1
5
2
2
3
4
1
6
4
6
3
4
7
6
4
5
0
0
0
0
0
0
0
0
0
0
290
0
0
0
0
0
0
0
0
7
10
0
0
0
0
8
5
0
0
0
0
2
4
0
0
0
0
16
7
0
0
0
0
29
22
0
0
0
0
7
24
0
0
0
0
6
12
0
0
0
0
7
8
0
0
0
0
3
4
0
0
0
0
7
7
0
0
0
0
6
11
0
0
0
0
1
1
0
0
0
0
5
5
0
0
0
0
2
6
0
0
0
0
1
1
0
0
0
0
1
2
0
0
0
0
4
9
0
0
0
0
6
12
0
0
0
0
12
8
0
0
0
0
2
11
0
0
0
0
8
4
0
0
0
0
14
8
80
79
52
93
141
40
116
60
136
29
67
75
61
87
87
23
12
2
11
10
5
16
20
9
10
7
1
5
2
1
8
4
10
19
4
10
13
13
11
0
13
16
35
30
1
13
7
12
8
9
3
14
3
2
9
11
2
4
10
9
8
9
2
7
2
5
12
3
0
7
14
3
6
2
4
19
2
6
12
19
5
12
2
3
7
2
1
21
2
1
10
5
1
3
5
2
8
3
1
5
2
1
3
4
2
4
15
3
4
3
3
4
7
3
8
7
1
10
20
5
10
4
2
8
5
8
13
11
7
10
7
2
7
8
1
1
1
6
8
4
1
7
10
8
13
5
79
74
92
98
121
25
91
84
73
37
57
78
102
94
101
7
7
4
11
8
23
12
6
8
9
13
2
5
5
5
4
16
18
15
12
4
10
26
0
19
16
12
11
13
13
11
2
8
14
9
10
3
6
4
7
3
3
15
13
6
15
7
3
1
9
8
6
6
11
4
7
5
12
16
10
5
10
3
6
11
5
5
12
13
10
9
3
5
6
11
15
6
2
3
3
8
4
8
4
2
2
1
2
8
2
26
9
5
2
11
4
4
9
4
13
11
22
6
9
13
7
15
7
8
7
8
9
11
8
7
9
5
12
10
8
1
6
17
6
9
9
4
7
9
8
51
55
48
47
155
108
30
111
56
28
84
50
36
48
51
21
2
11
9
25
13
5
10
4
5
9
9
5
11
8
16
11
9
3
8
11
13
0
18
9
12
11
12
12
17
5
13
19
7
12
7
8
8
6
5
16
5
10
9
13
11
4
6
9
12
16
6
16
6
8
8
7
8
9
7
19
6
7
3
4
8
5
11
5
6
11
7
4
8
9
7
4
3
5
6
6
11
8
7
5
6
9
5
3
11
9
5
3
4
8
9
16
9
11
6
8
4
10
8
4
11
5
16
11
5
8
13
7
7
5
12
14
5
7
4
13
6
10
14
8
6
8
6
15
44
94
30
88
79
37
21
76
31
38
58
55
79
82
101
3
6
4
4
16
4
11
5
1
2
6
1
3
2
7
4
5
5
5
9
4
13
7
2
14
12
2
10
11
2
4
2
3
3
7
2
2
5
1
4
13
10
7
12
6
3
5
4
4
4
4
6
8
2
4
8
9
10
5
10
2
3
4
4
7
2
4
0
2
5
7
4
10
6
2
2
3
3
7
4
3
7
10
2
3
2
2
3
9
8
2
6
2
3
4
5
5
4
24
5
2
3
4
7
6
2
1
11
3
8
9
10
6
7
5
17
1
3
3
5
4
11
4
10
4
5
4
8
294
196
153
98
207
193
165
92
216
233
86
205
80
201
87
4
7
1
0
3
2
2
8
0
1
2
2
2
3
2
2
15
8
6
7
0
4
6
8
6
3
6
12
5
6
10
1
2
1
3
6
2
4
2
5
6
0
1
4
2
2
1
0
1
1
1
2
3
3
1
3
1
2
4
1
0
4
2
5
3
7
1
5
1
2
1
1
2
2
0
3
1
1
1
2
0
3
1
1
1
3
0
3
1
0
3
2
6
9
2
2
2
5
3
8
2
2
4
9
1
2
1
4
6
6
2
5
0
4
2
3
1
1
2
2
2
5
1
7
2
0
1
21
25
38
33
39
77
77
48
85
43
22
57
71
153
79
20
7
5
4
16
3
2
1
6
7
7
3
11
6
5
2
4
6
4
0
7
4
10
9
2
4
14
2
5
4
3
3
3
1
5
2
2
4
7
13
11
5
3
28
7
6
4
3
3
5
10
9
4
8
9
4
3
4
2
5
7
3
3
5
2
3
10
4
3
0
6
3
4
2
7
7
2
5
3
2
3
1
4
3
3
3
6
2
3
5
2
4
4
3
1
4
5
6
3
7
9
9
4
1
2
2
5
5
13
9
3
4
4
10
2
3
2
2
5
3
1
2
14
5
5
9
76
36
44
88
82
66
72
90
83
187
52
18
74
28
75
5
4
3
10
6
2
2
8
2
4
7
4
6
6
1
12
9
1
0
9
4
8
9
2
2
0
3
3
6
0
5
1
2
2
5
5
3
6
6
9
8
7
11
13
6
8
3
2
4
11
8
7
7
1
3
2
8
2
8
3
4
1
4
1
1
4
6
16
1
5
3
2
3
2
3
3
8
1
3
7
5
2
6
6
5
6
6
2
5
5
5
12
3
1
9
2
8
0
6
6
4
3
7
1
2
6
14
8
4
3
3
3
5
7
5
6
5
3
4
2
2
7
9
3
8
93
55
32
95
83
76
75
121
84
83
81
81
80
79
97
17
9
2
3
12
7
5
8
4
7
12
13
4
4
5
7
8
0
16
8
14
5
5
7
3
6
1
7
7
13
5
6
2
10
3
3
10
9
4
7
9
6
2
11
6
3
4
4
2
10
1
3
7
4
7
12
1
5
6
4
5
6
6
6
4
5
3
5
10
9
4
5
3
6
2
3
3
7
4
2
1
2
5
4
7
16
6
10
5
3
4
2
4
16
9
7
2
9
2
4
4
7
11
9
3
7
7
5
11
11
2
7
5
4
3
8
4
6
11
8
7
5
2
5
43
0
43
28
22
0
84
95
74
0
0
0
98
62
80
8
18
10
5
4
0
6
7
6
11
14
0
8
13
6
21
0
0
10
19
13
10
8
0
11
12
8
9
10
0
4
13
4
10
4
0
8
13
6
9
2
0
9
10
5
7
10
0
9
13
3
10
7
0
16
10
6
16
3
0
9
16
3
12
6
0
4
11
3
5
1
0
8
10
3
8
7
0
15
6
3
10
1
0
13
5
5
4
3
0
18
7
6
13
4
0
14
12
10
7
5
0
9
15
5
8
3
0
9
14
13
9
5
0
17
10
6
9
5
0
9
13
9
129
154
50
117
189
191
64
185
188
75
196
244
62
81
211
19
13
1
2
1
1
5
3
11
8
3
5
12
7
14
0
6
11
15
2
2
7
7
1
14
4
3
12
0
1
8
8
3
3
6
3
6
3
3
3
4
5
8
4
1
4
3
2
6
0
2
3
1
2
4
1
5
3
4
2
4
1
2
8
6
1
11
2
1
2
5
3
5
1
2
1
1
3
4
1
2
1
4
2
4
1
4
5
3
2
4
3
1
3
6
3
5
3
10
3
2
1
6
3
3
2
2
1
5
1
2
14
1
2
4
1
2
1
2
5
6
4
79
76
79
80
75
98
93
88
116
74
113
86
76
106
82
10
1
4
9
3
3
4
6
7
6
2
13
8
6
0
9
7
10
10
2
8
5
2
4
7
2
8
1
2
6
9
5
4
12
5
3
4
4
9
4
5
3
3
2
7
12
4
4
3
7
3
2
6
5
5
7
10
9
1
5
3
3
15
12
5
7
2
3
4
5
10
4
2
2
6
4
1
4
3
3
4
5
5
4
3
2
12
16
8
5
5
6
8
1
3
9
7
11
7
4
3
3
6
6
9
4
2
2
3
4
3
5
3
6
4
4
5
5
8
11
25
90
101
93
77
104
104
193
46
109
126
106
108
81
133
82
6
5
3
2
4
7
7
3
3
3
6
7
8
0
8
4
4
9
4
3
6
3
4
3
2
3
4
1
1
5
11
2
5
5
8
5
5
2
5
8
2
2
2
4
4
8
3
2
2
3
3
4
1
3
3
1
3
2
1
4
3
2
9
2
5
4
5
6
7
8
2
1
2
4
5
3
4
9
3
2
4
3
2
1
7
3
8
8
0
2
2
5
1
3
3
8
8
4
5
5
1
3
5
1
5
2
4
7
4
2
5
6
3
5
3
2
4
3
4
7
175
201
288
294
151
176
170
163
179
231
199
138
279
147
143
1
7
1
3
2
8
6
3
3
4
3
3
0
6
5
6
7
11
3
3
2
2
3
1
4
1
2
2
4
0
5
6
2
1
4
1
2
1
1
4
6
1
4
0
1
1
11
2
7
2
3
0
3
0
1
0
2
2
2
2
2
2
1
7
3
1
3
0
2
1
1
2
3
2
2
1
0
0
1
5
2
0
2
0
2
2
7
0
7
2
2
1
2
4
1
2
2
2
4
2
2
1
1
5
1
2
4
0
1
1
7
6
2
1
1
0
5
5
3
166
137
132
195
190
107
130
253
170
174
125
167
138
162
192
2
1
7
5
2
5
3
2
5
3
2
0
7
1
8
8
4
12
2
2
6
4
1
4
9
6
2
2
3
5
2
5
7
4
3
3
2
1
9
5
4
7
3
5
2
4
10
8
9
4
1
4
3
7
0
1
1
4
5
4
2
7
3
4
18
3
3
4
5
2
3
6
3
1
2
2
6
4
7
2
2
2
1
2
4
1
1
2
2
7
1
2
2
3
2
6
4
4
4
3
10
5
2
2
3
3
3
4
2
1
2
2
2
5
1
1
3
3
215
141
123
123
213
103
111
96
156
179
145
108
133
114
101
0
2
2
5
2
3
4
4
2
6
0
18
2
2
3
4
3
3
1
2
4
9
6
4
2
5
2
1
1
3
1
5
2
3
1
1
1
3
2
1
2
2
1
2
0
2
4
2
6
1
3
5
2
3
1
3
3
1
2
0
10
7
1
1
1
2
3
3
1
6
1
3
2
1
1
1
1
4
2
3
6
1
2
4
1
5
13
9
1
4
2
2
3
2
1
1
4
4
1
1
2
2
3
2
4
0
2
1
3
3
2
2
3
3
4
3
2
247
202
210
319
262
234
284
237
290
304
220
229
217
253
253
1
4
1
2
2
2
3
1
4
0
4
0
3
4
1
5
5
3
3
1
0
2
1
1
4
2
1
1
2
4
2
1
2
3
1
2
1
1
1
2
1
2
1
2
3
3
1
3
0
5
3
1
1
3
1
2
1
1
5
1
2
2
1
1
7
2
2
1
1
1
1
1
0
3
1
1
7
3
1
1
2
1
7
1
0
2
2
2
2
1
2
1
4
1
2
2
0
1
4
2
1
1
3
1
0
2
0
3
1
3
2
5
1
3
3
7
264
252
208
249
273
242
239
245
274
234
226
275
211
228
252
2
5
1
1
1
1
3
3
0
8
1
3
11
3
4
3
2
5
3
1
3
2
2
2
2
1
21
5
6
3
1
2
3
2
3
11
3
1
3
5
2
5
2
7
2
3
6
3
3
0
1
5
3
5
1
1
2
3
1
3
2
3
2
4
2
2
3
2
1
1
3
2
3
2
1
5
4
2
3
2
6
3
2
0
2
4
4
2
1
1
2
3
1
2
3
7
4
2
2
6
4
6
6
9
3
10
3
1
2
3
3
1
2
2
3
133
332
202
285
212
131
132
135
117
202
252
193
191
154
251
6
3
0
5
4
7
5
0
3
1
3
10
3
3
6
0
4
4
1
4
1
1
3
3
3
2
8
5
3
3
2
2
3
1
5
6
3
2
9
10
23
4
2
3
1
2
3
3
2
8
4
1
2
1
3
2
4
13
4
1
2
3
5
3
4
6
1
3
2
2
6
7
7
3
2
2
4
1
2
2
11
4
1
5
4
5
0
3
7
4
1
1
2
1
2
3
3
7
1
0
2
4
3
1
3
7
2
3
2
4
3
3
3
7
36
95
88
84
49
61
25
35
42
76
75
104
50
78
87
19
11
6
7
7
19
0
18
12
26
22
4
9
11
19
4
16
6
12
3
4
3
5
1
2
11
7
5
17
2
4
1
5
4
3
2
3
3
6
3
3
6
5
6
7
5
9
5
4
5
6
3
3
6
6
1
4
7
3
1
2
4
4
6
4
7
2
1
2
2
3
7
2
13
19
4
4
8
5
5
6
10
15
11
13
2
7
6
6
6
4
4
5
8
9
6
6
5
3
3
8
2
1
13
8
15
19
4
7
9
8
6
7
123
79
46
47
33
91
28
76
73
45
101
85
9
21
177
14
6
10
7
6
0
26
7
11
5
14
10
22
3
3
3
2
12
8
7
1
2
1
4
6
8
4
5
2
6
5
6
5
2
1
5
9
5
2
2
2
6
6
8
2
2
4
1
4
5
8
3
5
3
10
3
5
1
2
2
5
3
2
3
1
2
7
1
1
3
1
1
8
8
4
2
4
3
4
4
5
7
9
10
11
5
3
6
4
6
8
12
3
4
3
2
11
9
2
3
2
5
4
9
3
6
2
1
7
9
2
6
140
128
79
45
113
140
81
89
109
86
80
108
109
141
97
3
6
4
5
0
16
2
8
5
6
9
15
2
10
11
10
2
4
3
6
1
2
4
10
4
5
8
3
5
1
2
4
2
2
4
3
2
6
2
9
4
4
4
3
4
5
5
5
6
6
3
3
1
6
4
5
2
2
2
2
2
5
5
2
3
7
3
7
2
3
3
8
6
14
4
2
2
3
4
4
5
10
10
3
3
3
5
5
5
9
6
5
5
5
3
3
4
2
4
4
1
5
4
10
5
14
4
3
2
1
3
83
148
162
133
102
92
111
95
119
143
138
112
184
125
126
30
6
14
13
6
2
8
7
0
4
8
4
4
9
3
10
1
2
3
6
1
2
7
6
1
7
4
3
3
2
0
5
0
0
5
1
2
6
5
3
1
5
6
2
8
4
1
1
1
2
4
4
3
4
7
3
1
1
5
1
1
2
1
4
2
1
2
3
1
2
5
1
1
1
13
8
19
5
0
5
1
2
8
1
3
6
5
3
3
0
3
13
5
6
2
2
3
7
4
2
1
2
3
6
1
2
10
4
3
4
130
65
84
98
87
83
111
74
110
74
29
77
79
165
76
15
8
0
21
18
14
13
1
13
11
9
6
5
1
10
2
3
7
16
5
6
6
2
6
5
6
5
3
4
4
3
1
3
3
2
4
1
3
9
5
5
8
5
5
3
3
2
3
1
5
11
5
4
3
6
3
7
4
2
4
3
3
4
8
3
7
2
1
2
10
3
3
3
2
10
10
7
4
6
1
13
9
1
2
6
3
2
6
2
3
5
6
4
5
0
5
6
7
2
4
3
3
3
3
6
8
4
3
8
159
48
116
85
124
14
118
75
133
85
47
16
80
138
67
12
0
7
8
1
3
1
7
16
2
6
4
3
9
2
1
4
4
6
2
5
1
2
4
6
2
1
6
2
2
1
1
5
2
2
1
5
4
3
4
3
6
13
1
4
2
1
3
4
4
4
5
4
2
3
5
5
4
1
1
3
3
2
1
2
0
3
2
6
1
1
2
4
7
11
9
4
1
3
15
2
5
4
4
14
3
1
2
2
5
7
5
4
1
4
1
3
1
1
3
3
2
4
3
3
6
2
5
78
74
56
83
83
87
76
159
98
49
122
80
79
83
130
0
19
11
19
16
6
14
12
7
6
31
6
15
2
3
4
10
4
5
7
1
6
4
9
4
3
5
15
3
0
8
2
4
2
3
9
5
5
11
9
10
14
3
13
5
7
1
8
13
1
2
5
3
2
5
1
3
2
1
2
7
2
7
1
3
3
2
14
6
1
3
7
2
2
4
8
7
7
2
8
6
10
9
14
3
7
7
13
6
8
4
3
4
2
5
3
3
2
2
17
9
3
12
4
9
3
8
0
0
0
0
0
0
0
0
0
0
0
0
0
0
0
31
0
0
0
0
0
17
0
0
0
0
0
7
0
0
0
0
0
12
0
0
0
0
0
9
0
0
0
0
0
7
0
0
0
0
0
14
0
0
0
0
0
11
0
0
0
0
0
7
0
0
0
0
0
6
0
0
0
0
0
5
0
0
0
0
0
20
0
0
0
0
0
15
0
0
0
0
0
5
0
0
0
0
0
11
0
0
0
0
0
7
0
0
0
0
0
2
0
0
0
0
0
9
0
0
0
114
91
84
95
82
130
173
110
132
106
88
90
94
113
99
9
38
13
10
20
21
7
8
7
11
19
13
11
13
11
5
4
13
16
15
9
9
3
6
10
15
7
9
3
7
11
5
6
9
16
6
11
5
20
12
8
14
4
12
3
9
9
8
4
17
5
8
4
3
8
9
6
15
4
8
10
3
6
5
1
15
13
5
10
4
5
4
9
22
16
13
10
10
9
15
6
18
15
14
15
15
10
14
10
14
7
5
16
9
4
4
12
25
17
24
7
9
6
12
4
111
101
102
41
59
159
160
82
76
259
115
81
117
78
61
2
20
3
10
8
6
4
18
6
2
2
2
6
13
4
1
6
3
10
9
8
1
1
2
5
3
3
7
2
2
0
2
6
2
1
4
8
3
5
6
10
3
1
1
7
5
3
2
3
2
1
1
2
4
2
2
3
2
1
1
2
2
2
1
1
2
1
3
16
8
2
1
2
11
6
4
1
6
6
10
13
1
1
6
1
4
4
1
3
1
4
8
3
1
2
3
2
5
6
1
3
6
15
7
99
85
103
77
85
74
145
118
153
92
90
77
159
138
108
25
6
19
17
8
4
26
9
11
3
6
4
12
7
11
14
16
1
16
11
3
2
5
1
5
3
7
5
8
1
3
10
6
10
13
2
11
9
6
10
14
1
4
7
12
5
2
4
5
4
3
4
8
3
2
4
11
5
9
1
2
4
1
22
5
1
4
10
9
4
7
3
12
5
8
1
10
3
8
26
3
9
16
5
13
14
7
3
1
3
12
5
5
4
7
4
7
11
4
6
7
3
7
52
115
104
96
82
75
79
122
94
197
139
154
121
138
95
13
10
9
10
5
14
3
11
3
5
5
14
1
9
8
12
7
13
3
3
1
8
2
6
3
4
26
5
4
4
8
5
2
15
4
8
6
7
13
7
2
1
3
4
3
6
4
4
6
2
2
7
2
7
1
3
1
7
2
6
2
2
12
7
1
4
5
4
7
2
1
8
4
14
8
9
6
8
12
12
7
15
11
12
18
7
4
4
2
9
4
5
1
3
12
6
3
7
7
9
5
8
175
30
263
247
182
60
192
178
179
34
38
75
240
206
183
6
4
1
1
4
8
3
2
9
1
3
1
4
3
3
4
2
1
2
2
1
5
1
1
2
1
2
1
1
4
10
3
4
1
1
7
3
4
6
3
3
2
3
1
0
5
2
0
1
1
2
5
2
3
4
2
1
1
2
1
1
6
5
3
3
3
1
10
1
2
3
5
4
2
7
2
4
9
1
4
2
2
2
4
2
4
1
4
4
0
2
1
4
4
1
2
5
1
1
2
1
54
34
62
62
51
99
83
57
74
88
43
78
108
118
86
17
7
20
9
10
6
6
5
4
5
5
5
7
8
10
7
5
3
7
7
7
5
2
8
2
3
7
6
6
15
3
9
3
3
11
7
5
3
4
2
2
7
2
7
7
3
4
3
4
4
6
4
2
3
9
3
2
3
5
4
10
6
6
3
2
2
12
7
3
11
4
10
5
7
4
8
2
2
5
4
7
4
6
7
5
8
2
11
3
5
3
12
5
4
5
5
4
10
4
20
32
17
9
25
25
16
35
32
42
189
28
134
48
137
64
6
8
10
8
4
4
3
3
13
2
2
8
9
11
11
13
5
1
3
8
5
3
1
6
2
19
4
11
10
6
13
4
8
4
2
15
7
8
2
4
6
5
2
4
3
2
4
6
3
4
5
6
3
2
3
1
5
7
1
10
5
1
3
8
4
13
6
5
12
20
8
6
4
3
26
20
2
6
6
7
15
10
7
4
2
2
6
5
2
3
7
9
13
6
3
3
7
6
6
156
182
164
166
72
151
141
169
77
268
269
100
225
97
94
2
1
3
5
0
0
4
7
2
1
6
2
1
4
4
1
0
5
2
1
1
1
1
2
2
1
3
2
4
4
8
1
14
2
10
0
4
3
3
2
1
1
9
2
2
1
2
1
1
0
0
1
1
2
1
3
2
2
1
1
2
3
15
1
3
3
5
2
0
1
6
2
2
2
5
2
2
1
1
2
4
3
2
1
2
2
4
4
3
1
1
2
1
1
2
3
4
1
11
34
7
6
4
65
139
10
97
37
7
4
8
166
7
8
7
6
2
2
3
6
10
3
3
1
5
17
7
2
3
2
2
2
3
3
4
3
2
1
7
6
3
10
4
2
7
3
3
5
2
3
3
3
3
2
4
3
4
2
2
7
2
2
3
2
2
2
4
1
8
4
1
4
2
3
4
3
4
5
4
4
4
13
4
5
3
3
7
1
1
2
3
6
7
3
1
1
4
4
3
2
1
2
4
3
5
8
3
11
7
4
122
192
98
77
130
91
123
76
69
75
85
111
61
79
44
5
2
4
0
8
5
4
16
4
1
3
5
4
1
2
1
7
5
3
2
4
2
6
4
4
4
3
8
9
4
4
4
1
5
6
7
6
4
6
1
9
5
3
1
1
2
3
10
2
6
3
2
3
1
1
0
12
2
3
1
3
3
3
1
6
3
3
1
3
2
7
6
12
1
1
5
13
6
8
5
3
1
2
11
3
1
1
1
11
24
2
0
2
2
10
13
376
327
333
334
383
345
6
4
4
1
2
1
3
5
8
3
3
1
1
0
1
3
2
1
7
1
2
4
1
7
9
6
3
1
2
6
1
4
2
3
5
1
1
3
2
6
3
1
0
1
1
1
1
3
2
3
3
1
1
0
1
14
4
6
6
3
2
4
3
3
5
5
7
2
2
2
3
7
3
6
5
1
4
4
2
4
5
1
4
2
1
0
3
8
2
3
7
2
2
2
2
190
148
225
188
175
140
3
6
5
6
2
4
9
4
4
3
4
3
2
4
4
4
2
2
2
4
1
1
8
8
8
5
3
2
5
6
6
4
2
3
4
5
1
1
7
2
1
5
2
2
7
3
5
2
2
5
1
2
6
3
12
6
4
8
6
8
2
2
3
6
8
7
1
5
3
2
6
8
13
4
5
11
5
4
4
4
8
8
1
5
3
6
6
3
3
5
2
1
4
4
235
228
208
193
228
195
1
1
2
1
10
5
2
4
3
2
1
1
1
1
1
9
4
2
1
2
1
12
2
4
3
2
2
0
1
2
2
3
3
2
2
4
1
10
2
1
2
1
1
3
1
3
5
4
5
1
2
3
1
8
2
5
5
1
1
1
0
3
2
3
10
3
1
3
3
2
5
3
5
2
3
4
4
6
14
1
5
2
4
1
3
2
2
4
4
1
1
1
2
251
223
290
191
222
254
2
1
0
5
8
3
2
2
2
2
1
2
7
7
2
5
1
5
4
2
4
4
7
2
1
1
1
1
3
1
6
3
3
2
2
1
2
3
2
3
1
2
1
2
3
2
2
2
1
1
1
2
7
1
2
4
2
1
5
3
2
2
2
3
2
1
1
1
2
4
3
2
1
2
2
3
3
2
3
2
1
1
1
2
14
4
5
3
1
0
3
2
287
337
306
337
400
357
10
3
10
4
3
2
8
8
2
1
3
2
2
1
2
6
8
3
3
7
3
5
5
2
3
5
4
2
1
5
3
3
3
3
3
2
4
1
1
2
4
1
3
1
1
3
1
5
2
1
1
4
3
1
2
12
3
20
2
0
2
3
1
8
3
4
9
14
3
7
4
2
8
9
5
1
1
2
3
1
2
1
4
7
2
3
4
4
7
2
6
285
252
315
222
279
241
6
6
7
4
8
4
2
2
1
6
1
1
2
2
2
6
1
3
5
4
3
5
2
1
27
9
6
2
1
6
2
4
9
4
3
3
2
2
4
6
2
1
2
1
2
6
4
2
2
2
5
2
1
7
8
7
4
2
4
5
3
3
6
5
2
4
5
2
1
4
2
9
4
1
2
2
1
3
11
2
4
4
2
3
3
4
3
2
7
4
225
266
246
246
268
236
1
2
2
2
2
8
2
10
4
1
1
1
2
5
3
3
2
2
2
2
4
1
1
13
2
1
2
4
5
10
2
7
2
2
3
2
1
3
3
1
1
1
10
2
1
6
1
1
2
3
1
1
2
2
6
6
6
0
2
3
3
2
4
7
10
1
2
1
3
2
2
5
4
3
1
2
5
6
6
1
4
2
2
1
2
5
17
8
4
139
213
171
169
251
192
1
2
7
3
2
6
1
3
2
2
3
3
8
3
9
5
3
2
5
5
2
7
17
11
0
2
2
4
2
2
3
2
2
2
4
8
1
2
3
4
1
3
3
2
4
4
4
1
3
1
4
4
1
1
3
1
0
4
1
4
1
3
5
2
2
4
3
4
8
4
3
5
3
3
2
4
1
5
1
3
8
1
5
2
1
3
3
17
76
54
56
101
126
89
7
3
14
5
3
2
3
4
4
2
3
7
7
2
4
6
12
4
3
3
5
11
5
7
3
1
2
2
8
3
2
11
6
2
2
1
4
3
3
6
5
2
4
7
5
3
2
6
6
2
12
2
2
3
8
1
13
4
15
1
2
1
5
10
5
5
13
4
6
3
7
10
5
3
5
4
4
2
4
15
11
6
7
9
13
3
5
126
109
106
89
82
95
13
9
3
6
2
6
11
6
5
11
1
5
4
4
4
12
2
8
2
2
1
5
3
6
4
4
2
7
5
3
4
5
14
6
2
6
3
4
5
12
8
4
1
3
3
3
7
8
3
4
1
2
5
5
1
8
8
8
3
4
6
1
5
6
14
23
2
4
3
7
6
16
4
10
1
7
3
5
5
9
9
7
1
4
3
4
108
75
93
70
79
94
22
7
3
12
8
3
6
14
7
2
5
3
7
2
2
1
14
2
5
2
2
2
2
4
2
1
7
4
2
4
4
8
8
1
2
2
7
5
7
26
17
1
2
6
6
2
3
2
4
1
6
3
8
3
9
13
7
1
4
5
3
2
8
8
9
2
6
8
11
9
6
5
10
4
5
5
12
6
8
7
3
1
4
2
4
118
169
108
112
81
119
7
11
2
7
2
6
10
13
4
5
2
13
9
7
2
7
3
11
6
4
5
8
4
10
3
9
8
4
6
11
11
15
1
4
6
27
2
10
9
8
2
3
7
8
7
3
3
4
5
4
6
5
8
11
3
8
2
15
10
7
7
7
6
4
2
4
3
6
11
4
5
10
7
6
4
7
2
25
7
11
2
13
4
10
78
45
93
133
107
89
7
4
3
1
1
1
2
8
7
2
1
5
2
4
2
6
5
12
6
1
3
3
3
5
4
2
5
4
2
1
6
6
5
3
3
4
2
3
3
5
2
1
3
4
3
2
2
3
7
7
4
3
3
6
5
5
2
6
5
5
4
1
1
9
7
4
2
1
2
2
6
6
2
4
3
1
3
3
4
7
5
6
10
109
78
91
123
127
164
17
10
0
0
12
2
12
5
6
6
4
3
1
4
2
3
0
4
2
1
2
3
1
1
1
1
6
2
2
5
3
3
4
5
2
4
4
7
3
1
5
5
8
6
1
1
2
2
1
2
1
4
6
5
0
7
11
4
7
9
1
3
3
14
5
3
8
2
2
12
9
3
2
3
4
12
4
4
5
8
3
5
112
178
185
100
108
153
19
1
3
2
5
4
4
4
14
6
2
1
1
1
1
6
2
1
1
1
2
4
2
5
10
3
1
3
4
3
3
1
12
2
5
2
6
8
5
8
7
1
3
1
2
2
4
7
1
1
2
2
6
1
2
18
2
2
2
2
4
5
3
2
14
1
4
2
4
7
10
1
6
3
2
2
2
3
6
8
11
91
135
86
86
82
107
6
7
2
5
5
6
4
2
4
10
2
5
5
5
3
3
1
3
1
1
3
7
6
8
1
8
2
3
3
8
2
4
2
7
3
5
5
4
6
5
1
6
5
1
2
4
2
3
0
9
3
8
1
6
3
6
3
2
3
5
2
8
4
6
2
5
2
8
9
10
7
16
2
5
2
1
2
8
11
3
77
27
40
139
120
147
2
2
5
1
1
4
2
2
25
6
7
1
2
8
1
2
1
3
1
1
1
12
1
3
1
4
3
1
3
5
1
4
2
12
1
1
1
6
0
7
3
4
5
3
1
4
2
6
5
5
4
1
3
6
4
6
5
3
1
2
4
6
2
14
3
7
3
2
1
5
1
5
7
4
3
3
4
5
4
190
145
192
160
219
207
6
8
2
13
9
4
2
7
2
7
1
2
4
2
1
2
1
3
3
1
2
2
3
3
3
8
1
6
3
10
2
3
1
7
1
0
2
4
1
2
3
4
2
2
5
5
3
3
2
10
2
7
2
4
6
19
5
3
2
1
4
2
5
5
2
5
1
1
1
3
4
16
19
12
1
3
1
6
153
149
128
146
155
121
7
6
13
12
6
1
18
1
4
0
2
2
2
1
0
1
6
1
1
2
14
6
2
4
10
1
1
3
7
3
13
9
2
1
2
6
3
5
3
5
4
0
1
1
1
0
2
2
3
0
1
2
2
2
9
3
5
2
3
2
1
13
7
4
8
1
3
2
2
5
16
13
5
1
1
1
3
96
193
148
101
90
147
2
3
3
4
2
6
3
6
2
3
3
3
4
1
1
3
1
1
2
4
6
4
4
9
1
1
1
3
2
2
19
16
2
2
2
9
3
6
7
6
4
0
2
2
1
3
9
21
1
0
2
5
6
2
6
4
0
1
9
5
4
6
5
12
5
9
2
8
3
3
4
5
1
3
3
6
165
114
112
121
117
95
10
6
9
2
3
4
4
2
16
4
8
1
1
1
4
3
1
3
4
3
1
1
2
2
4
2
4
1
2
2
1
1
3
2
1
4
1
0
1
2
2
5
6
3
2
1
2
7
4
7
9
2
3
1
6
2
12
5
7
1
0
1
1
5
1
4
5
2
2
1
5
6
1
2
6
134
103
85
125
109
137
7
6
6
4
2
6
2
9
3
2
1
1
2
1
4
3
6
2
2
2
8
1
6
3
5
12
2
2
3
2
3
5
3
3
2
2
1
1
8
3
11
7
1
4
5
4
0
7
4
0
5
3
4
2
6
18
4
7
2
2
3
10
3
6
2
3
2
4
4
4
15
10
7
10
123
142
117
142
173
146
8
2
14
1
5
1
2
1
5
3
1
1
1
2
3
1
2
3
3
7
1
2
3
4
15
1
4
5
2
8
11
5
1
3
2
1
2
3
2
2
1
0
7
1
4
1
3
8
4
1
5
7
5
1
9
5
10
0
6
4
5
2
5
2
6
1
6
8
2
6
4
5
10
142
136
151
125
127
157
2
6
2
4
2
2
5
3
10
3
5
1
4
3
1
0
2
3
4
5
1
5
5
10
0
5
1
2
2
12
7
2
3
3
1
1
2
1
6
3
0
3
3
4
1
3
5
6
6
6
4
3
1
2
12
10
3
1
2
4
1
5
3
6
2
3
7
1
4
4
3
9
258
332
256
259
181
224
7
7
8
3
5
1
12
7
7
4
4
2
6
6
2
10
4
4
1
3
4
2
3
5
3
6
3
2
2
2
3
5
8
1
3
3
2
4
3
6
13
2
5
1
6
5
5
6
6
2
7
6
6
4
5
5
5
3
5
2
4
5
7
5
5
3
3
2
7
9
8
161
172
225
177
191
165
11
26
3
6
1
2
1
2
5
3
3
1
9
7
11
2
3
5
2
1
3
3
10
6
7
9
2
3
6
4
12
4
6
8
5
3
4
3
6
13
7
11
1
3
2
5
23
12
6
4
5
3
3
2
10
3
3
7
4
4
4
11
9
19
11
21
4
3
3
9
234
285
244
254
293
298
5
1
4
1
3
3
4
1
3
2
2
4
1
3
4
1
1
2
3
2
1
3
2
1
1
2
1
1
0
3
8
2
5
0
2
3
1
2
5
1
2
1
5
1
2
1
8
2
2
2
3
1
2
7
2
1
3
1
2
1
3
5
4
3
9
1
1
2
6
270
277
330
230
283
295
1
5
9
6
3
4
2
2
4
5
3
4
8
4
7
5
2
4
3
2
3
5
5
4
2
2
2
2
4
7
3
4
5
2
5
4
3
6
3
4
1
3
7
5
8
10
3
5
4
6
10
3
3
6
2
8
3
1
4
2
4
5
11
4
4
2
3
4
253
278
270
214
295
238
2
4
2
4
1
2
0
2
1
4
4
2
1
1
1
2
0
1
0
2
1
1
1
1
1
3
2
1
1
2
1
3
2
4
2
1
4
1
1
2
1
0
1
4
1
0
2
8
2
4
2
1
1
2
5
2
2
2
2
1
2
2
1
3
2
4
3
273
166
254
167
257
167
13
4
12
4
1
3
2
2
1
0
4
2
2
4
3
4
1
4
1
2
2
3
1
3
2
0
2
4
1
3
1
1
2
3
1
3
2
6
1
4
6
2
4
2
6
4
5
3
5
6
2
1
3
1
1
2
3
2
2
5
1
2
4
4
2
6
179
243
140
138
215
125
5
8
2
1
2
4
10
3
2
2
2
2
4
4
12
2
3
1
9
2
1
1
9
1
2
1
10
0
5
2
6
6
4
0
11
5
4
2
5
10
6
5
7
3
3
2
10
11
4
1
3
2
3
2
2
1
4
0
1
7
3
4
3
15
6
106
147
189
166
94
126
1
2
2
1
3
2
4
5
6
3
2
2
5
5
3
2
1
7
3
0
4
1
4
1
4
1
1
2
5
3
3
4
1
4
1
2
6
3
3
11
4
1
1
4
4
7
5
4
2
5
6
1
4
3
6
7
1
3
3
1
3
7
2
8
112
158
280
161
120
176
6
4
4
1
6
2
1
4
2
0
2
2
1
4
1
3
1
2
3
0
2
2
1
5
3
1
2
2
4
3
7
19
5
2
4
3
5
5
4
1
5
2
2
1
6
2
4
1
2
3
4
1
4
0
2
14
2
4
4
1
2
3
2
151
198
144
158
173
127
2
2
2
2
12
2
6
5
2
1
1
1
4
4
1
3
1
2
1
6
1
1
8
6
2
1
1
2
2
5
1
3
2
3
2
4
1
2
2
1
2
3
2
2
2
1
5
1
1
4
1
4
1
2
2
4
1
3
2
3
3
7
214
157
203
148
250
135
2
1
3
1
2
6
4
2
0
3
4
2
4
2
4
2
1
2
3
1
1
10
3
5
5
1
4
4
1
1
7
4
1
1
3
1
3
7
2
3
4
2
6
1
1
7
3
2
3
1
5
1
2
1
5
3
5
1
3
1
2
109
147
133
130
161
154
2
2
3
3
10
2
0
1
1
1
2
3
6
4
1
4
2
2
2
0
5
6
6
4
2
1
6
1
2
11
5
8
2
1
1
3
5
2
4
2
2
3
3
1
16
11
7
3
4
4
3
3
1
5
2
4
7
2
1
1
196
199
161
318
163
149
4
5
3
2
1
1
1
8
2
1
1
0
1
2
3
9
3
3
1
1
1
1
2
12
8
2
2
1
1
5
2
1
4
8
3
4
6
1
2
2
4
4
1
2
3
3
5
12
2
3
1
2
1
1
3
1
4
5
3
98
133
123
234
218
262
6
2
6
1
2
2
2
1
2
2
2
3
2
3
2
1
4
3
4
1
1
4
4
3
5
5
1
4
5
6
7
2
7
3
11
1
2
4
6
3
2
4
4
2
4
6
2
3
3
5
6
4
3
3
3
4
4
4
141
145
101
120
93
86
2
8
3
3
6
1
5
2
5
1
6
1
3
4
2
1
1
7
13
3
4
2
5
3
11
2
5
2
4
1
6
1
6
3
4
3
4
1
7
2
4
2
1
2
5
4
2
3
3
6
7
2
2
3
4
2
6
140
129
129
176
145
149
0
4
3
1
1
5
1
2
2
2
4
4
2
0
2
4
5
0
0
3
1
1
2
9
0
2
1
1
1
12
1
3
1
4
0
5
1
1
5
4
1
1
3
6
3
2
10
5
1
7
2
6
2
2
5
6
232
219
253
172
216
242
3
2
3
3
6
2
3
5
4
9
3
1
4
1
3
18
4
6
4
2
3
5
3
1
18
2
15
4
3
6
7
4
5
2
5
2
3
5
5
5
2
6
8
5
3
3
2
4
2
6
7
1
3
2
3
250
266
194
270
202
208
25
6
2
2
1
2
5
3
2
2
1
7
1
2
3
3
4
2
2
2
2
1
0
6
4
7
0
2
2
5
2
3
5
4
4
2
1
5
3
3
3
4
2
4
2
3
1
8
4
3
1
1
4
2
306
320
329
245
283
306
5
1
2
9
2
1
8
10
4
2
1
2
1
2
3
2
1
1
2
5
3
1
1
2
3
1
1
1
1
2
1
7
5
3
2
3
1
1
2
5
5
2
1
1
3
2
6
21
12
2
4
3
4
294
280
278
265
236
226
3
3
2
8
3
3
12
2
2
11
9
4
3
1
3
2
1
1
4
3
1
2
2
1
1
2
4
3
4
6
5
3
4
2
2
2
9
4
3
10
1
5
2
6
2
7
14
4
0
5
2
5
286
352
355
303
319
363
3
1
1
1
2
3
4
3
1
1
1
4
1
1
0
8
5
7
6
1
2
3
5
3
2
7
4
3
1
3
1
1
2
3
5
2
1
1
6
2
2
2
4
1
3
1
2
3
5
4
5
280
263
195
271
170
158
1
3
1
4
1
2
2
2
3
1
4
5
1
4
4
5
5
3
1
1
2
5
0
3
10
6
4
2
1
2
3
5
7
7
3
1
1
5
4
5
1
5
2
2
1
3
2
6
4
11
259
232
315
245
263
248
18
1
3
2
2
1
7
10
1
7
6
4
2
1
2
2
4
2
4
4
3
3
2
10
1
4
9
1
5
1
1
10
6
4
3
3
3
2
2
4
3
1
5
3
2
1
4
3
5
259
172
268
155
310
155
3
8
5
6
3
5
8
3
6
2
1
2
2
1
1
4
3
6
4
2
1
2
4
2
4
5
5
5
3
4
3
8
1
5
3
4
2
2
2
6
1
5
4
3
1
5
1
5
97
106
73
152
87
88
10
4
6
1
1
2
1
12
2
2
1
1
2
1
2
2
1
7
4
3
2
1
2
4
4
2
2
1
2
2
4
7
6
6
6
1
2
1
2
2
4
2
3
1
2
5
6
102
106
74
130
91
109
12
4
2
3
7
9
4
4
2
5
3
2
5
3
1
3
1
6
1
1
8
7
6
9
5
2
4
2
3
5
7
4
6
10
1
3
5
4
2
2
6
4
2
3
3
3
116
70
87
75
107
81
7
2
3
22
4
8
2
10
3
2
3
5
2
2
7
6
7
0
1
2
2
2
13
1
3
1
5
3
3
11
4
20
16
3
1
3
7
5
13
7
12
3
2
2
3
116
104
102
121
103
112
3
1
6
9
6
2
2
1
2
1
2
3
2
3
6
6
1
1
5
4
7
2
5
7
6
1
4
3
5
5
11
12
3
3
4
10
1
1
3
3
1
2
2
5
43
90
115
119
87
111
3
2
3
2
2
1
1
2
3
2
2
1
2
1
4
0
2
3
6
2
2
1
4
1
3
4
3
3
2
1
3
5
2
1
6
0
1
1
4
4
6
2
5
151
84
192
91
169
91
22
10
5
3
1
2
1
2
1
3
1
3
3
2
1
4
3
2
2
3
1
3
2
3
2
2
7
0
4
3
1
2
3
3
3
5
7
1
2
2
2
3
116
125
78
110
97
84
6
2
1
1
4
2
2
1
1
2
1
1
6
2
2
2
3
6
2
1
3
2
4
3
2
1
4
4
5
1
4
9
3
2
2
1
2
4
1
5
5
121
119
94
116
106
97
1
1
1
0
1
1
2
2
0
6
2
2
0
3
4
1
1
2
1
0
1
7
4
4
1
4
7
12
4
4
4
7
1
2
2
1
1
1
2
2
95
102
115
99
145
107
9
6
5
5
1
9
1
5
11
2
14
2
5
4
7
5
2
4
4
5
6
6
6
16
7
3
8
4
6
5
5
15
4
5
7
6
3
5
4
175
199
125
173
96
105
9
5
2
2
1
2
3
9
3
7
0
4
2
3
5
13
4
2
3
4
5
2
7
2
6
3
2
4
2
3
2
4
3
5
1
6
2
4
184
181
194
138
188
174
15
1
5
2
3
1
5
4
3
0
1
0
2
1
5
2
4
1
1
3
4
4
9
1
3
2
3
1
3
4
5
2
15
1
3
2
2
218
236
135
273
176
177
1
2
11
2
2
9
14
7
1
1
2
1
4
3
10
7
1
7
5
3
6
10
4
2
8
5
3
2
6
3
2
7
1
1
5
2
73
127
144
60
88
159
4
3
4
3
2
2
4
1
4
4
7
6
2
1
3
3
7
2
1
1
1
2
3
2
3
1
4
3
1
3
1
7
2
1
4
199
225
203
146
201
145
10
7
0
7
1
6
2
6
5
7
3
3
2
2
1
3
4
1
3
1
2
7
7
1
2
2
1
2
3
3
2
4
3
5
92
201
224
103
115
227
4
3
3
2
5
3
8
1
6
4
4
4
2
3
3
4
10
3
2
1
11
7
2
4
5
3
3
9
3
6
2
5
13
148
161
147
109
181
121
3
4
6
9
1
11
4
8
2
2
10
7
2
6
15
4
3
1
10
4
2
2
1
6
3
1
3
5
4
3
2
5
162
110
140
114
146
235
10
1
7
2
6
2
2
3
2
0
1
2
2
2
0
6
1
0
2
2
3
0
2
4
7
1
2
4
4
3
0
131
107
127
148
181
171
13
26
1
7
2
4
5
3
14
18
1
4
10
5
6
4
9
4
4
6
2
6
3
5
3
8
2
5
4
4
117
116
137
113
123
121
14
2
5
4
7
4
5
1
6
4
4
6
3
3
6
3
5
2
2
2
5
8
5
4
5
3
3
6
4
87
97
93
88
83
99
0
4
4
5
7
10
4
15
1
12
6
6
5
8
9
10
3
3
1
5
8
11
4
11
0
10
4
4
145
187
158
109
162
149
0
3
7
4
1
1
3
4
3
3
5
0
1
1
4
3
1
2
1
2
1
0
1
15
5
3
4
105
132
172
117
122
147
5
14
5
3
3
3
3
6
10
3
3
3
2
10
2
4
1
4
6
3
2
2
1
3
4
3
101
127
133
139
122
220
8
10
7
3
5
6
11
17
7
4
4
3
6
3
2
1
4
4
4
3
2
10
5
4
13
124
174
89
116
81
83
2
5
3
4
3
5
3
4
3
3
4
8
5
3
5
5
3
6
7
3
4
2
10
9
52
85
100
77
62
91
7
6
5
5
9
5
9
7
4
1
5
8
4
2
2
23
9
5
4
2
6
4
7
132
96
136
111
129
99
9
2
6
3
11
1
4
5
4
10
4
2
1
3
9
12
12
9
5
2
3
2
29
102
79
21
37
85
16
4
4
10
6
5
1
3
5
5
0
3
6
7
6
12
11
3
2
2
4
66
64
10
78
24
11
7
4
4
4
8
2
8
6
4
9
3
3
1
8
15
11
2
5
3
8
139
136
147
102
114
140
6
12
4
6
1
2
4
2
2
4
2
3
3
8
1
6
2
3
6
90
90
94
137
94
108
23
12
2
2
2
5
5
3
2
3
3
8
2
3
7
10
4
6
95
130
129
97
108
134
9
2
1
2
4
3
3
3
4
4
6
2
9
3
4
3
8
77
112
110
82
58
84
2
2
4
4
4
2
6
9
11
6
2
4
5
8
6
11
92
110
66
80
77
28
4
3
10
3
1
2
6
4
8
16
16
2
4
1
8
87
95
88
94
93
89
4
9
1
4
2
6
4
4
5
10
1
2
1
4
111
79
71
61
57
112
25
2
3
5
12
3
4
4
8
3
3
2
2
96
88
86
76
84
53
4
10
7
12
4
7
8
9
5
5
3
7
97
173
116
84
96
112
5
6
5
1
2
1
1
3
5
11
3
85
80
88
89
77
168
9
7
2
3
4
5
1
6
9
8
94
112
175
88
96
100
10
1
2
1
2
1
3
2
4
100
101
78
93
65
95
3
6
3
3
4
6
5
3
214
210
215
325
344
343
9
3
3
5
3
1
3
130
216
230
133
139
296
8
8
4
3
4
4
263
259
297
262
303
298
12
1
4
3
4
233
138
261
157
218
151
3
4
4
3
161
279
160
152
309
151
2
5
5
89
92
148
241
75
79
11
14
122
117
124
210
143
168
5
269
336
237
332
296
273
