154
32
66
73
117
65
78
83
139
136
197
107
151
159
138
3
9
4
1
3
8
2
6
1
3
2
2
3
10
6
1
2
7
18
17
10
3
4
3
4
2
2
0
1
2
7
6
3
5
1
1
4
1
3
0
3
8
3
2
2
3
13
5
12
3
11
3
6
4
10
1
8
0
8
6
1
3
2
5
1
1
4
1
1
1
4
2
1
4
2
1
1
4
4
1
1
1
6
3
3
3
2
1
2
2
2
6
5
0
1
1
1
2
2
10
0
1
1
1
2
1
2
2
2
1
1
0
1
1
6
1
1
1
2
2
1
1
4
5
4
4
1
3
8
5
3
2
1
19
3
1
1
1
2
2
2
3
1
0
1
1
4
4
1
1
2
2
4
1
118
34
55
63
49
31
58
37
70
12
20
78
25
27
75
9
7
6
11
7
14
6
3
5
3
3
7
8
3
6
11
12
25
7
2
5
14
16
10
5
2
3
5
8
11
7
8
3
2
9
3
2
2
3
6
10
10
5
3
5
7
16
8
2
11
4
7
8
13
3
3
3
6
8
3
3
3
3
1
2
4
8
3
8
4
6
2
2
10
3
3
9
6
2
5
1
3
10
3
4
1
2
4
3
3
4
4
2
1
5
3
14
6
1
6
2
9
3
4
4
6
1
2
4
2
1
2
2
17
13
3
7
2
1
5
1
6
4
6
5
4
3
6
3
6
3
4
14
4
4
3
4
8
3
7
4
1
1
3
6
3
1
3
8
4
3
4
1
36
35
21
40
41
46
69
78
31
63
45
39
41
28
84
6
7
12
13
12
8
7
7
14
4
2
4
2
3
2
4
0
12
6
5
10
6
12
11
3
6
7
6
7
3
7
5
3
2
5
2
6
2
17
6
5
10
2
2
8
14
14
3
13
10
3
8
6
6
4
5
5
6
3
2
3
3
1
3
2
6
4
7
3
3
2
5
7
2
1
7
3
2
3
2
7
11
6
15
1
4
10
4
3
8
10
3
1
3
1
3
4
4
3
2
2
3
5
3
4
4
4
3
1
3
4
0
9
7
7
9
3
1
5
3
6
10
6
5
1
6
10
2
4
4
4
6
3
3
3
4
3
7
7
4
7
3
2
6
3
4
4
7
2
4
3
3
7
120
143
110
25
11
7
12
133
121
120
81
135
46
91
4
14
3
3
6
15
13
3
2
2
3
5
3
3
3
8
7
5
20
20
4
4
2
2
3
3
2
8
2
3
5
1
1
5
1
0
1
9
1
6
3
6
6
9
18
13
6
11
4
3
3
7
5
1
4
3
6
2
1
1
4
3
1
5
1
0
5
0
3
1
6
1
2
4
1
2
1
0
0
5
2
3
2
3
1
10
3
2
5
1
1
2
2
2
3
0
2
2
2
2
2
1
2
2
1
0
3
1
1
1
1
5
1
0
1
12
1
3
2
4
3
1
4
7
1
0
4
1
2
2
6
2
8
2
3
1
1
2
5
3
1
2
3
1
3
3
1
3
2
2
3
19
36
28
4
7
38
24
20
36
37
43
71
7
12
77
11
2
3
8
0
5
5
2
1
2
8
1
4
7
10
8
3
4
10
8
8
2
12
2
6
3
12
4
4
3
6
1
3
2
1
5
6
9
2
6
3
7
7
13
6
4
9
4
2
6
3
3
19
3
8
4
2
1
8
6
6
1
2
2
3
4
4
3
2
2
1
1
2
1
6
2
3
1
3
1
1
3
3
2
4
3
2
6
1
1
4
6
5
2
1
1
3
1
6
2
4
5
5
2
1
4
1
3
3
4
2
3
1
8
4
9
8
3
3
2
5
4
1
9
9
3
6
1
2
2
2
10
6
4
1
1
3
4
2
4
1
2
1
2
3
2
3
6
14
12
21
57
15
26
19
26
21
16
31
10
17
16
16
20
7
14
10
5
3
6
7
2
3
8
10
4
6
16
0
13
10
8
14
7
2
5
7
1
3
14
10
3
17
3
1
3
3
1
3
3
4
14
3
8
7
3
5
5
5
9
7
20
2
14
9
16
3
8
1
7
3
4
3
3
4
5
5
5
2
3
7
5
2
2
4
4
1
5
3
6
2
3
4
9
4
3
2
2
5
4
6
6
3
3
2
6
3
2
1
2
2
5
5
3
4
0
2
3
3
3
1
1
1
3
4
4
1
2
4
10
6
6
5
5
2
7
7
11
6
3
4
6
2
3
4
1
5
6
2
1
1
7
3
5
0
1
3
3
2
6
9
2
5
2
79
125
291
98
200
93
68
134
75
123
110
109
96
225
80
7
13
3
3
1
2
3
6
0
1
6
7
20
5
4
5
4
13
5
3
1
3
1
3
8
3
4
0
1
2
3
2
6
2
9
3
3
2
4
3
9
5
6
3
9
7
6
7
4
1
6
4
6
9
2
1
1
3
1
1
7
3
3
3
2
2
2
2
3
2
1
2
1
3
4
2
2
4
5
3
2
1
2
4
4
7
5
2
1
2
1
2
4
0
0
4
2
1
3
5
2
2
2
2
0
1
1
0
5
4
5
2
2
5
1
4
4
4
4
3
3
4
1
2
1
1
2
1
3
3
2
5
3
2
2
3
2
4
4
4
4
2
1
2
2
3
2
2
37
35
56
35
83
79
60
21
53
79
77
35
30
67
40
6
3
3
6
4
3
7
2
9
5
4
0
6
3
14
5
7
5
7
2
3
5
12
6
1
4
6
4
6
2
4
4
3
9
5
4
3
6
5
8
16
4
11
12
12
3
11
13
3
5
5
5
8
4
3
1
1
2
3
2
2
2
11
4
5
2
5
4
3
2
7
1
5
2
2
5
8
3
5
2
12
3
4
6
5
3
10
1
5
3
2
3
2
2
3
5
3
3
3
5
2
1
3
1
2
3
2
8
5
5
6
3
6
3
8
6
7
1
5
1
3
2
7
5
6
5
4
4
8
6
3
2
4
2
9
4
3
2
4
1
6
3
8
5
3
3
3
22
74
77
77
60
25
29
66
57
47
54
51
91
66
87
10
13
5
5
6
7
4
8
2
8
27
6
9
11
10
4
11
6
5
11
5
6
10
1
8
11
3
6
3
3
5
4
7
6
9
4
4
6
8
11
14
7
9
8
3
7
13
5
11
9
5
5
4
2
3
10
5
4
6
4
6
12
4
5
4
4
12
16
3
4
6
2
8
9
7
15
6
4
5
11
2
2
4
5
8
7
4
5
7
5
8
5
4
3
4
3
8
5
5
4
6
4
2
5
8
4
12
3
6
12
5
7
4
6
4
10
5
6
3
3
8
6
3
3
4
8
6
11
5
3
6
2
8
7
7
2
1
3
3
14
4
6
9
2
9
9
181
246
266
207
318
179
179
131
179
248
216
252
194
295
223
3
6
0
2
2
11
2
4
1
4
5
5
5
7
6
1
1
6
2
1
1
4
2
1
2
1
2
2
0
2
1
2
1
3
3
5
3
1
12
3
2
1
3
2
2
5
4
3
2
0
4
1
1
2
7
0
0
2
1
0
6
1
1
0
1
1
3
0
1
1
2
1
2
1
1
1
2
9
1
2
1
0
2
1
0
1
1
0
1
1
1
1
1
1
1
1
1
0
0
0
2
1
1
0
0
2
1
1
1
5
2
3
4
1
1
1
1
3
1
0
5
2
1
4
1
4
2
4
1
1
1
3
4
2
1
0
2
1
3
0
0
1
2
4
1
81
52
34
13
43
87
28
15
42
85
25
74
15
90
17
5
3
3
10
6
21
1
4
0
4
2
3
7
11
11
1
4
5
1
14
19
4
13
11
3
6
3
4
13
4
4
5
4
1
3
26
1
15
5
2
12
6
1
12
3
1
7
3
1
10
3
3
2
5
3
5
3
3
2
3
2
6
3
3
1
4
1
3
1
3
3
2
1
5
1
3
2
2
5
8
1
2
3
2
2
7
3
4
5
5
3
4
6
3
7
2
1
5
1
3
8
2
1
7
2
6
2
10
4
8
10
4
1
3
3
6
2
11
8
7
1
5
7
14
1
4
3
7
2
4
6
3
1
3
3
3
4
4
1
7
1
5
6
4
16
76
15
44
28
70
57
28
85
10
104
55
49
48
59
1
4
3
4
4
6
2
8
8
3
2
5
7
4
5
1
2
4
4
4
7
5
9
1
4
1
3
1
6
4
2
1
4
6
9
5
6
4
3
6
1
0
5
3
3
1
1
1
4
1
2
2
1
4
6
1
3
2
3
2
1
2
3
2
1
2
3
2
2
1
2
2
1
2
3
3
2
5
1
2
2
1
4
4
3
4
10
2
4
3
3
6
6
1
2
2
2
1
2
2
1
1
3
3
3
1
3
5
5
5
17
1
1
3
3
1
3
1
1
4
1
1
2
1
1
4
5
4
4
0
2
3
2
1
4
1
2
2
2
1
4
2
1
185
140
188
140
238
135
196
158
234
122
176
152
153
219
175
1
3
1
1
1
2
0
8
0
5
2
3
2
3
1
0
2
4
3
2
0
1
1
5
1
1
4
0
1
4
3
1
2
4
1
9
4
1
3
3
5
2
4
0
1
3
1
6
2
9
1
1
0
2
19
2
2
1
3
1
1
1
4
1
6
2
1
2
2
1
1
14
5
10
0
0
1
0
0
1
0
2
0
1
0
2
2
2
1
1
0
1
1
2
3
4
1
2
0
3
0
1
2
3
2
3
1
1
5
2
1
3
2
3
1
1
0
3
4
7
2
2
1
3
1
2
5
2
2
2
1
1
1
2
3
5
6
6
1
1
1
1
45
83
114
38
111
82
110
81
43
83
75
109
100
136
19
24
1
2
3
1
4
5
2
2
4
7
6
9
1
1
2
4
3
1
3
2
3
9
5
1
1
1
3
7
6
1
2
2
2
8
7
6
3
6
2
5
6
1
6
2
1
2
3
3
2
5
1
3
1
5
6
4
3
3
0
5
2
8
3
4
2
3
2
1
1
9
6
5
1
2
1
2
1
2
1
1
1
3
2
2
6
2
9
4
2
1
1
3
1
3
3
7
0
1
1
3
2
4
6
2
1
2
8
4
1
3
1
1
1
4
1
3
2
6
6
3
1
2
4
6
4
2
1
5
1
1
1
2
13
7
4
6
1
3
1
1
24
10
45
11
57
8
9
18
25
14
64
11
9
84
16
13
2
3
5
12
5
2
3
6
10
8
3
2
5
4
8
8
1
2
4
3
12
2
2
3
2
3
7
2
1
3
2
5
14
9
3
9
9
2
12
8
2
6
3
2
9
2
11
1
2
7
4
1
2
3
7
5
4
2
1
7
4
3
9
3
2
2
5
3
8
2
5
4
2
4
3
2
2
4
2
3
9
3
5
1
2
4
6
3
1
5
4
5
9
3
1
3
6
3
7
4
2
1
6
1
4
6
5
2
1
2
6
1
1
2
2
6
4
5
4
4
2
4
5
3
2
2
7
4
4
1
1
2
10
5
4
4
3
1
5
244
89
232
162
159
108
262
217
158
121
82
79
194
152
126
11
5
1
0
10
1
6
12
1
3
0
5
3
1
1
1
1
4
2
1
4
2
8
2
2
2
2
4
4
10
3
4
2
6
3
5
8
1
1
1
6
2
8
0
1
2
3
4
2
4
1
0
1
1
2
1
1
1
3
2
8
0
1
13
4
2
1
1
0
1
3
1
15
6
5
1
2
1
1
2
2
1
3
1
2
1
1
0
2
1
2
0
1
2
1
4
2
1
1
0
1
1
3
3
12
1
2
0
3
3
1
1
4
3
5
1
2
1
2
6
5
2
3
1
0
1
2
2
1
1
1
4
1
2
1
5
3
1
4
281
227
266
268
243
265
279
269
276
230
221
311
246
244
237
2
1
4
11
6
5
2
3
4
1
8
6
5
1
4
2
10
4
0
9
1
3
13
3
1
1
2
3
2
5
3
9
4
3
10
9
1
2
3
1
5
15
1
2
2
4
9
4
3
12
2
3
3
4
3
9
1
4
1
3
4
3
4
15
3
4
1
2
2
6
2
3
6
2
1
4
1
7
1
4
2
3
2
2
1
3
1
5
1
9
1
3
1
4
2
4
3
2
3
2
2
1
2
4
13
3
2
2
5
4
4
3
3
1
5
1
1
5
17
2
19
4
3
2
2
5
1
1
2
3
4
4
2
4
5
3
4
6
7
10
20
37
90
40
10
82
67
12
61
7
8
3
61
1
0
12
3
5
2
4
4
4
1
2
5
2
6
2
3
3
0
7
6
1
2
0
1
3
1
9
2
2
1
9
7
4
5
4
1
4
4
4
2
4
0
5
1
2
1
3
2
1
5
2
2
2
2
1
1
3
1
2
1
4
4
1
2
1
0
4
3
2
0
1
2
6
3
2
2
0
3
8
3
2
2
1
3
4
7
2
2
1
1
3
1
1
1
2
2
3
1
2
2
3
4
3
11
13
1
4
1
6
3
1
4
1
4
3
7
3
1
2
3
3
4
2
1
4
3
2
1
9
0
1
3
2
1
4
2
1
84
210
184
205
213
122
114
101
107
233
242
211
218
183
262
22
18
8
8
3
12
4
3
1
4
0
5
4
6
2
4
3
3
2
1
4
4
6
11
5
7
3
3
9
12
27
10
10
7
5
8
4
5
1
5
4
6
1
3
0
4
0
4
6
3
3
3
4
2
0
3
3
2
1
2
3
3
1
2
5
3
3
2
2
3
5
2
10
9
1
3
1
2
0
0
2
1
1
2
1
3
4
1
2
2
1
4
0
3
2
1
3
6
0
3
1
2
2
5
3
7
2
3
1
4
2
5
21
2
1
4
3
6
6
1
4
5
2
5
1
3
1
3
6
2
2
4
2
5
5
1
71
67
0
76
0
92
0
86
0
0
83
0
0
0
0
33
15
14
0
0
20
12
5
6
0
0
21
5
9
6
0
0
6
4
4
2
0
0
17
8
5
4
0
0
16
12
26
24
0
0
12
9
7
7
0
0
8
6
4
2
0
0
10
7
2
5
0
0
7
8
9
2
0
0
9
7
5
3
0
0
5
11
4
2
0
0
10
8
16
3
0
0
4
12
7
3
0
0
7
4
4
2
0
0
4
8
1
1
0
0
9
9
3
2
0
0
9
9
11
3
0
0
11
12
7
3
0
0
9
8
6
6
0
0
4
4
6
5
0
0
4
11
7
3
0
0
8
6
9
3
30
77
92
69
77
18
31
26
20
88
93
98
86
78
91
5
17
13
19
11
11
2
6
13
14
8
5
6
20
8
5
8
4
1
3
17
9
9
9
3
9
13
17
13
17
10
23
3
12
9
9
4
14
6
13
3
3
1
13
10
4
6
16
2
10
9
11
5
4
1
3
6
6
4
4
3
5
4
6
3
16
1
11
8
7
8
10
3
6
8
7
3
3
2
3
3
7
2
6
8
6
4
7
2
4
0
7
4
6
7
7
2
8
10
5
8
7
3
9
9
5
7
10
3
10
9
5
9
13
5
8
12
10
5
7
6
5
3
4
2
6
5
6
11
7
6
10
4
8
177
132
76
257
177
103
87
158
120
85
149
204
81
82
173
21
7
13
11
3
6
2
2
10
7
4
5
2
1
2
4
1
2
1
2
4
3
7
9
3
6
11
8
11
3
7
1
12
7
14
6
5
0
12
1
1
2
3
1
4
5
1
1
6
2
3
1
4
1
6
0
4
2
1
2
1
2
3
5
1
2
3
5
5
5
2
5
1
1
11
4
6
2
1
1
3
1
1
2
1
2
3
1
2
0
1
1
1
3
3
2
1
3
9
2
4
2
5
1
3
8
2
2
2
3
2
2
8
1
6
3
5
2
1
1
2
0
4
1
2
8
3
3
3
11
1
3
2
93
88
39
85
116
81
42
74
83
54
258
59
67
35
66
22
10
8
3
6
7
2
7
12
6
2
4
5
6
6
2
1
5
9
10
2
7
10
4
13
16
7
11
10
25
4
6
7
3
3
9
2
5
2
1
4
5
2
3
4
2
3
5
7
5
4
4
1
5
1
3
5
1
6
4
4
3
3
5
2
11
11
4
10
5
4
1
3
7
5
1
1
3
2
4
4
1
2
2
2
2
4
3
1
1
1
2
6
2
1
3
5
8
9
2
3
4
3
5
4
3
4
8
9
3
5
4
4
4
6
5
6
2
0
14
3
4
6
4
3
5
8
3
9
3
3
8
51
74
47
83
127
13
116
35
103
25
57
65
66
86
75
7
8
7
9
5
5
5
5
6
9
2
3
1
5
1
5
2
3
3
1
5
28
6
6
10
4
13
12
17
1
8
3
4
8
9
5
4
1
6
7
5
1
1
4
2
7
3
2
6
1
4
13
1
1
3
5
3
2
4
1
3
3
5
8
6
8
3
2
2
3
2
2
4
5
6
4
1
1
2
8
2
3
2
1
3
1
0
1
1
2
11
2
4
3
1
3
4
2
5
9
4
2
4
6
2
7
6
6
4
7
6
5
4
6
3
4
2
4
7
1
2
1
6
5
2
1
2
11
8
7
3
80
80
94
106
140
20
121
111
82
42
73
85
141
106
109
5
8
2
4
3
6
5
3
3
4
3
2
3
2
2
4
6
14
5
4
2
4
14
9
13
13
9
7
5
7
5
2
5
7
5
7
4
5
2
3
1
2
4
9
2
6
3
3
0
4
6
4
3
2
1
7
1
5
6
8
3
8
1
3
5
1
5
7
11
4
1
3
3
17
5
2
3
2
2
3
4
1
3
2
1
4
1
3
3
1
10
10
4
4
3
3
4
8
6
6
6
10
1
11
2
2
4
5
1
12
2
3
4
4
3
6
2
7
2
4
0
7
4
6
4
3
5
8
2
5
77
69
21
55
90
118
37
126
29
25
97
48
55
25
27
9
1
8
10
12
11
2
3
10
5
3
13
2
2
6
8
10
5
2
4
8
15
7
13
5
12
14
5
5
7
2
6
5
5
10
4
3
3
7
5
3
3
3
2
16
6
3
3
5
7
14
4
8
3
5
3
5
4
5
5
5
0
3
7
5
2
7
2
8
2
3
3
6
2
5
9
2
1
3
3
5
3
3
4
2
2
3
5
1
7
5
9
4
4
3
3
7
3
6
8
4
3
3
3
7
7
3
4
10
3
3
4
3
3
4
4
13
5
4
5
7
2
7
10
9
2
3
1
6
64
81
30
95
102
51
30
85
52
41
65
68
72
81
102
1
4
2
4
4
2
6
2
1
8
4
3
1
2
3
7
2
4
3
2
1
9
6
2
6
4
4
1
4
2
5
2
3
3
3
1
1
1
2
3
4
2
7
9
2
8
3
5
1
3
5
8
2
2
1
2
2
5
2
10
1
5
1
5
2
6
1
1
1
1
10
8
1
3
2
2
4
3
2
1
2
2
3
3
1
4
3
2
4
9
2
3
1
2
3
1
2
2
5
6
1
3
4
3
6
3
4
3
2
3
2
4
2
5
5
10
1
2
1
3
1
2
5
2
2
2
2
3
263
184
131
82
199
177
150
90
208
183
79
187
67
176
79
3
3
1
2
3
1
1
5
1
2
1
2
4
3
1
4
7
10
5
4
8
5
6
6
7
3
4
2
9
3
4
1
1
0
4
2
1
2
5
2
0
0
1
3
1
0
0
1
1
1
0
2
1
0
1
3
1
1
1
0
1
10
3
2
1
4
1
2
2
1
1
1
0
3
1
1
1
1
1
2
0
0
1
2
0
0
0
3
0
0
2
1
7
5
1
1
2
2
3
4
1
5
2
3
2
2
1
8
6
7
2
3
0
1
4
2
1
0
3
1
3
2
0
2
1
1
2
51
59
52
40
49
87
73
56
86
55
27
68
79
172
77
10
3
2
1
3
2
3
2
2
4
2
3
3
5
3
4
3
4
2
6
5
0
6
14
2
1
2
2
3
2
1
4
2
1
3
4
3
2
1
1
1
6
5
9
5
3
2
3
4
1
4
3
4
13
9
4
2
5
2
7
4
4
2
8
1
1
4
3
1
0
2
3
3
2
1
9
2
2
1
1
1
1
1
2
3
0
1
3
2
1
1
4
2
3
0
2
4
8
3
2
8
3
2
1
3
2
3
3
6
4
1
1
3
4
1
2
2
2
1
4
1
5
10
6
2
6
53
21
23
88
82
53
53
75
77
168
45
25
58
23
79
3
4
4
3
6
1
1
2
2
6
2
1
3
2
1
2
2
1
5
4
5
8
3
1
3
2
3
4
5
0
1
1
1
3
1
2
1
2
3
3
1
1
3
9
4
4
1
7
5
9
5
5
2
0
1
2
3
3
3
3
4
2
3
6
2
4
3
2
2
2
1
2
3
2
3
3
3
2
2
1
3
3
4
6
1
1
1
1
3
0
4
4
2
0
1
9
4
2
6
3
4
5
4
1
5
4
3
10
1
1
4
5
6
4
2
1
2
0
1
11
2
5
5
3
4
114
78
81
106
120
80
81
135
115
95
90
102
79
95
112
5
3
6
4
12
3
3
2
2
2
3
20
4
6
3
3
6
14
9
3
16
9
2
5
3
3
2
8
6
11
4
4
1
1
1
2
2
6
4
3
2
1
0
1
7
3
7
10
1
4
2
1
1
5
4
4
2
1
3
3
2
5
3
3
2
3
2
5
5
4
1
5
2
1
5
2
4
3
3
2
1
1
1
1
2
11
5
9
2
2
5
2
3
23
6
5
0
9
3
1
2
6
2
7
2
5
4
3
6
14
5
4
2
2
2
2
4
4
6
7
2
2
1
2
28
13
29
20
25
78
100
112
74
36
46
40
113
71
68
7
8
3
3
8
7
2
8
3
10
8
9
13
5
2
11
9
13
6
12
14
5
6
5
3
3
1
3
8
3
2
2
3
2
2
3
3
3
4
2
2
3
2
4
2
5
6
5
8
5
4
5
8
2
7
6
5
3
2
3
7
6
2
5
4
6
1
5
4
5
3
5
2
5
4
3
5
4
8
2
1
2
2
6
9
5
5
3
3
5
6
2
4
4
7
5
5
5
3
5
6
10
7
4
2
5
3
2
4
7
9
4
2
3
7
5
1
5
6
4
4
7
2
120
132
17
102
161
182
29
162
186
28
181
220
18
44
210
7
4
2
2
1
1
1
2
9
2
5
2
4
3
2
10
5
4
4
1
2
2
7
1
2
2
2
4
1
1
1
3
4
0
2
1
3
2
3
4
4
2
1
2
0
2
2
3
3
1
2
0
2
1
1
1
1
1
1
3
2
1
1
6
5
1
2
0
2
2
2
3
2
1
1
2
1
1
3
2
1
2
1
1
1
4
4
1
7
2
1
2
1
6
2
3
3
2
1
1
3
4
2
2
3
2
1
1
4
1
1
5
2
3
1
1
2
2
2
1
8
1
58
66
70
81
75
100
96
85
117
76
122
106
87
114
92
10
2
4
3
1
7
6
2
3
5
3
6
6
4
12
7
19
9
4
2
7
3
5
7
2
2
2
3
3
3
8
4
3
1
7
2
3
5
4
2
3
2
3
2
2
7
2
5
2
0
2
4
1
2
3
4
6
1
2
4
5
2
7
4
4
2
1
2
2
3
6
4
2
0
4
1
1
3
2
1
3
4
1
3
2
3
7
9
15
2
5
3
3
1
1
4
5
2
3
2
5
1
3
3
7
2
1
2
2
1
6
4
2
1
2
3
3
5
9
3
4
94
120
99
62
101
108
165
61
100
117
99
116
76
121
89
2
3
1
1
6
4
3
5
2
1
9
15
1
3
3
3
3
5
2
3
6
2
4
1
2
6
1
3
1
5
3
4
3
2
1
2
1
1
2
11
1
3
2
1
3
4
2
3
3
3
2
1
1
2
2
1
1
3
3
1
1
2
5
10
1
2
2
3
4
10
2
2
2
2
5
5
2
8
3
2
1
2
3
6
1
2
7
2
0
2
2
4
2
1
2
4
7
3
13
4
1
4
2
2
2
3
5
8
2
2
2
9
1
2
2
2
2
4
7
7
163
191
271
296
147
188
159
152
150
209
177
145
269
147
137
1
4
1
2
2
2
4
1
1
2
2
1
5
9
2
8
6
14
1
2
1
1
1
1
2
2
0
1
1
0
1
4
1
1
2
3
0
0
1
1
3
1
1
0
1
1
1
2
3
4
1
1
3
2
0
2
1
1
0
1
1
1
0
0
2
0
3
1
1
1
1
2
1
2
1
0
0
0
1
2
1
1
2
1
1
4
3
1
4
1
2
1
2
3
2
3
2
3
3
1
1
2
1
1
2
1
3
0
1
0
4
0
4
1
2
1
3
2
1
157
140
138
183
184
105
130
251
169
169
117
157
132
151
197
2
2
1
6
1
9
7
3
3
4
1
14
11
1
8
5
2
4
2
2
2
1
2
2
4
5
0
1
2
8
1
2
1
4
2
2
1
2
12
3
3
3
1
6
5
4
2
3
10
2
2
3
3
4
2
2
2
3
3
4
2
5
2
1
10
7
1
2
1
5
5
2
1
1
2
3
3
4
2
1
2
2
2
1
2
4
0
2
2
4
0
2
1
3
6
11
7
2
3
2
6
4
2
3
2
3
2
3
1
3
1
7
3
6
3
2
2
3
224
154
113
118
188
135
111
100
168
160
139
130
116
118
108
1
2
1
6
5
4
1
5
5
2
6
6
3
4
4
3
4
5
1
2
2
7
5
3
2
1
1
0
2
1
2
1
1
1
1
0
0
2
1
3
3
2
1
1
1
1
3
1
2
1
4
1
3
2
3
3
1
0
2
2
3
4
2
1
1
1
1
3
1
3
2
2
1
0
0
2
2
3
4
4
7
1
1
5
2
0
9
3
3
2
1
7
3
1
1
3
3
3
1
1
1
2
4
3
2
0
0
1
3
3
2
3
7
0
2
4
2
212
194
212
304
248
194
259
209
253
265
209
218
205
260
238
2
2
3
1
1
1
0
2
3
8
1
1
2
4
1
3
3
1
3
1
1
1
2
1
3
1
1
1
1
1
1
1
1
2
1
1
1
3
3
2
0
1
1
1
1
2
2
1
0
5
1
4
0
0
2
5
1
0
3
0
2
1
2
1
2
2
1
2
1
4
1
1
1
1
2
2
1
3
1
1
1
1
1
4
1
3
1
2
0
1
3
1
2
1
1
1
1
2
2
2
1
1
4
1
1
2
1
4
1
2
4
3
1
1
3
2
237
233
190
230
238
241
229
220
263
216
218
259
186
220
225
3
1
2
3
1
1
1
2
4
4
2
7
7
6
2
2
4
3
5
1
3
5
2
0
3
1
16
3
1
1
5
1
1
2
3
3
3
2
6
4
4
2
3
5
2
2
1
2
3
2
2
2
8
2
1
1
2
2
0
1
2
2
2
2
2
3
4
3
2
0
1
1
4
3
1
6
6
3
2
2
2
3
1
0
4
3
2
0
1
1
7
3
1
1
4
1
4
5
1
3
4
2
3
13
1
2
2
1
2
3
2
1
2
1
2
94
329
192
274
186
98
115
103
97
198
248
180
172
151
268
2
2
2
1
5
5
2
8
2
1
2
7
3
2
1
3
1
2
0
2
3
3
1
4
1
1
2
3
3
4
1
5
2
2
3
1
0
2
7
7
13
6
2
1
4
2
2
3
1
7
2
1
1
1
0
1
4
8
1
1
1
1
4
8
2
2
2
0
2
1
4
2
2
3
1
1
0
1
1
2
6
2
1
4
2
2
1
5
2
2
0
1
2
4
2
2
2
4
1
3
1
3
2
3
4
4
1
1
1
2
5
4
2
5
26
74
60
85
67
43
22
26
20
51
86
77
57
71
98
8
3
5
2
4
19
4
8
11
15
10
3
4
6
9
5
7
7
12
2
1
0
4
2
1
5
1
1
2
2
3
2
4
2
1
2
3
1
2
1
1
2
3
4
3
2
3
2
1
3
9
3
2
1
3
2
2
3
1
1
2
1
1
3
0
1
2
0
2
0
1
5
1
4
3
1
3
3
2
4
2
4
3
4
6
4
2
2
1
9
2
1
2
3
5
4
5
5
3
0
6
1
1
1
10
2
3
4
2
3
3
3
2
100
81
24
37
48
82
30
79
82
31
81
81
13
12
173
14
2
7
4
5
19
19
10
11
6
7
7
14
1
8
5
2
8
9
3
1
3
0
2
6
3
4
3
3
4
1
2
3
5
2
4
5
2
2
2
1
5
4
5
6
6
2
3
5
7
13
4
2
3
1
2
2
1
2
3
2
8
1
2
1
1
3
2
0
2
1
3
9
5
6
4
2
3
2
7
2
4
5
8
1
7
5
2
5
3
3
12
2
4
1
2
10
5
2
2
0
4
2
5
2
3
3
4
3
3
5
5
138
121
83
61
112
135
100
102
120
86
78
112
117
141
120
3
3
3
4
10
9
1
4
4
5
4
7
2
3
8
9
5
5
3
3
2
3
4
2
3
2
6
2
3
2
4
2
2
3
2
2
1
1
3
5
5
1
7
0
6
5
3
3
4
4
3
2
3
4
1
3
6
1
4
4
2
2
4
3
6
2
6
1
2
2
4
7
6
6
6
3
3
4
2
2
4
12
5
1
1
3
2
5
6
5
13
2
3
5
9
2
4
3
6
1
2
1
2
3
2
14
9
2
1
3
4
52
100
113
92
74
82
115
62
114
116
107
84
122
107
81
16
8
10
4
5
2
6
10
2
1
4
4
5
3
3
5
1
1
7
6
1
1
1
2
3
6
2
3
3
1
2
3
1
1
5
2
7
3
3
4
2
1
5
2
2
3
3
4
3
1
2
3
4
2
3
1
1
2
3
1
4
1
1
2
1
1
1
1
1
0
2
1
2
2
8
5
5
1
3
1
5
2
9
7
10
6
2
2
7
1
4
4
1
2
1
0
4
11
7
0
1
2
3
1
2
3
4
5
8
2
136
54
84
62
101
78
103
49
117
69
24
70
34
165
43
9
5
9
14
26
11
27
2
4
6
6
8
4
1
2
2
1
4
5
6
1
2
3
2
3
2
1
2
2
2
3
2
3
5
2
1
4
1
6
5
1
3
1
2
2
2
3
2
1
10
8
3
5
1
3
1
2
5
2
1
3
1
1
3
2
1
1
1
1
10
1
6
6
4
5
15
2
2
10
1
6
5
2
2
4
1
2
2
3
3
3
4
1
3
1
2
3
2
2
3
2
1
1
2
4
7
5
1
4
141
18
113
101
109
10
128
83
133
77
26
6
89
121
75
6
4
5
13
2
5
2
9
11
6
3
3
3
4
4
1
1
3
5
1
2
2
1
5
2
4
1
3
2
3
1
2
2
3
3
0
3
3
2
3
6
4
6
3
5
10
3
1
2
2
5
18
4
3
3
1
5
3
1
1
2
1
2
2
3
1
3
2
4
9
6
2
1
5
9
10
1
4
6
5
1
7
3
6
4
2
3
3
3
2
8
1
1
4
1
1
2
1
2
3
1
2
3
1
3
5
3
2
85
27
44
76
73
114
83
208
139
29
141
97
93
102
165
4
10
3
15
12
4
8
1
5
2
11
4
4
1
2
1
3
1
1
5
1
2
6
2
2
4
2
6
1
0
2
2
1
1
1
6
6
3
1
1
3
6
2
5
6
2
2
3
7
1
10
2
0
1
1
2
3
2
2
1
1
1
6
0
1
1
3
5
4
1
1
6
1
1
4
6
1
4
2
1
4
7
4
9
1
1
2
1
1
3
3
1
2
0
4
1
2
0
1
7
2
2
0
1
3
3
2
99
112
107
112
76
52
78
76
29
91
115
69
95
48
83
17
14
18
20
4
9
10
9
7
7
2
9
3
6
4
5
3
4
10
8
16
16
2
4
3
6
7
8
3
6
2
7
17
4
3
27
8
21
4
8
3
4
3
9
10
7
1
8
2
6
8
2
4
4
1
5
9
9
3
5
1
7
3
1
3
2
4
11
7
4
3
3
5
5
5
9
6
13
2
3
12
12
5
10
7
13
5
7
2
8
2
6
6
14
1
3
0
5
13
18
7
8
5
7
5
7
147
127
105
188
111
194
150
146
134
144
141
135
117
113
112
5
16
9
5
10
5
4
6
7
5
8
4
3
3
1
2
4
7
7
4
9
4
1
1
5
12
4
6
8
5
13
3
1
3
11
3
8
4
8
6
7
5
7
7
3
1
7
0
4
3
1
7
5
5
2
5
1
4
2
2
5
3
1
1
1
3
5
4
7
1
5
6
4
5
7
8
10
4
5
3
6
10
8
5
9
4
3
5
4
6
2
2
5
2
2
4
3
6
3
11
9
2
3
2
5
220
210
225
21
97
212
231
19
88
245
15
94
19
98
18
12
12
2
4
6
5
6
2
2
6
0
2
5
4
1
1
2
3
7
9
3
0
2
6
8
2
1
3
4
1
4
1
2
2
1
2
14
3
3
2
9
3
4
0
3
6
1
1
2
0
1
0
2
4
4
2
0
1
1
1
2
2
1
0
4
1
5
1
6
2
4
3
7
2
2
6
2
3
10
0
5
1
2
10
11
3
1
3
2
2
15
2
1
2
1
2
5
4
2
2
5
3
4
1
53
55
24
46
15
87
121
115
103
83
98
79
128
94
92
18
7
13
8
2
5
20
4
5
5
3
3
10
6
9
5
5
1
8
4
4
2
6
2
7
4
4
6
7
4
6
9
5
9
10
2
6
5
4
9
5
1
3
3
10
7
1
4
2
4
1
3
2
3
5
7
8
4
7
1
4
3
3
14
8
2
6
3
7
14
4
4
18
6
7
3
6
3
7
8
3
6
14
5
14
7
9
4
2
2
10
3
6
8
2
3
8
8
10
7
4
4
11
48
93
114
88
74
68
35
124
59
122
74
119
62
103
56
3
17
10
7
4
13
2
10
5
3
8
5
2
6
3
8
3
7
4
7
2
4
2
3
5
8
9
5
9
5
3
13
4
4
6
6
11
5
2
9
4
2
2
17
6
5
6
4
3
5
2
4
5
2
2
5
2
4
3
3
1
7
4
5
1
7
4
9
4
8
5
2
2
11
1
11
11
8
4
6
4
11
8
13
8
14
1
3
2
9
1
5
2
4
10
10
7
20
8
6
4
7
173
57
205
224
171
93
179
193
222
75
76
120
241
188
188
3
4
0
2
3
6
5
1
3
3
1
0
1
3
3
1
1
1
2
0
1
5
2
2
3
3
2
4
0
2
16
1
2
1
1
2
2
1
5
2
2
0
1
1
1
6
2
1
1
2
1
2
1
2
1
1
3
1
1
1
0
4
4
5
1
1
4
11
3
4
4
2
6
1
0
3
3
8
3
2
3
1
5
2
1
3
4
4
2
1
3
1
2
5
2
4
3
1
2
5
3
14
8
30
33
17
76
63
30
57
58
46
62
112
98
76
5
2
8
7
2
7
1
2
3
2
1
3
1
3
2
7
3
1
1
3
4
2
2
2
1
3
5
4
3
9
2
3
2
3
1
2
4
3
3
5
1
4
2
2
6
2
1
3
2
2
4
2
1
1
2
1
2
2
3
3
5
2
5
3
3
3
6
4
1
4
2
5
0
2
1
4
3
2
4
3
3
4
5
3
5
3
5
8
1
2
1
4
2
3
3
4
4
2
2
7
33
7
6
13
13
10
14
15
27
158
18
88
24
82
48
4
3
2
3
5
2
2
1
7
0
0
3
3
5
10
2
3
4
2
4
4
1
1
2
3
5
3
4
4
2
3
3
5
3
1
4
5
6
1
2
5
1
1
3
4
1
1
2
1
2
2
5
4
3
1
1
2
3
1
3
8
2
3
4
1
7
1
2
4
4
5
7
2
3
6
4
4
5
4
2
3
4
3
3
1
2
8
1
3
2
2
8
5
2
5
6
2
2
3
148
144
136
136
40
138
127
157
49
291
230
104
214
99
92
1
3
1
2
0
0
2
6
4
1
3
3
2
4
6
2
1
1
0
1
1
1
1
0
2
1
1
3
3
1
7
0
7
7
3
2
2
7
5
2
1
2
2
1
2
1
1
1
1
0
1
1
1
2
0
1
1
0
1
0
1
4
10
3
5
1
2
4
0
3
2
2
1
2
2
1
2
1
1
3
2
2
1
1
3
3
2
2
2
2
2
1
0
2
2
2
3
2
39
79
19
11
3
89
121
6
92
25
14
2
8
173
4
3
2
4
1
1
1
6
5
2
4
3
2
5
6
2
4
2
0
1
1
2
3
2
2
2
1
4
2
1
2
5
5
1
1
2
1
2
1
3
4
2
1
2
2
4
2
1
3
1
1
2
2
2
2
1
4
4
1
4
1
3
2
3
10
6
1
4
1
4
2
5
2
2
2
4
1
3
1
1
6
3
1
2
2
2
1
3
1
4
0
1
1
2
2
2
3
2
106
172
75
105
99
93
101
93
63
39
94
88
56
53
45
3
3
0
1
2
2
1
7
2
3
1
4
2
3
0
1
6
2
2
4
2
9
2
3
4
2
1
2
3
4
5
2
2
4
2
9
2
1
3
0
2
1
3
5
0
3
1
2
2
2
0
1
1
2
3
0
10
1
1
3
3
4
5
2
2
6
6
3
2
2
3
3
4
2
1
5
9
3
11
6
1
1
1
5
1
1
5
3
2
8
4
2
1
1
3
9
397
290
311
305
321
321
6
5
3
0
2
0
2
2
2
2
1
4
1
2
2
1
1
0
4
1
4
0
1
1
8
5
2
1
6
0
1
1
7
7
1
1
1
3
1
4
1
2
2
1
1
2
1
3
1
1
3
0
1
1
0
8
9
3
1
1
2
0
3
1
4
2
7
1
1
0
1
6
2
4
2
2
1
2
1
3
3
2
2
0
0
1
1
2
2
2
4
0
1
1
1
180
115
216
164
165
121
6
8
1
1
1
1
5
2
3
3
2
2
1
3
7
2
2
4
3
2
1
4
4
10
4
1
0
3
4
0
5
3
9
5
3
5
2
1
2
1
2
3
2
2
3
4
3
2
2
2
0
2
1
2
8
8
5
5
4
2
1
5
4
5
4
5
1
4
3
3
8
9
5
5
1
3
5
3
4
3
6
15
3
3
1
3
4
5
3
5
4
3
3
2
244
221
192
179
203
185
1
1
1
0
2
1
2
2
4
1
2
1
1
8
2
6
2
0
2
1
1
2
3
4
1
1
2
1
1
1
1
9
6
1
2
8
4
8
1
1
7
1
1
4
3
3
2
4
5
3
1
2
2
5
3
9
6
1
0
3
1
2
5
8
3
2
2
1
2
0
3
1
7
0
1
3
5
3
4
3
4
1
2
0
3
1
1
3
4
1
3
1
3
269
219
275
203
221
225
0
3
1
4
2
1
2
1
1
3
0
2
2
4
2
2
1
2
1
0
2
2
7
3
1
1
3
3
1
1
1
3
0
2
1
1
4
6
1
3
1
1
2
2
1
1
1
3
0
2
0
2
2
3
3
2
1
4
4
1
1
5
1
7
1
1
1
3
1
7
4
2
1
3
1
1
1
2
2
2
1
1
1
4
2
6
5
6
0
1
2
1
303
309
302
363
385
400
2
2
4
2
1
1
3
3
1
1
2
1
1
0
0
1
13
2
1
0
2
2
1
2
2
5
3
2
1
1
1
3
2
2
1
1
1
2
1
1
5
1
1
1
0
1
2
2
1
1
1
1
1
1
1
3
1
3
1
0
3
1
0
5
1
6
4
1
0
1
1
0
5
2
3
0
1
1
1
0
1
0
4
4
1
1
4
6
6
2
3
272
224
352
182
281
204
3
1
4
2
2
3
1
2
1
8
0
1
1
0
1
2
2
2
1
2
2
2
1
2
5
2
2
10
0
2
4
3
4
3
0
2
1
2
2
2
0
0
1
1
1
1
3
1
0
1
2
0
1
5
4
5
6
3
4
3
4
3
1
1
2
2
4
1
2
1
2
3
7
2
1
2
0
2
4
2
2
2
0
1
3
2
5
2
6
4
193
235
219
220
254
225
1
0
1
0
2
3
1
4
2
0
1
0
1
5
2
2
1
1
2
2
0
2
0
3
4
0
1
2
2
12
1
4
3
1
1
1
0
3
3
2
1
1
2
1
0
4
1
2
1
1
0
1
3
3
10
7
1
1
1
1
0
0
2
11
1
3
0
2
4
0
5
2
2
1
2
1
1
5
4
3
2
1
1
0
3
4
12
8
2
139
226
165
193
240
229
2
2
2
2
2
5
1
2
2
2
4
1
3
4
9
3
1
2
2
2
1
8
2
7
1
2
4
3
1
1
2
2
2
3
2
1
2
2
3
4
0
3
1
1
2
4
1
1
5
3
1
2
3
1
1
3
0
1
2
2
1
1
8
4
2
7
8
4
3
4
2
6
2
3
5
2
3
1
1
1
5
1
7
1
1
1
3
11
119
112
105
150
191
136
4
2
1
10
3
0
2
6
3
1
1
2
10
2
2
3
3
1
1
7
5
4
4
5
1
2
3
1
2
2
1
9
3
1
1
1
1
2
2
2
2
1
1
0
1
1
1
2
2
4
4
1
2
4
1
5
4
4
3
4
1
1
1
3
5
4
2
4
3
2
0
4
1
3
2
3
1
1
0
4
6
2
3
1
3
2
3
157
151
89
155
77
110
13
6
3
1
4
2
6
2
3
5
3
4
6
3
2
10
4
3
1
3
2
2
2
3
2
5
1
1
3
2
7
3
9
9
0
2
3
4
2
7
5
1
0
1
2
2
1
7
6
8
1
1
4
3
1
6
3
3
1
2
4
4
2
5
15
9
1
5
3
2
1
2
2
11
0
2
1
3
4
8
12
10
0
3
2
1
126
62
94
116
110
100
10
1
3
2
3
3
3
9
5
1
4
3
10
1
2
1
2
0
2
0
1
1
6
1
0
1
5
2
10
2
2
4
7
0
2
4
4
1
5
11
4
1
2
3
1
1
2
2
1
1
2
2
4
1
2
5
3
0
1
3
2
3
9
9
3
1
4
3
1
1
3
6
5
1
5
2
2
2
6
5
4
0
6
1
2
110
119
83
104
78
101
5
7
6
8
1
9
8
5
1
4
3
25
2
3
1
4
3
2
4
0
3
3
1
1
2
6
4
4
4
4
8
7
2
4
13
7
2
6
7
4
1
3
4
2
4
4
2
3
4
4
6
3
1
5
4
5
3
2
3
2
5
14
3
5
2
4
3
3
6
5
3
9
3
6
3
2
4
8
11
4
1
8
6
1
64
32
64
177
117
125
3
4
3
1
3
1
1
6
1
3
3
1
1
0
1
4
3
8
4
3
2
1
1
7
3
2
8
1
0
3
1
4
1
1
1
1
1
4
1
2
1
3
1
2
0
2
4
1
2
7
2
0
2
5
2
5
2
4
3
1
2
5
3
2
2
1
3
1
3
3
3
1
1
5
3
1
2
2
3
9
2
1
2
115
95
90
183
136
179
8
8
2
2
4
4
4
9
7
2
2
3
1
4
2
8
1
3
2
1
3
1
1
4
1
3
3
1
2
2
4
5
4
7
1
1
1
0
2
3
5
12
2
3
2
2
1
7
3
1
2
3
2
5
1
10
14
2
3
4
1
3
2
8
13
5
2
2
1
7
5
3
0
1
3
3
2
2
3
6
3
7
113
146
154
116
136
169
6
2
1
9
1
3
2
3
7
0
2
1
1
1
1
1
1
1
1
3
3
1
2
8
4
0
1
3
1
1
1
3
5
0
2
2
1
3
1
4
2
0
1
2
2
2
2
6
0
1
1
3
2
1
0
9
1
2
0
2
2
1
2
4
13
1
1
1
8
11
7
1
5
1
0
3
1
2
2
3
4
92
122
84
83
74
106
3
6
2
1
2
4
5
4
2
2
1
2
0
2
2
2
2
3
1
2
2
5
5
8
0
3
1
5
3
5
2
2
1
8
3
1
5
3
4
7
4
7
3
5
2
3
4
4
1
3
3
3
0
5
2
12
1
3
2
2
1
7
6
3
1
5
5
6
9
5
2
8
0
3
4
2
1
10
3
1
21
4
14
150
114
149
2
1
4
1
1
7
4
1
21
4
3
0
3
6
1
1
4
5
2
1
1
2
1
1
3
2
1
0
2
1
1
1
1
4
1
0
1
1
0
2
5
4
2
1
1
2
2
2
4
2
3
0
1
2
1
2
5
2
5
2
4
2
2
4
4
2
4
1
1
2
2
9
4
1
2
0
1
1
0
185
133
176
153
209
187
7
5
2
16
1
3
0
4
1
9
1
3
1
1
2
1
2
1
0
3
2
3
2
5
3
12
1
1
1
4
1
3
2
1
1
1
2
1
5
2
0
5
2
1
1
1
2
3
3
2
2
4
2
2
10
8
7
3
1
1
2
3
4
2
4
7
2
1
1
4
6
10
14
6
2
2
1
4
148
139
115
141
151
138
13
1
2
9
1
1
2
3
3
0
0
2
0
0
2
2
6
1
2
1
4
1
2
3
12
1
3
3
14
1
9
7
4
0
2
2
4
1
5
16
6
0
1
2
4
0
3
5
8
0
1
3
1
1
15
5
5
1
1
3
2
12
6
3
7
0
2
3
2
6
16
12
3
1
0
2
1
79
107
96
84
68
114
1
1
6
12
2
6
2
2
1
4
0
2
1
3
6
12
1
1
2
12
2
4
4
3
0
3
3
2
1
3
4
10
0
2
2
4
1
5
11
4
1
1
2
2
0
4
7
13
1
2
2
2
2
2
4
6
0
3
3
1
2
5
5
5
2
5
3
6
2
1
5
10
1
1
4
1
127
93
109
119
117
89
5
4
6
1
2
3
3
1
24
4
5
4
1
2
0
2
1
3
1
1
2
3
2
1
4
1
1
1
2
1
1
2
3
1
1
5
1
2
3
3
2
2
3
2
1
2
2
1
1
3
3
3
2
1
8
2
8
6
4
1
1
1
1
1
1
1
2
3
3
3
4
2
3
3
3
151
132
115
132
114
156
15
3
1
2
3
1
1
5
4
9
1
3
4
1
1
3
2
1
0
2
1
2
2
6
4
6
1
3
1
1
2
2
6
2
1
1
2
1
3
4
2
4
1
5
4
4
0
6
9
2
2
12
5
2
2
15
3
6
1
6
2
2
2
4
4
1
2
4
7
3
8
8
2
8
111
122
98
131
159
137
11
0
5
1
2
0
7
4
7
2
3
2
2
3
2
3
8
2
1
3
3
2
3
3
12
1
9
4
2
3
9
1
5
1
3
2
3
1
1
3
3
0
3
1
2
0
3
3
2
4
23
8
3
4
4
6
14
1
3
3
5
1
3
2
6
1
8
3
4
2
2
3
23
107
142
128
110
99
124
2
1
1
3
1
2
1
1
5
3
2
0
4
2
1
2
1
1
9
2
2
1
5
13
3
0
2
1
2
4
4
2
3
1
3
1
2
4
1
3
1
2
3
1
1
2
3
1
12
2
4
1
1
4
4
11
4
1
4
6
3
4
2
2
5
3
5
1
5
7
2
17
239
325
204
255
160
189
5
1
2
0
1
1
1
3
2
3
3
1
1
3
2
3
1
0
1
1
1
1
1
1
1
1
4
1
1
1
2
5
4
2
3
1
1
3
3
6
7
1
2
1
3
2
2
2
1
1
2
1
1
0
2
4
2
2
4
1
1
1
1
2
1
1
2
1
2
2
1
130
164
199
128
164
137
5
17
1
3
2
4
4
8
0
3
1
1
5
7
4
1
5
3
1
2
4
3
4
10
1
3
1
1
2
2
4
6
6
6
2
6
2
1
1
6
2
3
0
4
2
4
7
5
5
3
2
7
3
3
20
3
4
3
2
1
0
1
13
7
5
14
2
2
4
5
218
264
255
235
297
294
3
3
4
3
2
4
1
1
5
1
4
4
3
2
2
2
1
2
2
3
1
1
2
3
2
0
1
1
0
1
5
2
9
2
3
4
5
1
3
2
5
0
3
2
2
3
4
5
4
1
0
1
1
3
3
4
6
1
0
2
2
4
4
5
8
3
3
2
2
193
255
311
195
222
283
1
1
1
3
2
2
2
2
2
3
1
3
3
2
1
4
2
4
1
2
3
7
2
1
1
4
2
1
5
3
2
3
4
3
2
2
2
2
2
3
4
1
2
2
3
12
2
4
4
2
3
3
1
1
2
5
2
1
1
1
1
3
6
3
8
2
4
3
244
294
286
206
319
232
1
4
3
1
2
2
1
2
2
1
3
0
1
1
1
3
1
1
2
4
0
1
0
2
0
3
1
1
1
1
0
2
3
2
2
3
1
2
2
1
1
2
1
2
1
3
1
1
2
2
3
1
1
3
3
2
1
2
5
1
1
1
1
1
1
2
2
302
169
301
174
289
171
1
2
3
2
5
2
1
4
3
2
1
2
2
3
2
5
2
5
2
2
1
1
2
3
0
1
3
2
1
2
2
1
3
2
4
4
2
2
4
3
13
3
4
3
5
6
4
1
5
4
2
2
2
3
2
4
0
1
1
4
5
2
3
8
1
5
169
184
109
128
169
98
4
1
7
2
3
3
1
1
1
0
3
2
2
4
2
1
1
1
2
1
2
1
1
0
1
1
1
1
4
5
1
9
3
1
0
2
4
5
1
5
2
3
1
5
5
2
4
9
5
0
2
3
2
2
2
0
2
0
2
3
1
3
2
3
3
108
151
225
152
92
132
1
2
2
2
3
2
5
5
1
0
1
1
3
1
2
2
1
0
4
2
4
1
3
0
1
3
1
1
2
1
3
2
0
3
4
2
3
2
6
2
2
1
1
1
2
6
2
4
1
1
2
1
1
2
2
2
0
2
1
1
4
2
2
2
90
151
264
117
98
156
2
2
5
0
3
1
3
1
2
1
2
3
1
1
0
2
1
0
1
1
1
2
0
3
2
3
3
1
2
2
1
7
2
2
5
1
1
0
1
1
2
1
1
0
2
2
1
0
2
1
2
0
1
0
2
12
3
1
2
3
3
1
2
118
171
107
135
141
130
11
2
1
1
5
1
2
0
1
2
2
3
2
3
1
1
3
1
0
3
2
0
5
9
4
3
0
2
4
3
2
2
2
2
2
2
3
3
1
6
3
2
1
2
4
1
2
1
3
8
1
2
3
2
2
5
3
1
1
1
3
4
191
150
176
131
236
122
7
1
1
1
5
5
3
1
2
1
3
1
8
4
1
1
1
1
2
1
2
2
1
2
7
1
3
2
8
1
4
4
5
1
0
1
1
1
0
5
5
3
1
1
1
3
3
4
5
1
1
1
1
3
1
2
9
0
2
3
1
101
142
126
132
168
150
1
2
4
4
7
1
1
1
1
1
0
2
5
6
1
3
1
1
0
1
1
4
2
4
1
0
1
4
3
7
3
4
2
1
2
1
5
2
1
5
2
2
1
2
10
1
1
3
2
1
1
1
3
3
1
6
4
1
2
3
196
216
173
303
158
165
1
4
6
1
6
1
1
6
1
1
2
0
1
2
1
2
1
2
1
2
1
3
0
5
1
5
1
0
1
2
1
0
1
4
1
1
1
2
3
2
2
2
2
0
0
2
2
3
1
1
1
2
1
2
1
1
1
1
4
100
128
109
196
184
241
10
2
3
1
2
1
3
2
2
1
1
1
2
2
3
1
2
1
3
2
4
1
5
2
5
4
2
2
2
2
1
2
2
3
3
2
4
2
1
3
3
2
2
1
2
3
3
3
2
2
1
2
2
2
2
3
3
2
134
137
95
113
100
74
4
4
2
6
5
3
3
2
3
1
4
2
2
1
2
3
3
5
7
6
4
3
2
3
13
1
4
4
1
1
4
2
1
2
0
2
4
1
2
1
6
1
4
3
4
3
1
1
2
0
5
2
1
3
2
3
1
154
141
132
176
154
155
2
11
4
7
3
2
3
5
1
5
3
8
1
3
2
4
1
7
3
5
1
9
4
5
1
6
2
1
1
3
3
5
3
4
6
6
0
3
6
19
1
9
1
5
1
5
4
6
1
4
5
5
3
2
2
7
228
241
281
185
213
285
1
2
1
3
1
1
1
1
7
2
3
1
1
1
1
6
5
5
4
2
1
2
1
3
3
4
2
0
5
1
2
1
1
4
1
1
1
1
3
3
2
3
5
0
1
1
2
2
3
4
2
0
2
1
6
254
215
149
228
194
140
9
7
0
3
2
1
4
2
1
3
1
1
1
3
1
2
4
3
0
1
2
1
1
2
1
2
0
0
1
3
1
4
3
5
1
3
4
2
3
3
2
3
0
1
1
2
1
7
6
2
1
2
2
1
271
313
361
224
259
302
6
1
1
11
5
1
3
6
3
1
1
1
1
1
3
4
1
0
2
2
1
1
3
2
2
0
1
3
1
3
6
4
6
1
2
2
2
1
4
2
2
2
2
1
5
2
7
11
9
0
1
4
2
274
255
245
254
207
176
1
1
2
4
1
6
7
3
2
5
3
4
1
2
5
2
1
3
1
4
1
2
2
1
0
1
2
1
4
13
5
5
1
2
2
2
7
3
3
9
0
2
2
4
1
10
6
5
1
2
1
2
286
332
334
276
314
333
1
2
1
3
1
2
1
3
1
1
0
3
2
3
0
4
2
3
4
1
1
1
2
1
2
5
4
2
0
1
1
1
1
3
3
1
1
2
3
1
2
2
2
1
3
3
1
3
3
4
2
214
196
168
214
146
129
2
5
1
1
2
2
1
3
1
2
1
3
2
1
1
4
4
7
1
3
1
1
2
2
11
2
2
2
1
3
2
6
4
3
2
2
2
4
4
4
1
3
1
2
1
1
3
5
4
9
253
213
351
237
260
228
15
1
3
4
4
1
3
9
1
3
2
3
1
1
3
3
2
3
3
4
3
2
2
11
3
2
6
4
2
1
2
3
3
3
4
4
7
1
5
1
1
1
2
2
4
1
5
1
5
212
157
238
134
273
143
2
6
7
1
3
10
7
4
2
1
2
1
2
1
4
2
1
1
2
2
0
1
2
3
3
1
2
2
1
4
4
7
2
2
4
3
2
2
2
6
2
2
6
3
0
2
3
9
99
111
101
184
102
109
5
1
3
1
3
2
1
2
6
4
3
2
0
1
2
1
1
3
5
0
4
1
3
3
2
1
1
1
1
0
1
6
5
2
3
0
1
1
3
1
2
1
2
1
1
2
3
110
125
83
122
99
96
8
5
1
3
3
6
2
2
4
3
1
1
2
4
0
3
3
3
0
0
1
2
2
3
6
5
2
1
2
2
1
9
1
5
0
2
4
6
1
3
2
12
3
1
1
5
145
76
95
80
103
81
5
0
2
6
2
1
3
12
1
1
2
2
1
1
2
4
4
0
2
3
1
1
5
6
1
0
1
2
1
3
5
25
10
1
3
2
4
0
7
8
2
1
1
1
2
105
113
126
117
118
134
3
7
9
9
2
2
6
1
1
1
4
4
3
1
3
1
0
1
3
2
5
1
2
5
1
1
2
4
2
3
4
13
4
2
8
7
1
1
6
11
2
2
2
2
81
109
144
136
107
128
4
2
3
1
0
1
1
3
3
4
1
0
1
0
1
0
3
4
1
1
2
0
6
0
1
5
5
1
1
2
5
3
1
1
2
1
1
3
2
3
0
1
8
159
78
195
85
190
89
13
5
2
4
1
5
0
2
1
2
0
1
2
3
1
1
4
2
2
1
2
2
1
1
4
4
1
2
1
5
1
2
2
2
1
2
7
2
1
1
1
6
134
131
95
119
108
100
4
2
2
4
1
6
2
4
1
1
2
2
1
0
2
2
1
1
3
2
2
0
4
2
0
1
2
4
3
2
5
6
4
1
4
2
1
2
3
1
0
110
121
100
131
99
106
2
1
2
3
1
1
3
3
0
2
1
1
0
1
1
1
2
2
1
6
1
1
3
2
2
3
4
4
3
3
3
9
0
2
2
2
1
1
1
3
77
102
121
95
164
99
8
8
2
3
5
6
1
5
3
1
4
2
2
3
1
3
3
5
2
2
3
2
2
5
5
3
3
0
4
1
0
5
1
1
6
4
1
1
1
128
177
126
132
106
118
4
14
4
3
3
3
4
9
2
2
0
5
4
2
5
3
2
3
2
2
2
5
2
4
4
5
2
4
1
2
7
3
3
7
4
2
1
2
144
146
162
115
145
152
11
2
1
3
3
1
6
3
3
2
5
0
1
3
2
3
3
5
2
2
5
4
6
2
3
0
5
2
7
2
3
4
6
2
1
1
1
128
161
88
212
118
125
2
11
3
6
1
8
22
6
1
10
2
3
5
6
7
6
1
2
8
2
6
6
8
5
1
2
2
1
3
5
5
7
1
2
1
1
33
94
85
28
71
111
6
3
4
0
7
2
4
3
1
6
3
1
2
3
1
3
5
2
1
1
5
2
4
2
1
0
2
0
2
1
1
5
2
1
0
160
207
169
149
163
131
10
8
1
5
1
1
2
3
4
8
1
2
1
0
1
2
6
7
1
1
2
7
5
2
2
2
0
1
2
4
3
3
2
3
94
187
184
95
111
167
3
2
5
5
5
1
8
1
2
4
3
1
2
1
3
5
8
1
1
1
6
8
4
11
3
2
2
2
7
3
3
3
2
105
129
113
91
129
99
2
5
1
4
1
2
4
8
4
1
1
5
1
3
8
5
1
0
3
8
2
2
1
4
1
1
2
1
1
3
7
3
155
90
126
110
140
190
5
1
2
1
1
4
1
4
1
0
2
0
1
6
1
5
0
1
2
2
1
0
2
5
1
1
2
2
2
1
2
118
91
127
119
172
129
7
20
0
4
5
2
3
2
2
17
6
3
5
2
4
10
9
5
1
3
1
2
4
3
7
5
3
1
2
1
107
105
133
99
126
116
10
0
1
12
2
2
2
4
6
1
2
3
1
3
3
2
2
3
2
3
1
2
3
3
4
2
5
1
1
93
98
87
90
83
94
0
2
4
1
2
5
3
12
3
3
4
2
2
11
2
12
2
2
6
4
4
5
7
4
1
2
1
4
156
148
150
116
183
123
1
2
5
3
0
2
5
2
2
4
2
1
0
0
3
1
0
3
1
0
1
2
0
8
2
2
2
105
143
174
107
120
182
3
11
2
1
2
1
2
3
4
4
2
1
3
3
3
1
1
2
1
1
3
2
0
1
2
2
117
136
133
145
152
217
5
3
2
4
2
1
7
9
6
2
1
2
2
4
2
1
3
6
4
4
3
9
5
2
8
109
164
86
103
85
82
2
3
4
2
2
7
3
18
2
4
1
6
3
7
1
3
1
2
2
1
4
6
7
7
34
33
74
25
36
71
3
17
2
5
3
4
4
1
3
2
2
1
2
2
1
5
11
10
5
6
1
4
2
170
122
173
109
164
104
4
4
1
10
8
3
2
4
1
3
2
3
1
2
4
25
21
5
1
3
2
1
32
100
89
12
59
94
8
3
2
5
5
2
6
3
3
1
4
1
3
2
10
30
6
1
4
3
2
75
35
6
76
24
21
6
9
4
5
14
5
11
4
5
2
2
2
2
4
10
13
1
6
2
5
118
126
132
101
121
140
1
7
2
3
1
1
1
0
1
1
1
0
1
3
2
2
2
4
3
100
86
79
111
93
106
11
3
1
1
1
4
2
2
1
1
9
13
3
0
4
3
6
2
86
120
125
94
104
120
3
1
1
1
5
2
3
3
3
3
4
10
14
1
3
6
9
88
121
96
89
74
79
2
7
4
4
5
3
2
3
3
2
6
3
6
4
3
10
83
111
88
77
84
52
4
4
7
1
2
1
4
1
5
18
18
1
1
1
2
68
86
88
86
79
86
6
11
1
3
4
7
1
6
4
7
2
1
2
3
109
80
66
66
52
110
38
1
6
1
6
0
2
2
5
3
4
1
4
70
75
66
60
89
38
5
9
13
9
2
4
6
4
3
5
3
4
95
175
128
81
99
122
3
3
4
0
1
1
2
3
5
4
1
78
77
85
45
38
151
9
4
0
3
1
1
1
2
8
6
88
101
165
83
97
96
4
0
1
2
1
0
4
1
1
90
100
80
82
45
77
3
5
2
4
3
4
3
3
210
214
217
287
305
333
11
2
2
2
1
1
1
131
247
271
137
134
291
22
13
6
1
4
2
260
254
283
307
290
267
18
4
2
3
4
201
125
239
132
204
132
2
1
2
3
159
269
146
159
286
164
4
1
5
80
73
138
241
66
55
3
4
103
102
101
178
132
153
7
272
321
216
317
245
242
